p,Neg,Pos,mPrec,TN,FP,FN,TP,Prec,Rec,$\hat{p}$
0.0,1,0,0.00,1,"420,569",0,"78,926",0.16,1.00,1.00
0.01,0,0,nan,1,"420,569",0,"78,926",0.16,1.00,1.00
0.02,1,0,0.00,2,"420,568",0,"78,926",0.16,1.00,1.00
0.03,0,0,nan,2,"420,568",0,"78,926",0.16,1.00,1.00
0.04,1,0,0.00,3,"420,567",0,"78,926",0.16,1.00,1.00
0.05,2,1,0.33,5,"420,565",1,"78,925",0.16,1.00,1.00
0.06,6,0,0.00,11,"420,559",1,"78,925",0.16,1.00,1.00
0.07,15,0,0.00,26,"420,544",1,"78,925",0.16,1.00,1.00
0.08,23,0,0.00,49,"420,521",1,"78,925",0.16,1.00,1.00
0.09,51,1,0.02,100,"420,470",2,"78,924",0.16,1.00,1.00
0.1,74,0,0.00,174,"420,396",2,"78,924",0.16,1.00,1.00
0.11,118,3,0.02,292,"420,278",5,"78,921",0.16,1.00,1.00
0.12,156,3,0.02,448,"420,122",8,"78,918",0.16,1.00,1.00
0.13,230,3,0.01,678,"419,892",11,"78,915",0.16,1.00,1.00
0.14,328,7,0.02,"1,006","419,564",18,"78,908",0.16,1.00,1.00
0.15,521,17,0.03,"1,527","419,043",35,"78,891",0.16,1.00,1.00
0.16,804,28,0.03,"2,331","418,239",63,"78,863",0.16,1.00,1.00
0.17,"1,124",42,0.04,"3,455","417,115",105,"78,821",0.16,1.00,0.99
0.18,"1,422",49,0.03,"4,877","415,693",154,"78,772",0.16,1.00,0.99
0.19,"1,998",56,0.03,"6,875","413,695",210,"78,716",0.16,1.00,0.99
0.2,"2,689",96,0.03,"9,564","411,006",306,"78,620",0.16,1.00,0.98
0.21,"3,205",115,0.03,"12,769","407,801",421,"78,505",0.16,0.99,0.97
0.22,"3,971",174,0.04,"16,740","403,830",595,"78,331",0.16,0.99,0.97
0.23,"4,577",197,0.04,"21,317","399,253",792,"78,134",0.16,0.99,0.96
0.24,"5,337",228,0.04,"26,654","393,916","1,020","77,906",0.17,0.99,0.94
0.25,"5,878",301,0.05,"32,532","388,038","1,321","77,605",0.17,0.98,0.93
0.26,"6,397",354,0.05,"38,929","381,641","1,675","77,251",0.17,0.98,0.92
0.27,"7,295",361,0.05,"46,224","374,346","2,036","76,890",0.17,0.97,0.90
0.28,"7,493",460,0.06,"53,717","366,853","2,496","76,430",0.17,0.97,0.89
0.29,"7,888",513,0.06,"61,605","358,965","3,009","75,917",0.17,0.96,0.87
0.3,"8,753",565,0.06,"70,358","350,212","3,574","75,352",0.18,0.95,0.85
0.31,"9,752",660,0.06,"80,110","340,460","4,234","74,692",0.18,0.95,0.83
0.32,"10,129",813,0.07,"90,239","330,331","5,047","73,879",0.18,0.94,0.81
0.33,"10,768",910,0.08,"101,007","319,563","5,957","72,969",0.19,0.92,0.79
0.34,"11,174",951,0.08,"112,181","308,389","6,908","72,018",0.19,0.91,0.76
0.35,"12,031","1,112",0.08,"124,212","296,358","8,020","70,906",0.19,0.90,0.74
0.36,"12,732","1,269",0.09,"136,944","283,626","9,289","69,637",0.20,0.88,0.71
0.37,"13,287","1,502",0.10,"150,231","270,339","10,791","68,135",0.20,0.86,0.68
0.38,"14,071","1,474",0.09,"164,302","256,268","12,265","66,661",0.21,0.84,0.65
0.39,"14,589","1,738",0.11,"178,891","241,679","14,003","64,923",0.21,0.82,0.61
0.4,"14,949","1,877",0.11,"193,840","226,730","15,880","63,046",0.22,0.80,0.58
0.41,"14,994","2,116",0.12,"208,834","211,736","17,996","60,930",0.22,0.77,0.55
0.42,"15,320","2,282",0.13,"224,154","196,416","20,278","58,648",0.23,0.74,0.51
0.43,"15,258","2,386",0.14,"239,412","181,158","22,664","56,262",0.24,0.71,0.48
0.44,"15,212","2,440",0.14,"254,624","165,946","25,104","53,822",0.24,0.68,0.44
0.45,"14,289","2,489",0.15,"268,913","151,657","27,593","51,333",0.25,0.65,0.41
0.46,"13,960","2,588",0.16,"282,873","137,697","30,181","48,745",0.26,0.62,0.37
0.47,"13,390","2,734",0.17,"296,263","124,307","32,915","46,011",0.27,0.58,0.34
0.48,"12,557","2,721",0.18,"308,820","111,750","35,636","43,290",0.28,0.55,0.31
0.49,"11,863","2,713",0.19,"320,683","99,887","38,349","40,577",0.29,0.51,0.28
0.5,"11,050","2,657",0.19,"331,733","88,837","41,006","37,920",0.30,0.48,0.25
0.51,"10,013","2,523",0.20,"341,746","78,824","43,529","35,397",0.31,0.45,0.23
0.52,"9,120","2,490",0.21,"350,866","69,704","46,019","32,907",0.32,0.42,0.21
0.53,"8,117","2,374",0.23,"358,983","61,587","48,393","30,533",0.33,0.39,0.18
0.54,"7,429","2,273",0.23,"366,412","54,158","50,666","28,260",0.34,0.36,0.17
0.55,"6,570","2,137",0.25,"372,982","47,588","52,803","26,123",0.35,0.33,0.15
0.56,"5,924","2,031",0.26,"378,906","41,664","54,834","24,092",0.37,0.31,0.13
0.57,"5,202","1,870",0.26,"384,108","36,462","56,704","22,222",0.38,0.28,0.12
0.58,"4,450","1,737",0.28,"388,558","32,012","58,441","20,485",0.39,0.26,0.11
0.59,"3,818","1,645",0.30,"392,376","28,194","60,086","18,840",0.40,0.24,0.09
0.6,"3,242","1,512",0.32,"395,618","24,952","61,598","17,328",0.41,0.22,0.08
0.61,"2,878","1,333",0.32,"398,496","22,074","62,931","15,995",0.42,0.20,0.08
0.62,"2,583","1,344",0.34,"401,079","19,491","64,275","14,651",0.43,0.19,0.07
0.63,"2,289","1,146",0.33,"403,368","17,202","65,421","13,505",0.44,0.17,0.06
0.64,"1,968","1,096",0.36,"405,336","15,234","66,517","12,409",0.45,0.16,0.06
0.65,"1,701","1,043",0.38,"407,037","13,533","67,560","11,366",0.46,0.14,0.05
0.66,"1,568","1,007",0.39,"408,605","11,965","68,567","10,359",0.46,0.13,0.04
0.67,"1,484",935,0.39,"410,089","10,481","69,502","9,424",0.47,0.12,0.04
0.68,"1,257",920,0.42,"411,346","9,224","70,422","8,504",0.48,0.11,0.04
0.69,"1,168",826,0.41,"412,514","8,056","71,248","7,678",0.49,0.10,0.03
0.7,"1,111",769,0.41,"413,625","6,945","72,017","6,909",0.50,0.09,0.03
0.71,990,817,0.45,"414,615","5,955","72,834","6,092",0.51,0.08,0.02
0.72,833,757,0.48,"415,448","5,122","73,591","5,335",0.51,0.07,0.02
0.73,836,707,0.46,"416,284","4,286","74,298","4,628",0.52,0.06,0.02
0.74,683,647,0.49,"416,967","3,603","74,945","3,981",0.52,0.05,0.02
0.75,689,648,0.48,"417,656","2,914","75,593","3,333",0.53,0.04,0.01
0.76,572,590,0.51,"418,228","2,342","76,183","2,743",0.54,0.03,0.01
0.77,461,502,0.52,"418,689","1,881","76,685","2,241",0.54,0.03,0.01
0.78,397,430,0.52,"419,086","1,484","77,115","1,811",0.55,0.02,0.01
0.79,325,361,0.53,"419,411","1,159","77,476","1,450",0.56,0.02,0.01
0.8,267,312,0.54,"419,678",892,"77,788","1,138",0.56,0.01,0.00
0.81,247,277,0.53,"419,925",645,"78,065",861,0.57,0.01,0.00
0.82,152,218,0.59,"420,077",493,"78,283",643,0.57,0.01,0.00
0.83,149,149,0.50,"420,226",344,"78,432",494,0.59,0.01,0.00
0.84,110,143,0.57,"420,336",234,"78,575",351,0.60,0.00,0.00
0.85,78,104,0.57,"420,414",156,"78,679",247,0.61,0.00,0.00
0.86,42,74,0.64,"420,456",114,"78,753",173,0.60,0.00,0.00
0.87,34,49,0.59,"420,490",80,"78,802",124,0.61,0.00,0.00
0.88,26,40,0.61,"420,516",54,"78,842",84,0.61,0.00,0.00
0.89,12,30,0.71,"420,528",42,"78,872",54,0.56,0.00,0.00
0.9,16,16,0.50,"420,544",26,"78,888",38,0.59,0.00,0.00
0.91,16,18,0.53,"420,560",10,"78,906",20,0.67,0.00,0.00
0.92,4,6,0.60,"420,564",6,"78,912",14,0.70,0.00,0.00
0.93,4,7,0.64,"420,568",2,"78,919",7,0.78,0.00,0.00
0.94,1,4,0.80,"420,569",1,"78,923",3,0.75,0.00,0.00
0.95,1,2,0.67,"420,570",0,"78,925",1,1.00,0.00,0.00
0.96,0,0,nan,"420,570",0,"78,925",1,1.00,0.00,0.00
0.97,0,0,nan,"420,570",0,"78,925",1,1.00,0.00,0.00
0.98,0,0,nan,"420,570",0,"78,925",1,1.00,0.00,0.00
0.99,0,0,nan,"420,570",0,"78,925",1,1.00,0.00,0.00
1.0,0,1,1.00,"420,570",0,"78,926",0,nan,0.00,0.00
