p,Neg,Pos,mPrec,TN,FP,FN,TP,Prec,Rec,$\hat{p}$
0.0,"1,847",97,0.05,"1,847","178,398",97,"33,728",0.16,1.00,0.99
0.01,884,54,0.06,"2,731","177,514",151,"33,674",0.16,1.00,0.99
0.02,"1,068",54,0.05,"3,799","176,446",205,"33,620",0.16,0.99,0.98
0.03,955,47,0.05,"4,754","175,491",252,"33,573",0.16,0.99,0.98
0.04,"2,111",120,0.05,"6,865","173,380",372,"33,453",0.16,0.99,0.97
0.05,"2,331",152,0.06,"9,196","171,049",524,"33,301",0.16,0.98,0.95
0.06,"1,763",97,0.05,"10,959","169,286",621,"33,204",0.16,0.98,0.95
0.07,"2,439",160,0.06,"13,398","166,847",781,"33,044",0.17,0.98,0.93
0.08,"2,485",147,0.06,"15,883","164,362",928,"32,897",0.17,0.97,0.92
0.09,"2,269",154,0.06,"18,152","162,093","1,082","32,743",0.17,0.97,0.91
0.1,"2,534",163,0.06,"20,686","159,559","1,245","32,580",0.17,0.96,0.90
0.11,"2,390",166,0.06,"23,076","157,169","1,411","32,414",0.17,0.96,0.89
0.12,"1,830",121,0.06,"24,906","155,339","1,532","32,293",0.17,0.95,0.88
0.13,"1,994",139,0.07,"26,900","153,345","1,671","32,154",0.17,0.95,0.87
0.14,"1,619",120,0.07,"28,519","151,726","1,791","32,034",0.17,0.95,0.86
0.15,"1,303",92,0.07,"29,822","150,423","1,883","31,942",0.18,0.94,0.85
0.16,"1,413",117,0.08,"31,235","149,010","2,000","31,825",0.18,0.94,0.84
0.17,"1,206",92,0.07,"32,441","147,804","2,092","31,733",0.18,0.94,0.84
0.18,"1,017",79,0.07,"33,458","146,787","2,171","31,654",0.18,0.94,0.83
0.19,"1,131",100,0.08,"34,589","145,656","2,271","31,554",0.18,0.93,0.83
0.2,"1,096",120,0.10,"35,685","144,560","2,391","31,434",0.18,0.93,0.82
0.21,877,89,0.09,"36,562","143,683","2,480","31,345",0.18,0.93,0.82
0.22,969,85,0.08,"37,531","142,714","2,565","31,260",0.18,0.92,0.81
0.23,970,124,0.11,"38,501","141,744","2,689","31,136",0.18,0.92,0.81
0.24,"1,178",107,0.08,"39,679","140,566","2,796","31,029",0.18,0.92,0.80
0.25,"1,408",140,0.09,"41,087","139,158","2,936","30,889",0.18,0.91,0.79
0.26,"1,201",131,0.10,"42,288","137,957","3,067","30,758",0.18,0.91,0.79
0.27,"1,570",157,0.09,"43,858","136,387","3,224","30,601",0.18,0.90,0.78
0.28,"1,792",207,0.10,"45,650","134,595","3,431","30,394",0.18,0.90,0.77
0.29,"1,594",204,0.11,"47,244","133,001","3,635","30,190",0.18,0.89,0.76
0.3,"2,047",221,0.10,"49,291","130,954","3,856","29,969",0.19,0.89,0.75
0.31,"2,073",265,0.11,"51,364","128,881","4,121","29,704",0.19,0.88,0.74
0.32,"2,484",286,0.10,"53,848","126,397","4,407","29,418",0.19,0.87,0.73
0.33,"2,515",281,0.10,"56,363","123,882","4,688","29,137",0.19,0.86,0.71
0.34,"2,610",315,0.11,"58,973","121,272","5,003","28,822",0.19,0.85,0.70
0.35,"2,718",376,0.12,"61,691","118,554","5,379","28,446",0.19,0.84,0.69
0.36,"3,171",428,0.12,"64,862","115,383","5,807","28,018",0.20,0.83,0.67
0.37,"3,401",478,0.12,"68,263","111,982","6,285","27,540",0.20,0.81,0.65
0.38,"3,056",418,0.12,"71,319","108,926","6,703","27,122",0.20,0.80,0.64
0.39,"3,838",582,0.13,"75,157","105,088","7,285","26,540",0.20,0.78,0.61
0.4,"3,802",592,0.13,"78,959","101,286","7,877","25,948",0.20,0.77,0.59
0.41,"3,346",537,0.14,"82,305","97,940","8,414","25,411",0.21,0.75,0.58
0.42,"3,631",553,0.13,"85,936","94,309","8,967","24,858",0.21,0.73,0.56
0.43,"3,332",545,0.14,"89,268","90,977","9,512","24,313",0.21,0.72,0.54
0.44,"3,617",581,0.14,"92,885","87,360","10,093","23,732",0.21,0.70,0.52
0.45,"3,319",639,0.16,"96,204","84,041","10,732","23,093",0.22,0.68,0.50
0.46,"3,216",557,0.15,"99,420","80,825","11,289","22,536",0.22,0.67,0.48
0.47,"3,116",646,0.17,"102,536","77,709","11,935","21,890",0.22,0.65,0.47
0.48,"3,566",639,0.15,"106,102","74,143","12,574","21,251",0.22,0.63,0.45
0.49,"3,205",588,0.16,"109,307","70,938","13,162","20,663",0.23,0.61,0.43
0.5,"3,265",642,0.16,"112,572","67,673","13,804","20,021",0.23,0.59,0.41
0.51,"3,556",646,0.15,"116,128","64,117","14,450","19,375",0.23,0.57,0.39
0.52,"3,208",607,0.16,"119,336","60,909","15,057","18,768",0.24,0.55,0.37
0.53,"3,021",616,0.17,"122,357","57,888","15,673","18,152",0.24,0.54,0.36
0.54,"2,971",608,0.17,"125,328","54,917","16,281","17,544",0.24,0.52,0.34
0.55,"2,581",510,0.16,"127,909","52,336","16,791","17,034",0.25,0.50,0.32
0.56,"2,811",636,0.18,"130,720","49,525","17,427","16,398",0.25,0.48,0.31
0.57,"2,263",509,0.18,"132,983","47,262","17,936","15,889",0.25,0.47,0.30
0.58,"1,963",456,0.19,"134,946","45,299","18,392","15,433",0.25,0.46,0.28
0.59,"1,932",473,0.20,"136,878","43,367","18,865","14,960",0.26,0.44,0.27
0.6,"1,823",446,0.20,"138,701","41,544","19,311","14,514",0.26,0.43,0.26
0.61,"1,774",429,0.19,"140,475","39,770","19,740","14,085",0.26,0.42,0.25
0.62,"1,641",428,0.21,"142,116","38,129","20,168","13,657",0.26,0.40,0.24
0.63,"1,933",557,0.22,"144,049","36,196","20,725","13,100",0.27,0.39,0.23
0.64,"1,853",539,0.23,"145,902","34,343","21,264","12,561",0.27,0.37,0.22
0.65,"1,869",569,0.23,"147,771","32,474","21,833","11,992",0.27,0.35,0.21
0.66,"2,267",663,0.23,"150,038","30,207","22,496","11,329",0.27,0.33,0.19
0.67,"2,025",562,0.22,"152,063","28,182","23,058","10,767",0.28,0.32,0.18
0.68,"2,193",686,0.24,"154,256","25,989","23,744","10,081",0.28,0.30,0.17
0.69,"2,106",646,0.23,"156,362","23,883","24,390","9,435",0.28,0.28,0.16
0.7,"2,064",664,0.24,"158,426","21,819","25,054","8,771",0.29,0.26,0.14
0.71,"1,928",665,0.26,"160,354","19,891","25,719","8,106",0.29,0.24,0.13
0.72,"1,981",691,0.26,"162,335","17,910","26,410","7,415",0.29,0.22,0.12
0.73,"1,685",577,0.26,"164,020","16,225","26,987","6,838",0.30,0.20,0.11
0.74,"1,595",552,0.26,"165,615","14,630","27,539","6,286",0.30,0.19,0.10
0.75,"1,511",568,0.27,"167,126","13,119","28,107","5,718",0.30,0.17,0.09
0.76,"1,248",488,0.28,"168,374","11,871","28,595","5,230",0.31,0.15,0.08
0.77,"1,196",511,0.30,"169,570","10,675","29,106","4,719",0.31,0.14,0.07
0.78,"1,227",466,0.28,"170,797","9,448","29,572","4,253",0.31,0.13,0.06
0.79,943,359,0.28,"171,740","8,505","29,931","3,894",0.31,0.12,0.06
0.8,787,329,0.29,"172,527","7,718","30,260","3,565",0.32,0.11,0.05
0.81,832,341,0.29,"173,359","6,886","30,601","3,224",0.32,0.10,0.05
0.82,689,286,0.29,"174,048","6,197","30,887","2,938",0.32,0.09,0.04
0.83,705,290,0.29,"174,753","5,492","31,177","2,648",0.33,0.08,0.04
0.84,590,249,0.30,"175,343","4,902","31,426","2,399",0.33,0.07,0.03
0.85,532,235,0.31,"175,875","4,370","31,661","2,164",0.33,0.06,0.03
0.86,431,168,0.28,"176,306","3,939","31,829","1,996",0.34,0.06,0.03
0.87,328,179,0.35,"176,634","3,611","32,008","1,817",0.33,0.05,0.03
0.88,397,171,0.30,"177,031","3,214","32,179","1,646",0.34,0.05,0.02
0.89,261,154,0.37,"177,292","2,953","32,333","1,492",0.34,0.04,0.02
0.9,313,167,0.35,"177,605","2,640","32,500","1,325",0.33,0.04,0.02
0.91,255,110,0.30,"177,860","2,385","32,610","1,215",0.34,0.04,0.02
0.92,205,118,0.37,"178,065","2,180","32,728","1,097",0.33,0.03,0.02
0.93,205,123,0.38,"178,270","1,975","32,851",974,0.33,0.03,0.01
0.94,213,88,0.29,"178,483","1,762","32,939",886,0.33,0.03,0.01
0.95,210,121,0.37,"178,693","1,552","33,060",765,0.33,0.02,0.01
0.96,235,95,0.29,"178,928","1,317","33,155",670,0.34,0.02,0.01
0.97,221,98,0.31,"179,149","1,096","33,253",572,0.34,0.02,0.01
0.98,188,75,0.29,"179,337",908,"33,328",497,0.35,0.01,0.01
0.99,166,76,0.31,"179,503",742,"33,404",421,0.36,0.01,0.01
1.0,742,421,0.36,"180,245",0,"33,825",0,nan,0.00,0.00
