p,Neg,Pos,mPrec,TN,FP,FN,TP,Prec,Rec,$\hat{p}$
0.0,1,0,0.00,1,"420,569",0,"78,926",0.16,1.00,1.00
0.1,173,2,0.01,174,"420,396",2,"78,924",0.16,1.00,1.00
0.2,"9,390",304,0.03,"9,564","411,006",306,"78,620",0.16,1.00,0.98
0.3,"60,794","3,268",0.05,"70,358","350,212","3,574","75,352",0.18,0.95,0.85
0.4,"123,482","12,306",0.09,"193,840","226,730","15,880","63,046",0.22,0.80,0.58
0.5,"137,893","25,126",0.15,"331,733","88,837","41,006","37,920",0.30,0.48,0.25
0.6,"63,885","20,592",0.24,"395,618","24,952","61,598","17,328",0.41,0.22,0.08
0.7,"18,007","10,419",0.37,"413,625","6,945","72,017","6,909",0.50,0.09,0.03
0.8,"6,053","5,771",0.49,"419,678",892,"77,788","1,138",0.56,0.01,0.00
0.9,866,"1,100",0.56,"420,544",26,"78,888",38,0.59,0.00,0.00
1.0,26,38,0.59,"420,570",0,"78,926",0,nan,0.00,0.00
