p,Neg,Pos,mPrec,TN,FP,FN,TP,Prec,Rec,$\hat{p}$
0.0,"3,117",39,0.01,"3,117","177,128",39,"33,786",0.16,1.00,0.99
0.01,502,9,0.02,"3,619","176,626",48,"33,777",0.16,1.00,0.98
0.02,564,11,0.02,"4,183","176,062",59,"33,766",0.16,1.00,0.98
0.03,657,9,0.01,"4,840","175,405",68,"33,757",0.16,1.00,0.98
0.04,733,10,0.01,"5,573","174,672",78,"33,747",0.16,1.00,0.97
0.05,815,17,0.02,"6,388","173,857",95,"33,730",0.16,1.00,0.97
0.06,906,13,0.01,"7,294","172,951",108,"33,717",0.16,1.00,0.97
0.07,952,20,0.02,"8,246","171,999",128,"33,697",0.16,1.00,0.96
0.08,"1,104",25,0.02,"9,350","170,895",153,"33,672",0.16,1.00,0.96
0.09,"1,211",22,0.02,"10,561","169,684",175,"33,650",0.17,0.99,0.95
0.1,"1,304",31,0.02,"11,865","168,380",206,"33,619",0.17,0.99,0.94
0.11,"1,401",21,0.01,"13,266","166,979",227,"33,598",0.17,0.99,0.94
0.12,"1,545",39,0.02,"14,811","165,434",266,"33,559",0.17,0.99,0.93
0.13,"1,697",61,0.03,"16,508","163,737",327,"33,498",0.17,0.99,0.92
0.14,"1,836",58,0.03,"18,344","161,901",385,"33,440",0.17,0.99,0.91
0.15,"1,808",63,0.03,"20,152","160,093",448,"33,377",0.17,0.99,0.90
0.16,"2,023",71,0.03,"22,175","158,070",519,"33,306",0.17,0.98,0.89
0.17,"2,154",77,0.03,"24,329","155,916",596,"33,229",0.18,0.98,0.88
0.18,"2,212",91,0.04,"26,541","153,704",687,"33,138",0.18,0.98,0.87
0.19,"2,324",90,0.04,"28,865","151,380",777,"33,048",0.18,0.98,0.86
0.2,"2,507",95,0.04,"31,372","148,873",872,"32,953",0.18,0.97,0.85
0.21,"2,544",140,0.05,"33,916","146,329","1,012","32,813",0.18,0.97,0.84
0.22,"2,750",126,0.04,"36,666","143,579","1,138","32,687",0.19,0.97,0.82
0.23,"2,837",128,0.04,"39,503","140,742","1,266","32,559",0.19,0.96,0.81
0.24,"2,959",152,0.05,"42,462","137,783","1,418","32,407",0.19,0.96,0.80
0.25,"3,068",195,0.06,"45,530","134,715","1,613","32,212",0.19,0.95,0.78
0.26,"3,183",197,0.06,"48,713","131,532","1,810","32,015",0.20,0.95,0.76
0.27,"3,316",214,0.06,"52,029","128,216","2,024","31,801",0.20,0.94,0.75
0.28,"3,421",210,0.06,"55,450","124,795","2,234","31,591",0.20,0.93,0.73
0.29,"3,538",236,0.06,"58,988","121,257","2,470","31,355",0.21,0.93,0.71
0.3,"3,478",283,0.08,"62,466","117,779","2,753","31,072",0.21,0.92,0.70
0.31,"3,529",286,0.07,"65,995","114,250","3,039","30,786",0.21,0.91,0.68
0.32,"3,835",306,0.07,"69,830","110,415","3,345","30,480",0.22,0.90,0.66
0.33,"3,759",329,0.08,"73,589","106,656","3,674","30,151",0.22,0.89,0.64
0.34,"3,846",377,0.09,"77,435","102,810","4,051","29,774",0.22,0.88,0.62
0.35,"3,735",395,0.10,"81,170","99,075","4,446","29,379",0.23,0.87,0.60
0.36,"3,796",454,0.11,"84,966","95,279","4,900","28,925",0.23,0.86,0.58
0.37,"3,832",439,0.10,"88,798","91,447","5,339","28,486",0.24,0.84,0.56
0.38,"3,807",470,0.11,"92,605","87,640","5,809","28,016",0.24,0.83,0.54
0.39,"3,851",488,0.11,"96,456","83,789","6,297","27,528",0.25,0.81,0.52
0.4,"3,820",515,0.12,"100,276","79,969","6,812","27,013",0.25,0.80,0.50
0.41,"3,684",541,0.13,"103,960","76,285","7,353","26,472",0.26,0.78,0.48
0.42,"3,649",546,0.13,"107,609","72,636","7,899","25,926",0.26,0.77,0.46
0.43,"3,718",569,0.13,"111,327","68,918","8,468","25,357",0.27,0.75,0.44
0.44,"3,613",580,0.14,"114,940","65,305","9,048","24,777",0.28,0.73,0.42
0.45,"3,376",617,0.15,"118,316","61,929","9,665","24,160",0.28,0.71,0.40
0.46,"3,396",635,0.16,"121,712","58,533","10,300","23,525",0.29,0.70,0.38
0.47,"3,413",634,0.16,"125,125","55,120","10,934","22,891",0.29,0.68,0.36
0.48,"3,228",648,0.17,"128,353","51,892","11,582","22,243",0.30,0.66,0.35
0.49,"3,181",641,0.17,"131,534","48,711","12,223","21,602",0.31,0.64,0.33
0.5,"2,994",673,0.18,"134,528","45,717","12,896","20,929",0.31,0.62,0.31
0.51,"2,803",714,0.20,"137,331","42,914","13,610","20,215",0.32,0.60,0.29
0.52,"2,743",681,0.20,"140,074","40,171","14,291","19,534",0.33,0.58,0.28
0.53,"2,777",718,0.21,"142,851","37,394","15,009","18,816",0.33,0.56,0.26
0.54,"2,587",688,0.21,"145,438","34,807","15,697","18,128",0.34,0.54,0.25
0.55,"2,424",670,0.22,"147,862","32,383","16,367","17,458",0.35,0.52,0.23
0.56,"2,263",662,0.23,"150,125","30,120","17,029","16,796",0.36,0.50,0.22
0.57,"2,156",690,0.24,"152,281","27,964","17,719","16,106",0.37,0.48,0.21
0.58,"2,088",694,0.25,"154,369","25,876","18,413","15,412",0.37,0.46,0.19
0.59,"1,869",653,0.26,"156,238","24,007","19,066","14,759",0.38,0.44,0.18
0.6,"1,803",664,0.27,"158,041","22,204","19,730","14,095",0.39,0.42,0.17
0.61,"1,662",674,0.29,"159,703","20,542","20,404","13,421",0.40,0.40,0.16
0.62,"1,594",680,0.30,"161,297","18,948","21,084","12,741",0.40,0.38,0.15
0.63,"1,520",611,0.29,"162,817","17,428","21,695","12,130",0.41,0.36,0.14
0.64,"1,460",594,0.29,"164,277","15,968","22,289","11,536",0.42,0.34,0.13
0.65,"1,331",621,0.32,"165,608","14,637","22,910","10,915",0.43,0.32,0.12
0.66,"1,239",601,0.33,"166,847","13,398","23,511","10,314",0.43,0.30,0.11
0.67,"1,092",547,0.33,"167,939","12,306","24,058","9,767",0.44,0.29,0.10
0.68,"1,066",606,0.36,"169,005","11,240","24,664","9,161",0.45,0.27,0.10
0.69,966,527,0.35,"169,971","10,274","25,191","8,634",0.46,0.26,0.09
0.7,809,492,0.38,"170,780","9,465","25,683","8,142",0.46,0.24,0.08
0.71,859,500,0.37,"171,639","8,606","26,183","7,642",0.47,0.23,0.08
0.72,775,463,0.37,"172,414","7,831","26,646","7,179",0.48,0.21,0.07
0.73,688,461,0.40,"173,102","7,143","27,107","6,718",0.48,0.20,0.06
0.74,691,457,0.40,"173,793","6,452","27,564","6,261",0.49,0.19,0.06
0.75,613,416,0.40,"174,406","5,839","27,980","5,845",0.50,0.17,0.05
0.76,596,405,0.40,"175,002","5,243","28,385","5,440",0.51,0.16,0.05
0.77,503,410,0.45,"175,505","4,740","28,795","5,030",0.51,0.15,0.05
0.78,443,377,0.46,"175,948","4,297","29,172","4,653",0.52,0.14,0.04
0.79,424,347,0.45,"176,372","3,873","29,519","4,306",0.53,0.13,0.04
0.8,383,325,0.46,"176,755","3,490","29,844","3,981",0.53,0.12,0.03
0.81,322,329,0.51,"177,077","3,168","30,173","3,652",0.54,0.11,0.03
0.82,321,312,0.49,"177,398","2,847","30,485","3,340",0.54,0.10,0.03
0.83,285,253,0.47,"177,683","2,562","30,738","3,087",0.55,0.09,0.03
0.84,269,254,0.49,"177,952","2,293","30,992","2,833",0.55,0.08,0.02
0.85,208,221,0.52,"178,160","2,085","31,213","2,612",0.56,0.08,0.02
0.86,223,217,0.49,"178,383","1,862","31,430","2,395",0.56,0.07,0.02
0.87,180,202,0.53,"178,563","1,682","31,632","2,193",0.57,0.06,0.02
0.88,192,196,0.51,"178,755","1,490","31,828","1,997",0.57,0.06,0.02
0.89,175,159,0.48,"178,930","1,315","31,987","1,838",0.58,0.05,0.01
0.9,155,163,0.51,"179,085","1,160","32,150","1,675",0.59,0.05,0.01
0.91,136,125,0.48,"179,221","1,024","32,275","1,550",0.60,0.05,0.01
0.92,122,127,0.51,"179,343",902,"32,402","1,423",0.61,0.04,0.01
0.93,107,122,0.53,"179,450",795,"32,524","1,301",0.62,0.04,0.01
0.94,82,113,0.58,"179,532",713,"32,637","1,188",0.62,0.04,0.01
0.95,76,119,0.61,"179,608",637,"32,756","1,069",0.63,0.03,0.01
0.96,71,93,0.57,"179,679",566,"32,849",976,0.63,0.03,0.01
0.97,78,83,0.52,"179,757",488,"32,932",893,0.65,0.03,0.01
0.98,69,92,0.57,"179,826",419,"33,024",801,0.66,0.02,0.01
0.99,56,55,0.50,"179,882",363,"33,079",746,0.67,0.02,0.01
1.0,363,746,0.67,"180,245",0,"33,825",0,nan,0.00,0.00
