p,Neg,Pos,mPrec,TN,FP,FN,TP,Prec,Rec,$\hat{p}$
0.0,"10,515",146,0.01,"10,515","410,055",146,"78,780",0.16,1.00,0.98
0.1,"24,432",578,0.02,"34,947","385,623",724,"78,202",0.17,0.99,0.93
0.2,"48,558","1,875",0.04,"83,505","337,065","2,599","76,327",0.18,0.97,0.83
0.3,"72,871","4,772",0.06,"156,376","264,194","7,371","71,555",0.21,0.91,0.67
0.4,"84,683","9,503",0.10,"241,059","179,511","16,874","62,052",0.26,0.79,0.48
0.5,"74,890","13,756",0.16,"315,949","104,621","30,630","48,296",0.32,0.61,0.31
0.6,"52,049","15,210",0.23,"367,998","52,572","45,840","33,086",0.39,0.42,0.17
0.7,"29,231","13,139",0.31,"397,229","23,341","58,979","19,947",0.46,0.25,0.09
0.8,"14,054","9,666",0.41,"411,283","9,287","68,645","10,281",0.53,0.13,0.04
0.9,"5,975","5,577",0.48,"417,258","3,312","74,222","4,704",0.59,0.06,0.02
1.0,"3,312","4,704",0.59,"420,570",0,"78,926",0,nan,0.00,0.00
