p,Neg,Pos,mPrec,TN,FP,FN,TP,Prec,Rec,$\hat{p}$
0.0,1,0,0.00,1,"180,244",0,"33,825",0.16,1.00,1.00
0.1,352,2,0.01,353,"179,892",2,"33,823",0.16,1.00,1.00
0.2,"5,900",92,0.02,"6,253","173,992",94,"33,731",0.16,1.00,0.97
0.3,"27,020",881,0.03,"33,273","146,972",975,"32,850",0.18,0.97,0.84
0.4,"54,242","4,220",0.07,"87,515","92,730","5,195","28,630",0.24,0.85,0.57
0.5,"54,163","9,507",0.15,"141,678","38,567","14,702","19,123",0.33,0.57,0.27
0.6,"27,845","10,220",0.27,"169,523","10,722","24,922","8,903",0.45,0.26,0.09
0.7,"8,520","6,169",0.42,"178,043","2,202","31,091","2,734",0.55,0.08,0.02
0.8,"1,901","2,075",0.52,"179,944",301,"33,166",659,0.69,0.02,0.00
0.9,284,596,0.68,"180,228",17,"33,762",63,0.79,0.00,0.00
1.0,17,63,0.79,"180,245",0,"33,825",0,nan,0.00,0.00
