p,Neg,Pos,mPrec,TN,FP,FN,TP,Prec,Rec,$\hat{p}$
0.0,2,0,0.00,2,"420,568",0,"78,926",0.16,1.00,1.00
0.1,"3,313",166,0.05,"3,315","417,255",166,"78,760",0.16,1.00,0.99
0.2,"59,697","3,742",0.06,"63,012","357,558","3,908","75,018",0.17,0.95,0.87
0.3,"36,245","3,404",0.09,"99,257","321,313","7,312","71,614",0.18,0.91,0.79
0.4,"79,460","10,384",0.12,"178,717","241,853","17,696","61,230",0.20,0.78,0.61
0.5,"104,093","18,159",0.15,"282,810","137,760","35,855","43,071",0.24,0.55,0.36
0.6,"66,974","16,313",0.20,"349,784","70,786","52,168","26,758",0.27,0.34,0.20
0.7,"51,412","17,873",0.26,"401,196","19,374","70,041","8,885",0.31,0.11,0.06
0.8,"14,639","6,362",0.30,"415,835","4,735","76,403","2,523",0.35,0.03,0.01
0.9,"4,485","2,354",0.34,"420,320",250,"78,757",169,0.40,0.00,0.00
1.0,250,169,0.40,"420,570",0,"78,926",0,nan,0.00,0.00
