p,Neg,Pos,mPrec,TN,FP,FN,TP,Prec,Rec,$\hat{p}$
0.0,"4,206",122,0.03,"4,206","416,364",122,"78,804",0.16,1.00,0.99
0.1,"21,444",855,0.04,"25,650","394,920",977,"77,949",0.16,0.99,0.95
0.2,"46,263","2,752",0.06,"71,913","348,657","3,729","75,197",0.18,0.95,0.85
0.3,"71,556","6,289",0.08,"143,469","277,101","10,018","68,908",0.20,0.87,0.69
0.4,"93,754","12,246",0.12,"237,223","183,347","22,264","56,662",0.24,0.72,0.48
0.5,"86,696","16,796",0.16,"323,919","96,651","39,060","39,866",0.29,0.51,0.27
0.6,"53,221","15,099",0.22,"377,140","43,430","54,159","24,767",0.36,0.31,0.14
0.7,"24,119","10,222",0.30,"401,259","19,311","64,381","14,545",0.43,0.18,0.07
0.8,"10,627","6,445",0.38,"411,886","8,684","70,826","8,100",0.48,0.10,0.03
0.9,"5,704","4,726",0.45,"417,590","2,980","75,552","3,374",0.53,0.04,0.01
1.0,"2,980","3,374",0.53,"420,570",0,"78,926",0,nan,0.00,0.00
