p,Neg,Pos,mPrec,TN,FP,FN,TP,Prec,Rec,FP/P,$\hat{p}$
0.0,"15,023",750,0.05,"15,023","585,792",750,"112,001",0.16,0.99,5.195448377397983,0.98
0.01,"4,570",287,0.06,"19,593","581,222","1,037","111,714",0.16,0.99,5.154916586105666,0.97
0.02,"6,689",373,0.05,"26,282","574,533","1,410","111,341",0.16,0.99,5.095591169923105,0.96
0.03,"6,660",390,0.06,"32,942","567,873","1,800","110,951",0.16,0.98,5.036522957667781,0.95
0.04,"6,352",364,0.05,"39,294","561,521","2,164","110,587",0.16,0.98,4.980186428501743,0.94
0.05,"6,862",426,0.06,"46,156","554,659","2,590","110,161",0.17,0.98,4.919326657856693,0.93
0.06,"7,982",507,0.06,"54,138","546,677","3,097","109,654",0.17,0.97,4.848533494159697,0.92
0.07,"7,526",513,0.06,"61,664","539,151","3,610","109,141",0.17,0.97,4.781784640490994,0.91
0.08,"7,761",522,0.06,"69,425","531,390","4,132","108,619",0.17,0.96,4.712951548101569,0.90
0.09,"6,815",504,0.07,"76,240","524,575","4,636","108,115",0.17,0.96,4.652508625200664,0.89
0.1,"6,289",435,0.06,"82,529","518,286","5,071","107,680",0.17,0.96,4.596730849393797,0.88
0.11,"5,996",408,0.06,"88,525","512,290","5,479","107,272",0.17,0.95,4.543551720162127,0.87
0.12,"5,099",410,0.07,"93,624","507,191","5,889","106,862",0.17,0.95,4.498328174472953,0.86
0.13,"4,463",355,0.07,"98,087","502,728","6,244","106,507",0.17,0.94,4.458745376981136,0.85
0.14,"4,211",313,0.07,"102,298","498,517","6,557","106,194",0.18,0.94,4.421397592926005,0.85
0.15,"3,740",324,0.08,"106,038","494,777","6,881","105,870",0.18,0.94,4.388227155413256,0.84
0.16,"3,357",250,0.07,"109,395","491,420","7,131","105,620",0.18,0.94,4.358453583560235,0.84
0.17,"3,069",259,0.08,"112,464","488,351","7,390","105,361",0.18,0.93,4.331234312777713,0.83
0.18,"2,804",274,0.09,"115,268","485,547","7,664","105,087",0.18,0.93,4.306365353744091,0.83
0.19,"3,293",320,0.09,"118,561","482,254","7,984","104,767",0.18,0.93,4.277159404351181,0.82
0.2,"2,833",250,0.08,"121,394","479,421","8,234","104,517",0.18,0.93,4.25203324139032,0.82
0.21,"3,255",329,0.09,"124,649","476,166","8,563","104,188",0.18,0.92,4.223164317833101,0.81
0.22,"2,951",295,0.09,"127,600","473,215","8,858","103,893",0.18,0.92,4.19699160096141,0.81
0.23,"3,476",396,0.10,"131,076","469,739","9,254","103,497",0.18,0.92,4.16616260609662,0.80
0.24,"3,989",442,0.10,"135,065","465,750","9,696","103,055",0.18,0.91,4.13078376245,0.80
0.25,"4,072",418,0.09,"139,137","461,678","10,114","102,637",0.18,0.91,4.0946687834254245,0.79
0.26,"4,125",476,0.10,"143,262","457,553","10,590","102,161",0.18,0.91,4.0580837420510685,0.78
0.27,"4,963",579,0.10,"148,225","452,590","11,169","101,582",0.18,0.90,4.014066394089631,0.78
0.28,"5,226",549,0.10,"153,451","447,364","11,718","101,033",0.18,0.90,3.9677164725811744,0.77
0.29,"6,035",715,0.11,"159,486","441,329","12,433","100,318",0.19,0.89,3.9141914484128746,0.76
0.3,"5,688",669,0.11,"165,174","435,641","13,102","99,649",0.19,0.88,3.8637440022704896,0.75
0.31,"6,365",773,0.11,"171,539","429,276","13,875","98,876",0.19,0.88,3.8072921747922415,0.74
0.32,"7,453",913,0.11,"178,992","421,823","14,788","97,963",0.19,0.87,3.741190765492102,0.73
0.33,"7,984",991,0.11,"186,976","413,839","15,779","96,972",0.19,0.86,3.6703798635932277,0.72
0.34,"7,888","1,041",0.12,"194,864","405,951","16,820","95,931",0.19,0.85,3.60042039538452,0.70
0.35,"8,237","1,046",0.11,"203,101","397,714","17,866","94,885",0.19,0.84,3.527365610948018,0.69
0.36,"8,675","1,184",0.12,"211,776","389,039","19,050","93,701",0.19,0.83,3.4504261603001303,0.68
0.37,"10,138","1,356",0.12,"221,914","378,901","20,406","92,345",0.20,0.82,3.3605112149781378,0.66
0.38,"10,543","1,425",0.12,"232,457","368,358","21,831","90,920",0.20,0.81,3.2670042837757536,0.64
0.39,"9,346","1,411",0.13,"241,803","359,012","23,242","89,509",0.20,0.79,3.1841136663976375,0.63
0.4,"10,918","1,639",0.13,"252,721","348,094","24,881","87,870",0.20,0.78,3.0872808223430392,0.61
0.41,"11,167","1,760",0.14,"263,888","336,927","26,641","86,110",0.20,0.76,2.9882395721545705,0.59
0.42,"11,067","1,649",0.13,"274,955","325,860","28,290","84,461",0.21,0.75,2.890085232060026,0.58
0.43,"10,107","1,619",0.14,"285,062","315,753","29,909","82,842",0.21,0.73,2.8004452288671495,0.56
0.44,"11,013","1,663",0.13,"296,075","304,740","31,572","81,179",0.21,0.72,2.702769820223324,0.54
0.45,"10,912","1,852",0.15,"306,987","293,828","33,424","79,327",0.21,0.70,2.605990190774361,0.52
0.46,"10,052","1,703",0.14,"317,039","283,776","35,127","77,624",0.21,0.69,2.516837988133143,0.51
0.47,"10,708","1,830",0.15,"327,747","273,068","36,957","75,794",0.22,0.67,2.4218676552757845,0.49
0.48,"9,072","1,654",0.15,"336,819","263,996","38,611","74,140",0.22,0.66,2.3414071715550193,0.47
0.49,"9,897","1,828",0.16,"346,716","254,099","40,439","72,312",0.22,0.64,2.253629679559383,0.46
0.5,"10,952","1,955",0.15,"357,668","243,147","42,394","70,357",0.22,0.62,2.156495286072851,0.44
0.51,"9,332","1,717",0.16,"367,000","233,815","44,111","68,640",0.23,0.61,2.073728836107884,0.42
0.52,"10,352","2,013",0.16,"377,352","223,463","46,124","66,627",0.23,0.59,1.981915903184894,0.41
0.53,"10,195","1,877",0.16,"387,547","213,268","48,001","64,750",0.23,0.57,1.891495419109365,0.39
0.54,"9,917","1,929",0.16,"397,464","203,351","49,930","62,821",0.24,0.56,1.8035405450949438,0.37
0.55,"9,428","1,957",0.17,"406,892","193,923","51,887","60,864",0.24,0.54,1.7199226614398098,0.36
0.56,"8,041","1,738",0.18,"414,933","185,882","53,625","59,126",0.24,0.52,1.6486062207873988,0.34
0.57,"9,265","1,952",0.17,"424,198","176,617","55,577","57,174",0.24,0.51,1.5664340005853608,0.33
0.58,"7,828","1,732",0.18,"432,026","168,789","57,309","55,442",0.25,0.49,1.4970066784330072,0.31
0.59,"7,633","1,709",0.18,"439,659","161,156","59,018","53,733",0.25,0.48,1.4293088309638051,0.30
0.6,"6,795","1,504",0.18,"446,454","154,361","60,522","52,229",0.25,0.46,1.3690432900816845,0.29
0.61,"5,430","1,283",0.19,"451,884","148,931","61,805","50,946",0.25,0.45,1.3208840719816233,0.28
0.62,"6,233","1,539",0.20,"458,117","142,698","63,344","49,407",0.26,0.44,1.265602965827354,0.27
0.63,"5,718","1,392",0.20,"463,835","136,980","64,736","48,015",0.26,0.43,1.2148894466567923,0.26
0.64,"4,870","1,183",0.20,"468,705","132,110","65,919","46,832",0.26,0.42,1.1716969250827043,0.25
0.65,"5,430","1,440",0.21,"474,135","126,680","67,359","45,392",0.26,0.40,1.123537706982643,0.24
0.66,"5,979","1,605",0.21,"480,114","120,701","68,964","43,787",0.27,0.39,1.0705093524669405,0.23
0.67,"5,625","1,571",0.22,"485,739","115,076","70,535","42,216",0.27,0.37,1.020620659683728,0.22
0.68,"5,957","1,738",0.23,"491,696","109,119","72,273","40,478",0.27,0.36,0.9677874253886883,0.21
0.69,"6,472","1,874",0.22,"498,168","102,647","74,147","38,604",0.27,0.34,0.9103866041099413,0.20
0.7,"6,736","1,925",0.22,"504,904","95,911","76,072","36,679",0.28,0.33,0.8506443401832356,0.19
0.71,"6,653","2,027",0.23,"511,557","89,258","78,099","34,652",0.28,0.31,0.7916382116344867,0.17
0.72,"6,723","2,046",0.23,"518,280","82,535","80,145","32,606",0.28,0.29,0.7320112460199909,0.16
0.73,"6,321","2,075",0.25,"524,601","76,214","82,220","30,531",0.29,0.27,0.6759496589830689,0.15
0.74,"5,854","2,004",0.26,"530,455","70,360","84,224","28,527",0.29,0.25,0.6240299420847709,0.14
0.75,"6,333","2,178",0.26,"536,788","64,027","86,402","26,349",0.29,0.23,0.5678619258365779,0.13
0.76,"5,675","1,959",0.26,"542,463","58,352","88,361","24,390",0.29,0.22,0.5175297780064035,0.12
0.77,"5,187","1,859",0.26,"547,650","53,165","90,220","22,531",0.30,0.20,0.4715257514345771,0.11
0.78,"5,297","1,917",0.27,"552,947","47,868","92,137","20,614",0.30,0.18,0.4245461237594345,0.10
0.79,"4,577","1,753",0.28,"557,524","43,291","93,890","18,861",0.30,0.17,0.3839522487605431,0.09
0.8,"3,613","1,467",0.29,"561,137","39,678","95,357","17,394",0.30,0.15,0.351908187067077,0.08
0.81,"3,777","1,458",0.28,"564,914","35,901","96,815","15,936",0.31,0.14,0.31840959281957587,0.07
0.82,"3,662","1,410",0.28,"568,576","32,239","98,225","14,526",0.31,0.13,0.2859309451800871,0.07
0.83,"3,028","1,257",0.29,"571,604","29,211","99,482","13,269",0.31,0.12,0.25907530753607505,0.06
0.84,"2,459","1,027",0.29,"574,063","26,752","100,509","12,242",0.31,0.11,0.23726618832648935,0.05
0.85,"2,700","1,124",0.29,"576,763","24,052","101,633","11,118",0.32,0.10,0.2133196157905473,0.05
0.86,"2,345",942,0.29,"579,108","21,707","102,575","10,176",0.32,0.09,0.1925215740880347,0.04
0.87,"1,910",746,0.28,"581,018","19,797","103,321","9,430",0.32,0.08,0.1755815912940905,0.04
0.88,"1,932",852,0.31,"582,950","17,865","104,173","8,578",0.32,0.08,0.1584464882794831,0.04
0.89,"2,012",788,0.28,"584,962","15,853","104,961","7,790",0.33,0.07,0.14060185718973667,0.03
0.9,"1,372",569,0.29,"586,334","14,481","105,530","7,221",0.33,0.06,0.12843345070110243,0.03
0.91,"1,243",596,0.32,"587,577","13,238","106,126","6,625",0.33,0.06,0.11740915823362985,0.03
0.92,"1,336",595,0.31,"588,913","11,902","106,721","6,030",0.34,0.05,0.10556003937880817,0.03
0.93,963,480,0.33,"589,876","10,939","107,201","5,550",0.34,0.05,0.09701909517432218,0.02
0.94,876,394,0.31,"590,752","10,063","107,595","5,156",0.34,0.05,0.08924976275154987,0.02
0.95,"1,043",524,0.33,"591,795","9,020","108,119","4,632",0.34,0.04,0.07999929047192486,0.02
0.96,902,414,0.31,"592,697","8,118","108,533","4,218",0.34,0.04,0.07199936142473237,0.02
0.97,750,393,0.34,"593,447","7,368","108,926","3,825",0.34,0.03,0.06534753572030404,0.02
0.98,778,363,0.32,"594,225","6,590","109,289","3,462",0.34,0.03,0.05844737518957703,0.01
0.99,569,270,0.32,"594,794","6,021","109,559","3,192",0.35,0.03,0.05340085675515073,0.01
1.0,"6,021","3,192",0.35,"600,815",0,"112,751",0,nan,0.00,0.0,0.00
