p,Neg,Pos,mPrec,TN,FP,FN,TP,Prec,Rec,$\hat{p}$
0.0,"6,805",80,0.01,"6,805","395,914",80,"78,846",0.17,1.00,0.99
0.05,"7,711",146,0.02,"14,516","388,203",226,"78,700",0.17,1.00,0.97
0.1,"12,759",296,0.02,"27,275","375,444",522,"78,404",0.17,0.99,0.94
0.15,"19,585",579,0.03,"46,860","355,859","1,101","77,825",0.18,0.99,0.90
0.2,"26,256","1,079",0.04,"73,116","329,603","2,180","76,746",0.19,0.97,0.84
0.25,"33,078","1,752",0.05,"106,194","296,525","3,932","74,994",0.20,0.95,0.77
0.3,"39,796","2,760",0.06,"145,990","256,729","6,692","72,234",0.22,0.92,0.68
0.35,"43,284","4,116",0.09,"189,274","213,445","10,808","68,118",0.24,0.86,0.58
0.4,"43,317","5,676",0.12,"232,591","170,128","16,484","62,442",0.27,0.79,0.48
0.45,"40,337","6,704",0.14,"272,928","129,791","23,188","55,738",0.30,0.71,0.39
0.5,"35,133","7,745",0.18,"308,061","94,658","30,933","47,993",0.34,0.61,0.30
0.55,"28,441","8,056",0.22,"336,502","66,217","38,989","39,937",0.38,0.51,0.22
0.6,"21,559","7,861",0.27,"358,061","44,658","46,850","32,076",0.42,0.41,0.16
0.65,"15,653","7,200",0.32,"373,714","29,005","54,050","24,876",0.46,0.32,0.11
0.7,"10,506","6,210",0.37,"384,220","18,499","60,260","18,666",0.50,0.24,0.08
0.75,"7,200","5,317",0.42,"391,420","11,299","65,577","13,349",0.54,0.17,0.05
0.8,"4,579","4,258",0.48,"395,999","6,720","69,835","9,091",0.57,0.12,0.03
0.85,"2,824","3,020",0.52,"398,823","3,896","72,855","6,071",0.61,0.08,0.02
0.9,"1,746","2,134",0.55,"400,569","2,150","74,989","3,937",0.65,0.05,0.01
0.95,"1,004","1,426",0.59,"401,573","1,146","76,415","2,511",0.69,0.03,0.01
1.0,"1,146","2,511",0.69,"402,719",0,"78,926",0,nan,0.00,0.00
