p,Neg,Pos,mPrec,TN,FP,FN,TP,Prec,Rec,$\hat{p}$
0.0,"4,481",213,0.05,"4,481","416,089",213,"78,713",0.16,1.00,0.99
0.01,"2,542",117,0.04,"7,023","413,547",330,"78,596",0.16,1.00,0.99
0.02,"2,530",147,0.05,"9,553","411,017",477,"78,449",0.16,0.99,0.98
0.03,"3,127",162,0.05,"12,680","407,890",639,"78,287",0.16,0.99,0.97
0.04,"4,842",280,0.05,"17,522","403,048",919,"78,007",0.16,0.99,0.96
0.05,"4,665",281,0.06,"22,187","398,383","1,200","77,726",0.16,0.98,0.95
0.06,"4,369",220,0.05,"26,556","394,014","1,420","77,506",0.16,0.98,0.94
0.07,"5,247",333,0.06,"31,803","388,767","1,753","77,173",0.17,0.98,0.93
0.08,"5,999",350,0.06,"37,802","382,768","2,103","76,823",0.17,0.97,0.92
0.09,"5,014",360,0.07,"42,816","377,754","2,463","76,463",0.17,0.97,0.91
0.1,"5,532",389,0.07,"48,348","372,222","2,852","76,074",0.17,0.96,0.90
0.11,"4,933",371,0.07,"53,281","367,289","3,223","75,703",0.17,0.96,0.89
0.12,"4,757",323,0.06,"58,038","362,532","3,546","75,380",0.17,0.96,0.88
0.13,"4,482",315,0.07,"62,520","358,050","3,861","75,065",0.17,0.95,0.87
0.14,"3,908",329,0.08,"66,428","354,142","4,190","74,736",0.17,0.95,0.86
0.15,"2,926",241,0.08,"69,354","351,216","4,431","74,495",0.17,0.94,0.85
0.16,"2,997",228,0.07,"72,351","348,219","4,659","74,267",0.18,0.94,0.85
0.17,"3,040",248,0.08,"75,391","345,179","4,907","74,019",0.18,0.94,0.84
0.18,"2,139",174,0.08,"77,530","343,040","5,081","73,845",0.18,0.94,0.83
0.19,"2,399",207,0.08,"79,929","340,641","5,288","73,638",0.18,0.93,0.83
0.2,"2,192",228,0.09,"82,121","338,449","5,516","73,410",0.18,0.93,0.82
0.21,"2,039",186,0.08,"84,160","336,410","5,702","73,224",0.18,0.93,0.82
0.22,"2,282",231,0.09,"86,442","334,128","5,933","72,993",0.18,0.92,0.82
0.23,"2,171",209,0.09,"88,613","331,957","6,142","72,784",0.18,0.92,0.81
0.24,"2,787",288,0.09,"91,400","329,170","6,430","72,496",0.18,0.92,0.80
0.25,"2,695",297,0.10,"94,095","326,475","6,727","72,199",0.18,0.91,0.80
0.26,"2,827",319,0.10,"96,922","323,648","7,046","71,880",0.18,0.91,0.79
0.27,"3,163",392,0.11,"100,085","320,485","7,438","71,488",0.18,0.91,0.78
0.28,"3,474",384,0.10,"103,559","317,011","7,822","71,104",0.18,0.90,0.78
0.29,"3,896",396,0.09,"107,455","313,115","8,218","70,708",0.18,0.90,0.77
0.3,"4,004",484,0.11,"111,459","309,111","8,702","70,224",0.19,0.89,0.76
0.31,"4,544",563,0.11,"116,003","304,567","9,265","69,661",0.19,0.88,0.75
0.32,"4,900",582,0.11,"120,903","299,667","9,847","69,079",0.19,0.88,0.74
0.33,"5,249",684,0.12,"126,152","294,418","10,531","68,395",0.19,0.87,0.73
0.34,"5,694",743,0.12,"131,846","288,724","11,274","67,652",0.19,0.86,0.71
0.35,"6,098",784,0.11,"137,944","282,626","12,058","66,868",0.19,0.85,0.70
0.36,"6,251",793,0.11,"144,195","276,375","12,851","66,075",0.19,0.84,0.69
0.37,"7,810","1,022",0.12,"152,005","268,565","13,873","65,053",0.19,0.82,0.67
0.38,"7,440","1,050",0.12,"159,445","261,125","14,923","64,003",0.20,0.81,0.65
0.39,"6,844",994,0.13,"166,289","254,281","15,917","63,009",0.20,0.80,0.64
0.4,"8,559","1,199",0.12,"174,848","245,722","17,116","61,810",0.20,0.78,0.62
0.41,"8,402","1,260",0.13,"183,250","237,320","18,376","60,550",0.20,0.77,0.60
0.42,"7,740","1,230",0.14,"190,990","229,580","19,606","59,320",0.21,0.75,0.58
0.43,"7,920","1,217",0.13,"198,910","221,660","20,823","58,103",0.21,0.74,0.56
0.44,"7,660","1,192",0.13,"206,570","214,000","22,015","56,911",0.21,0.72,0.54
0.45,"7,783","1,282",0.14,"214,353","206,217","23,297","55,629",0.21,0.70,0.52
0.46,"8,077","1,437",0.15,"222,430","198,140","24,734","54,192",0.21,0.69,0.51
0.47,"7,262","1,182",0.14,"229,692","190,878","25,916","53,010",0.22,0.67,0.49
0.48,"7,360","1,324",0.15,"237,052","183,518","27,240","51,686",0.22,0.65,0.47
0.49,"7,622","1,366",0.15,"244,674","175,896","28,606","50,320",0.22,0.64,0.45
0.5,"7,551","1,360",0.15,"252,225","168,345","29,966","48,960",0.23,0.62,0.44
0.51,"7,080","1,324",0.16,"259,305","161,265","31,290","47,636",0.23,0.60,0.42
0.52,"8,241","1,552",0.16,"267,546","153,024","32,842","46,084",0.23,0.58,0.40
0.53,"7,539","1,481",0.16,"275,085","145,485","34,323","44,603",0.23,0.57,0.38
0.54,"6,418","1,284",0.17,"281,503","139,067","35,607","43,319",0.24,0.55,0.37
0.55,"6,949","1,481",0.18,"288,452","132,118","37,088","41,838",0.24,0.53,0.35
0.56,"6,733","1,389",0.17,"295,185","125,385","38,477","40,449",0.24,0.51,0.33
0.57,"5,539","1,217",0.18,"300,724","119,846","39,694","39,232",0.25,0.50,0.32
0.58,"5,643","1,334",0.19,"306,367","114,203","41,028","37,898",0.25,0.48,0.30
0.59,"5,304","1,155",0.18,"311,671","108,899","42,183","36,743",0.25,0.47,0.29
0.6,"4,201",915,0.18,"315,872","104,698","43,098","35,828",0.25,0.45,0.28
0.61,"4,336","1,093",0.20,"320,208","100,362","44,191","34,735",0.26,0.44,0.27
0.62,"4,504","1,098",0.20,"324,712","95,858","45,289","33,637",0.26,0.43,0.26
0.63,"3,528",861,0.20,"328,240","92,330","46,150","32,776",0.26,0.42,0.25
0.64,"3,885","1,033",0.21,"332,125","88,445","47,183","31,743",0.26,0.40,0.24
0.65,"4,846","1,352",0.22,"336,971","83,599","48,535","30,391",0.27,0.39,0.23
0.66,"4,147","1,124",0.21,"341,118","79,452","49,659","29,267",0.27,0.37,0.22
0.67,"4,514","1,354",0.23,"345,632","74,938","51,013","27,913",0.27,0.35,0.21
0.68,"4,835","1,360",0.22,"350,467","70,103","52,373","26,553",0.27,0.34,0.19
0.69,"4,651","1,353",0.23,"355,118","65,452","53,726","25,200",0.28,0.32,0.18
0.7,"5,187","1,519",0.23,"360,305","60,265","55,245","23,681",0.28,0.30,0.17
0.71,"4,642","1,500",0.24,"364,947","55,623","56,745","22,181",0.29,0.28,0.16
0.72,"4,656","1,548",0.25,"369,603","50,967","58,293","20,633",0.29,0.26,0.14
0.73,"4,551","1,558",0.26,"374,154","46,416","59,851","19,075",0.29,0.24,0.13
0.74,"4,143","1,408",0.25,"378,297","42,273","61,259","17,667",0.29,0.22,0.12
0.75,"4,067","1,457",0.26,"382,364","38,206","62,716","16,210",0.30,0.21,0.11
0.76,"3,653","1,360",0.27,"386,017","34,553","64,076","14,850",0.30,0.19,0.10
0.77,"3,374","1,321",0.28,"389,391","31,179","65,397","13,529",0.30,0.17,0.09
0.78,"3,301","1,255",0.28,"392,692","27,878","66,652","12,274",0.31,0.16,0.08
0.79,"2,520",987,0.28,"395,212","25,358","67,639","11,287",0.31,0.14,0.07
0.8,"2,738","1,108",0.29,"397,950","22,620","68,747","10,179",0.31,0.13,0.07
0.81,"2,269",904,0.28,"400,219","20,351","69,651","9,275",0.31,0.12,0.06
0.82,"1,746",730,0.29,"401,965","18,605","70,381","8,545",0.31,0.11,0.05
0.83,"2,115",875,0.29,"404,080","16,490","71,256","7,670",0.32,0.10,0.05
0.84,"1,623",675,0.29,"405,703","14,867","71,931","6,995",0.32,0.09,0.04
0.85,"1,578",663,0.30,"407,281","13,289","72,594","6,332",0.32,0.08,0.04
0.86,"1,413",597,0.30,"408,694","11,876","73,191","5,735",0.33,0.07,0.04
0.87,"1,371",519,0.27,"410,065","10,505","73,710","5,216",0.33,0.07,0.03
0.88,"1,009",442,0.30,"411,074","9,496","74,152","4,774",0.33,0.06,0.03
0.89,762,372,0.33,"411,836","8,734","74,524","4,402",0.34,0.06,0.03
0.9,931,433,0.32,"412,767","7,803","74,957","3,969",0.34,0.05,0.02
0.91,647,293,0.31,"413,414","7,156","75,250","3,676",0.34,0.05,0.02
0.92,640,284,0.31,"414,054","6,516","75,534","3,392",0.34,0.04,0.02
0.93,661,331,0.33,"414,715","5,855","75,865","3,061",0.34,0.04,0.02
0.94,520,269,0.34,"415,235","5,335","76,134","2,792",0.34,0.04,0.02
0.95,525,223,0.30,"415,760","4,810","76,357","2,569",0.35,0.03,0.01
0.96,504,249,0.33,"416,264","4,306","76,606","2,320",0.35,0.03,0.01
0.97,425,223,0.34,"416,689","3,881","76,829","2,097",0.35,0.03,0.01
0.98,487,253,0.34,"417,176","3,394","77,082","1,844",0.35,0.02,0.01
0.99,466,213,0.31,"417,642","2,928","77,295","1,631",0.36,0.02,0.01
1.0,"2,928","1,631",0.36,"420,570",0,"78,926",0,nan,0.00,0.00
