p,Neg,Pos,mPrec,TN,FP,FN,TP,Prec,Rec,FP/P,$\hat{p}$
0.0,"15,021",194,0.01,"15,021","585,794",194,"112,557",0.16,1.00,5.195466115599862,0.98
0.1,"34,430",782,0.02,"49,451","551,364",976,"111,775",0.17,0.99,4.890102970261904,0.93
0.2,"68,157","2,654",0.04,"117,608","483,207","3,630","109,121",0.18,0.97,4.285611657546275,0.83
0.3,"103,144","6,742",0.06,"220,752","380,063","10,372","102,379",0.21,0.91,3.370817110269532,0.68
0.4,"120,770","13,467",0.10,"341,522","259,293","23,839","88,912",0.26,0.79,2.2996957898377843,0.49
0.5,"107,305","19,451",0.15,"448,827","151,988","43,290","69,461",0.31,0.62,1.347996913552873,0.31
0.6,"75,334","21,531",0.22,"524,161","76,654","64,821","47,930",0.38,0.43,0.6798520633963335,0.17
0.7,"42,464","19,021",0.31,"566,625","34,190","83,842","28,909",0.46,0.26,0.30323456111254005,0.09
0.8,"20,631","13,833",0.40,"587,256","13,559","97,675","15,076",0.53,0.13,0.12025613963512519,0.04
0.9,"8,707","8,235",0.49,"595,963","4,852","105,910","6,841",0.59,0.06,0.04303287775718175,0.02
1.0,"4,852","6,841",0.59,"600,815",0,"112,751",0,nan,0.00,0.0,0.00
