p,Neg,Pos,mPrec,TN,FP,FN,TP,Prec,Rec,FP/P,$\hat{p}$
0.0,"15,023",750,0.05,"15,023","585,792",750,"112,001",0.16,0.99,5.195448377397983,0.98
0.1,"67,506","4,321",0.06,"82,529","518,286","5,071","107,680",0.17,0.96,4.596730849393797,0.88
0.2,"38,865","3,163",0.08,"121,394","479,421","8,234","104,517",0.18,0.93,4.25203324139032,0.82
0.3,"43,780","4,868",0.10,"165,174","435,641","13,102","99,649",0.19,0.88,3.8637440022704896,0.75
0.4,"87,547","11,779",0.12,"252,721","348,094","24,881","87,870",0.20,0.78,3.0872808223430392,0.61
0.5,"104,947","17,513",0.14,"357,668","243,147","42,394","70,357",0.22,0.62,2.156495286072851,0.44
0.6,"88,786","18,128",0.17,"446,454","154,361","60,522","52,229",0.25,0.46,1.3690432900816845,0.29
0.7,"58,450","15,550",0.21,"504,904","95,911","76,072","36,679",0.28,0.33,0.8506443401832356,0.19
0.8,"56,233","19,285",0.26,"561,137","39,678","95,357","17,394",0.30,0.15,0.351908187067077,0.08
0.9,"25,197","10,173",0.29,"586,334","14,481","105,530","7,221",0.33,0.06,0.12843345070110243,0.03
1.0,"14,481","7,221",0.33,"600,815",0,"112,751",0,nan,0.00,0.0,0.00
