p,Neg,Pos,mPrec,TN,FP,FN,TP,Prec,Rec,$\hat{p}$
0.0,"10,534",524,0.05,"10,534","410,036",524,"78,402",0.16,0.99,0.98
0.01,"3,693",196,0.05,"14,227","406,343",720,"78,206",0.16,0.99,0.97
0.02,"4,850",287,0.06,"19,077","401,493","1,007","77,919",0.16,0.99,0.96
0.03,"4,350",254,0.06,"23,427","397,143","1,261","77,665",0.16,0.98,0.95
0.04,"5,070",256,0.05,"28,497","392,073","1,517","77,409",0.16,0.98,0.94
0.05,"4,794",327,0.06,"33,291","387,279","1,844","77,082",0.17,0.98,0.93
0.06,"5,433",318,0.06,"38,724","381,846","2,162","76,764",0.17,0.97,0.92
0.07,"5,499",377,0.06,"44,223","376,347","2,539","76,387",0.17,0.97,0.91
0.08,"4,803",372,0.07,"49,026","371,544","2,911","76,015",0.17,0.96,0.90
0.09,"4,846",355,0.07,"53,872","366,698","3,266","75,660",0.17,0.96,0.89
0.1,"4,166",280,0.06,"58,038","362,532","3,546","75,380",0.17,0.96,0.88
0.11,"4,214",290,0.06,"62,252","358,318","3,836","75,090",0.17,0.95,0.87
0.12,"3,645",293,0.07,"65,897","354,673","4,129","74,797",0.17,0.95,0.86
0.13,"2,993",276,0.08,"68,890","351,680","4,405","74,521",0.17,0.94,0.85
0.14,"3,084",229,0.07,"71,974","348,596","4,634","74,292",0.18,0.94,0.85
0.15,"2,622",212,0.07,"74,596","345,974","4,846","74,080",0.18,0.94,0.84
0.16,"2,248",190,0.08,"76,844","343,726","5,036","73,890",0.18,0.94,0.84
0.17,"2,009",155,0.07,"78,853","341,717","5,191","73,735",0.18,0.93,0.83
0.18,"2,193",225,0.09,"81,046","339,524","5,416","73,510",0.18,0.93,0.83
0.19,"2,391",229,0.09,"83,437","337,133","5,645","73,281",0.18,0.93,0.82
0.2,"1,810",136,0.07,"85,247","335,323","5,781","73,145",0.18,0.93,0.82
0.21,"2,175",236,0.10,"87,422","333,148","6,017","72,909",0.18,0.92,0.81
0.22,"2,271",240,0.10,"89,693","330,877","6,257","72,669",0.18,0.92,0.81
0.23,"2,566",256,0.09,"92,259","328,311","6,513","72,413",0.18,0.92,0.80
0.24,"2,933",322,0.10,"95,192","325,378","6,835","72,091",0.18,0.91,0.80
0.25,"2,400",300,0.11,"97,592","322,978","7,135","71,791",0.18,0.91,0.79
0.26,"3,293",396,0.11,"100,885","319,685","7,531","71,395",0.18,0.90,0.78
0.27,"3,369",363,0.10,"104,254","316,316","7,894","71,032",0.18,0.90,0.78
0.28,"3,504",352,0.09,"107,758","312,812","8,246","70,680",0.18,0.90,0.77
0.29,"3,933",478,0.11,"111,691","308,879","8,724","70,202",0.19,0.89,0.76
0.3,"4,312",541,0.11,"116,003","304,567","9,265","69,661",0.19,0.88,0.75
0.31,"4,804",573,0.11,"120,807","299,763","9,838","69,088",0.19,0.88,0.74
0.32,"4,899",619,0.11,"125,706","294,864","10,457","68,469",0.19,0.87,0.73
0.33,"5,488",710,0.11,"131,194","289,376","11,167","67,759",0.19,0.86,0.71
0.34,"5,590",759,0.12,"136,784","283,786","11,926","67,000",0.19,0.85,0.70
0.35,"6,132",740,0.11,"142,916","277,654","12,666","66,260",0.19,0.84,0.69
0.36,"6,783",917,0.12,"149,699","270,871","13,583","65,343",0.19,0.83,0.67
0.37,"7,208",960,0.12,"156,907","263,663","14,543","64,383",0.20,0.82,0.66
0.38,"7,050","1,059",0.13,"163,957","256,613","15,602","63,324",0.20,0.80,0.64
0.39,"6,452",880,0.12,"170,409","250,161","16,482","62,444",0.20,0.79,0.63
0.4,"8,464","1,235",0.13,"178,873","241,697","17,717","61,209",0.20,0.78,0.61
0.41,"7,812","1,222",0.14,"186,685","233,885","18,939","59,987",0.20,0.76,0.59
0.42,"7,044","1,113",0.14,"193,729","226,841","20,052","58,874",0.21,0.75,0.57
0.43,"7,639","1,154",0.13,"201,368","219,202","21,206","57,720",0.21,0.73,0.55
0.44,"7,519","1,176",0.14,"208,887","211,683","22,382","56,544",0.21,0.72,0.54
0.45,"7,617","1,291",0.14,"216,504","204,066","23,673","55,253",0.21,0.70,0.52
0.46,"7,532","1,340",0.15,"224,036","196,534","25,013","53,913",0.22,0.68,0.50
0.47,"6,792","1,092",0.14,"230,828","189,742","26,105","52,821",0.22,0.67,0.49
0.48,"6,918","1,255",0.15,"237,746","182,824","27,360","51,566",0.22,0.65,0.47
0.49,"7,177","1,288",0.15,"244,923","175,647","28,648","50,278",0.22,0.64,0.45
0.5,"7,302","1,318",0.15,"252,225","168,345","29,966","48,960",0.23,0.62,0.44
0.51,"6,683","1,248",0.16,"258,908","161,662","31,214","47,712",0.23,0.60,0.42
0.52,"7,555","1,440",0.16,"266,463","154,107","32,654","46,272",0.23,0.59,0.40
0.53,"7,220","1,382",0.16,"273,683","146,887","34,036","44,890",0.23,0.57,0.38
0.54,"6,468","1,260",0.16,"280,151","140,419","35,296","43,630",0.24,0.55,0.37
0.55,"6,495","1,372",0.17,"286,646","133,924","36,668","42,258",0.24,0.54,0.35
0.56,"6,502","1,344",0.17,"293,148","127,422","38,012","40,914",0.24,0.52,0.34
0.57,"5,562","1,230",0.18,"298,710","121,860","39,242","39,684",0.25,0.50,0.32
0.58,"5,821","1,311",0.18,"304,531","116,039","40,553","38,373",0.25,0.49,0.31
0.59,"4,960","1,146",0.19,"309,491","111,079","41,699","37,227",0.25,0.47,0.30
0.6,"4,401",946,0.18,"313,892","106,678","42,645","36,281",0.25,0.46,0.29
0.61,"3,981",957,0.19,"317,873","102,697","43,602","35,324",0.26,0.45,0.28
0.62,"4,255","1,037",0.20,"322,128","98,442","44,639","34,287",0.26,0.43,0.27
0.63,"3,869",954,0.20,"325,997","94,573","45,593","33,333",0.26,0.42,0.26
0.64,"3,335",826,0.20,"329,332","91,238","46,419","32,507",0.26,0.41,0.25
0.65,"3,905","1,054",0.21,"333,237","87,333","47,473","31,453",0.26,0.40,0.24
0.66,"4,361","1,232",0.22,"337,598","82,972","48,705","30,221",0.27,0.38,0.23
0.67,"3,867","1,053",0.21,"341,465","79,105","49,758","29,168",0.27,0.37,0.22
0.68,"4,604","1,350",0.23,"346,069","74,501","51,108","27,818",0.27,0.35,0.20
0.69,"4,636","1,323",0.22,"350,705","69,865","52,431","26,495",0.27,0.34,0.19
0.7,"4,413","1,295",0.23,"355,118","65,452","53,726","25,200",0.28,0.32,0.18
0.71,"5,036","1,486",0.23,"360,154","60,416","55,212","23,714",0.28,0.30,0.17
0.72,"4,495","1,445",0.24,"364,649","55,921","56,657","22,269",0.28,0.28,0.16
0.73,"4,424","1,431",0.24,"369,073","51,497","58,088","20,838",0.29,0.26,0.14
0.74,"4,087","1,396",0.25,"373,160","47,410","59,484","19,442",0.29,0.25,0.13
0.75,"4,160","1,473",0.26,"377,320","43,250","60,957","17,969",0.29,0.23,0.12
0.76,"3,978","1,366",0.26,"381,298","39,272","62,323","16,603",0.30,0.21,0.11
0.77,"3,475","1,278",0.27,"384,773","35,797","63,601","15,325",0.30,0.19,0.10
0.78,"3,491","1,331",0.28,"388,264","32,306","64,932","13,994",0.30,0.18,0.09
0.79,"3,076","1,214",0.28,"391,340","29,230","66,146","12,780",0.30,0.16,0.08
0.8,"2,637","1,029",0.28,"393,977","26,593","67,175","11,751",0.31,0.15,0.08
0.81,"2,504",945,0.27,"396,481","24,089","68,120","10,806",0.31,0.14,0.07
0.82,"2,390","1,014",0.30,"398,871","21,699","69,134","9,792",0.31,0.12,0.06
0.83,"1,978",774,0.28,"400,849","19,721","69,908","9,018",0.31,0.11,0.06
0.84,"1,703",713,0.30,"402,552","18,018","70,621","8,305",0.32,0.11,0.05
0.85,"1,914",796,0.29,"404,466","16,104","71,417","7,509",0.32,0.10,0.05
0.86,"1,531",621,0.29,"405,997","14,573","72,038","6,888",0.32,0.09,0.04
0.87,"1,424",628,0.31,"407,421","13,149","72,666","6,260",0.32,0.08,0.04
0.88,"1,461",567,0.28,"408,882","11,688","73,233","5,693",0.33,0.07,0.03
0.89,"1,210",485,0.29,"410,092","10,478","73,718","5,208",0.33,0.07,0.03
0.9,982,434,0.31,"411,074","9,496","74,152","4,774",0.33,0.06,0.03
0.91,709,355,0.33,"411,783","8,787","74,507","4,419",0.33,0.06,0.03
0.92,831,387,0.32,"412,614","7,956","74,894","4,032",0.34,0.05,0.02
0.93,691,315,0.31,"413,305","7,265","75,209","3,717",0.34,0.05,0.02
0.94,634,289,0.31,"413,939","6,631","75,498","3,428",0.34,0.04,0.02
0.95,573,272,0.32,"414,512","6,058","75,770","3,156",0.34,0.04,0.02
0.96,609,295,0.33,"415,121","5,449","76,065","2,861",0.34,0.04,0.02
0.97,451,209,0.32,"415,572","4,998","76,274","2,652",0.35,0.03,0.02
0.98,465,221,0.32,"416,037","4,533","76,495","2,431",0.35,0.03,0.01
0.99,477,235,0.33,"416,514","4,056","76,730","2,196",0.35,0.03,0.01
1.0,"4,056","2,196",0.35,"420,570",0,"78,926",0,nan,0.00,0.00
