p,Neg,Pos,mPrec,TN,FP,FN,TP,Prec,Rec,$\hat{p}$
0.0,"1,806",53,0.03,"1,806","178,439",53,"33,772",0.16,1.00,0.99
0.01,450,17,0.04,"2,256","177,989",70,"33,755",0.16,1.00,0.99
0.02,556,14,0.02,"2,812","177,433",84,"33,741",0.16,1.00,0.99
0.03,634,21,0.03,"3,446","176,799",105,"33,720",0.16,1.00,0.98
0.04,752,20,0.03,"4,198","176,047",125,"33,700",0.16,1.00,0.98
0.05,869,29,0.03,"5,067","175,178",154,"33,671",0.16,1.00,0.98
0.06,948,41,0.04,"6,015","174,230",195,"33,630",0.16,0.99,0.97
0.07,"1,153",50,0.04,"7,168","173,077",245,"33,580",0.16,0.99,0.97
0.08,"1,209",52,0.04,"8,377","171,868",297,"33,528",0.16,0.99,0.96
0.09,"1,314",57,0.04,"9,691","170,554",354,"33,471",0.16,0.99,0.95
0.1,"1,433",54,0.04,"11,124","169,121",408,"33,417",0.16,0.99,0.95
0.11,"1,623",78,0.05,"12,747","167,498",486,"33,339",0.17,0.99,0.94
0.12,"1,669",72,0.04,"14,416","165,829",558,"33,267",0.17,0.98,0.93
0.13,"1,688",105,0.06,"16,104","164,141",663,"33,162",0.17,0.98,0.92
0.14,"1,910",108,0.05,"18,014","162,231",771,"33,054",0.17,0.98,0.91
0.15,"2,005",97,0.05,"20,019","160,226",868,"32,957",0.17,0.97,0.90
0.16,"1,987",112,0.05,"22,006","158,239",980,"32,845",0.17,0.97,0.89
0.17,"2,124",153,0.07,"24,130","156,115","1,133","32,692",0.17,0.97,0.88
0.18,"2,185",140,0.06,"26,315","153,930","1,273","32,552",0.17,0.96,0.87
0.19,"2,300",165,0.07,"28,615","151,630","1,438","32,387",0.18,0.96,0.86
0.2,"2,502",161,0.06,"31,117","149,128","1,599","32,226",0.18,0.95,0.85
0.21,"2,650",173,0.06,"33,767","146,478","1,772","32,053",0.18,0.95,0.83
0.22,"2,566",212,0.08,"36,333","143,912","1,984","31,841",0.18,0.94,0.82
0.23,"2,776",215,0.07,"39,109","141,136","2,199","31,626",0.18,0.93,0.81
0.24,"2,915",258,0.08,"42,024","138,221","2,457","31,368",0.18,0.93,0.79
0.25,"3,108",245,0.07,"45,132","135,113","2,702","31,123",0.19,0.92,0.78
0.26,"2,977",264,0.08,"48,109","132,136","2,966","30,859",0.19,0.91,0.76
0.27,"3,268",312,0.09,"51,377","128,868","3,278","30,547",0.19,0.90,0.74
0.28,"3,399",330,0.09,"54,776","125,469","3,608","30,217",0.19,0.89,0.73
0.29,"3,540",379,0.10,"58,316","121,929","3,987","29,838",0.20,0.88,0.71
0.3,"3,711",398,0.10,"62,027","118,218","4,385","29,440",0.20,0.87,0.69
0.31,"3,728",384,0.09,"65,755","114,490","4,769","29,056",0.20,0.86,0.67
0.32,"3,792",434,0.10,"69,547","110,698","5,203","28,622",0.21,0.85,0.65
0.33,"3,946",471,0.11,"73,493","106,752","5,674","28,151",0.21,0.83,0.63
0.34,"3,964",499,0.11,"77,457","102,788","6,173","27,652",0.21,0.82,0.61
0.35,"4,072",504,0.11,"81,529","98,716","6,677","27,148",0.22,0.80,0.59
0.36,"4,118",551,0.12,"85,647","94,598","7,228","26,597",0.22,0.79,0.57
0.37,"3,975",533,0.12,"89,622","90,623","7,761","26,064",0.22,0.77,0.55
0.38,"4,268",622,0.13,"93,890","86,355","8,383","25,442",0.23,0.75,0.52
0.39,"4,281",633,0.13,"98,171","82,074","9,016","24,809",0.23,0.73,0.50
0.4,"4,194",633,0.13,"102,365","77,880","9,649","24,176",0.24,0.71,0.48
0.41,"4,158",691,0.14,"106,523","73,722","10,340","23,485",0.24,0.69,0.45
0.42,"3,940",666,0.14,"110,463","69,782","11,006","22,819",0.25,0.67,0.43
0.43,"3,965",736,0.16,"114,428","65,817","11,742","22,083",0.25,0.65,0.41
0.44,"3,841",676,0.15,"118,269","61,976","12,418","21,407",0.26,0.63,0.39
0.45,"3,760",697,0.16,"122,029","58,216","13,115","20,710",0.26,0.61,0.37
0.46,"3,639",795,0.18,"125,668","54,577","13,910","19,915",0.27,0.59,0.35
0.47,"3,511",704,0.17,"129,179","51,066","14,614","19,211",0.27,0.57,0.33
0.48,"3,411",773,0.18,"132,590","47,655","15,387","18,438",0.28,0.55,0.31
0.49,"3,331",767,0.19,"135,921","44,324","16,154","17,671",0.29,0.52,0.29
0.5,"3,148",729,0.19,"139,069","41,176","16,883","16,942",0.29,0.50,0.27
0.51,"3,002",727,0.19,"142,071","38,174","17,610","16,215",0.30,0.48,0.25
0.52,"2,821",761,0.21,"144,892","35,353","18,371","15,454",0.30,0.46,0.24
0.53,"2,714",694,0.20,"147,606","32,639","19,065","14,760",0.31,0.44,0.22
0.54,"2,446",737,0.23,"150,052","30,193","19,802","14,023",0.32,0.41,0.21
0.55,"2,254",636,0.22,"152,306","27,939","20,438","13,387",0.32,0.40,0.19
0.56,"2,236",635,0.22,"154,542","25,703","21,073","12,752",0.33,0.38,0.18
0.57,"1,946",646,0.25,"156,488","23,757","21,719","12,106",0.34,0.36,0.17
0.58,"1,911",612,0.24,"158,399","21,846","22,331","11,494",0.34,0.34,0.16
0.59,"1,733",584,0.25,"160,132","20,113","22,915","10,910",0.35,0.32,0.14
0.6,"1,675",492,0.23,"161,807","18,438","23,407","10,418",0.36,0.31,0.13
0.61,"1,477",560,0.27,"163,284","16,961","23,967","9,858",0.37,0.29,0.13
0.62,"1,345",481,0.26,"164,629","15,616","24,448","9,377",0.38,0.28,0.12
0.63,"1,353",474,0.26,"165,982","14,263","24,922","8,903",0.38,0.26,0.11
0.64,"1,165",451,0.28,"167,147","13,098","25,373","8,452",0.39,0.25,0.10
0.65,991,418,0.30,"168,138","12,107","25,791","8,034",0.40,0.24,0.09
0.66,885,433,0.33,"169,023","11,222","26,224","7,601",0.40,0.22,0.09
0.67,827,421,0.34,"169,850","10,395","26,645","7,180",0.41,0.21,0.08
0.68,793,379,0.32,"170,643","9,602","27,024","6,801",0.41,0.20,0.08
0.69,738,356,0.33,"171,381","8,864","27,380","6,445",0.42,0.19,0.07
0.7,692,331,0.32,"172,073","8,172","27,711","6,114",0.43,0.18,0.07
0.71,612,324,0.35,"172,685","7,560","28,035","5,790",0.43,0.17,0.06
0.72,547,332,0.38,"173,232","7,013","28,367","5,458",0.44,0.16,0.06
0.73,539,302,0.36,"173,771","6,474","28,669","5,156",0.44,0.15,0.05
0.74,454,292,0.39,"174,225","6,020","28,961","4,864",0.45,0.14,0.05
0.75,459,277,0.38,"174,684","5,561","29,238","4,587",0.45,0.14,0.05
0.76,432,252,0.37,"175,116","5,129","29,490","4,335",0.46,0.13,0.04
0.77,412,235,0.36,"175,528","4,717","29,725","4,100",0.47,0.12,0.04
0.78,370,250,0.40,"175,898","4,347","29,975","3,850",0.47,0.11,0.04
0.79,357,245,0.41,"176,255","3,990","30,220","3,605",0.47,0.11,0.04
0.8,312,229,0.42,"176,567","3,678","30,449","3,376",0.48,0.10,0.03
0.81,344,235,0.41,"176,911","3,334","30,684","3,141",0.49,0.09,0.03
0.82,284,233,0.45,"177,195","3,050","30,917","2,908",0.49,0.09,0.03
0.83,281,241,0.46,"177,476","2,769","31,158","2,667",0.49,0.08,0.03
0.84,260,197,0.43,"177,736","2,509","31,355","2,470",0.50,0.07,0.02
0.85,238,220,0.48,"177,974","2,271","31,575","2,250",0.50,0.07,0.02
0.86,246,211,0.46,"178,220","2,025","31,786","2,039",0.50,0.06,0.02
0.87,211,153,0.42,"178,431","1,814","31,939","1,886",0.51,0.06,0.02
0.88,195,168,0.46,"178,626","1,619","32,107","1,718",0.51,0.05,0.02
0.89,175,183,0.51,"178,801","1,444","32,290","1,535",0.52,0.05,0.01
0.9,161,185,0.53,"178,962","1,283","32,475","1,350",0.51,0.04,0.01
0.91,181,159,0.47,"179,143","1,102","32,634","1,191",0.52,0.04,0.01
0.92,128,153,0.54,"179,271",974,"32,787","1,038",0.52,0.03,0.01
0.93,134,124,0.48,"179,405",840,"32,911",914,0.52,0.03,0.01
0.94,114,125,0.52,"179,519",726,"33,036",789,0.52,0.02,0.01
0.95,94,90,0.49,"179,613",632,"33,126",699,0.53,0.02,0.01
0.96,93,89,0.49,"179,706",539,"33,215",610,0.53,0.02,0.01
0.97,89,73,0.45,"179,795",450,"33,288",537,0.54,0.02,0.00
0.98,81,66,0.45,"179,876",369,"33,354",471,0.56,0.01,0.00
0.99,50,70,0.58,"179,926",319,"33,424",401,0.56,0.01,0.00
1.0,319,401,0.56,"180,245",0,"33,825",0,nan,0.00,0.00
