p,Neg,Pos,mPrec,TN,FP,FN,TP,Prec,Rec,FP/P,$\hat{p}$
0.0,1,0,0.00,1,"600,814",0,"112,751",0.16,1.00,5.328680011707213,1.00
0.1,199,5,0.02,200,"600,615",5,"112,746",0.16,1.00,5.326915060620305,1.00
0.2,"11,374",358,0.03,"11,574","589,241",363,"112,388",0.16,1.00,5.226037906537415,0.98
0.3,"80,389","4,231",0.05,"91,963","508,852","4,594","108,157",0.18,0.96,4.513059751133028,0.86
0.4,"166,478","15,878",0.09,"258,441","342,374","20,472","92,279",0.21,0.82,3.036549564970599,0.61
0.5,"202,143","34,931",0.15,"460,584","140,231","55,403","57,348",0.29,0.51,1.2437228938102545,0.28
0.6,"100,578","30,888",0.23,"561,162","39,653","86,291","26,460",0.40,0.23,0.35168645954359606,0.09
0.7,"28,270","15,731",0.36,"589,432","11,383","102,022","10,729",0.49,0.10,0.10095697599134376,0.03
0.8,"9,760","8,735",0.47,"599,192","1,623","110,757","1,994",0.55,0.02,0.014394550824382932,0.01
0.9,"1,573","1,927",0.55,"600,765",50,"112,684",67,0.57,0.00,0.0004434550469618895,0.00
1.0,50,67,0.57,"600,815",0,"112,751",0,nan,0.00,0.0,0.00
