p,Neg,Pos,mPrec,TN,FP,FN,TP,Prec,Rec,$\hat{p}$
0.0,3,0,0.00,3,"180,242",0,"33,825",0.16,1.00,1.00
0.1,"1,141",60,0.05,"1,144","179,101",60,"33,765",0.16,1.00,0.99
0.2,"24,661","1,523",0.06,"25,805","154,440","1,583","32,242",0.17,0.95,0.87
0.3,"15,574","1,381",0.08,"41,379","138,866","2,964","30,861",0.18,0.91,0.79
0.4,"30,660","3,872",0.11,"72,039","108,206","6,836","26,989",0.20,0.80,0.63
0.5,"44,610","7,701",0.15,"116,649","63,596","14,537","19,288",0.23,0.57,0.39
0.6,"29,309","6,736",0.19,"145,958","34,287","21,273","12,552",0.27,0.37,0.22
0.7,"23,592","7,812",0.25,"169,550","10,695","29,085","4,740",0.31,0.14,0.07
0.8,"8,017","3,395",0.30,"177,567","2,678","32,480","1,345",0.33,0.04,0.02
0.9,"2,420","1,180",0.33,"179,987",258,"33,660",165,0.39,0.00,0.00
1.0,258,165,0.39,"180,245",0,"33,825",0,nan,0.00,0.00
