p,Neg,Pos,mPrec,TN,FP,FN,TP,Prec,Rec,$\hat{p}$
0.0,"6,617",199,0.03,"6,617","413,953",199,"78,727",0.16,1.00,0.99
0.05,"9,348",350,0.04,"15,965","404,605",549,"78,377",0.16,0.99,0.97
0.1,"15,370",731,0.05,"31,335","389,235","1,280","77,646",0.17,0.98,0.93
0.15,"20,662","1,138",0.05,"51,997","368,573","2,418","76,508",0.17,0.97,0.89
0.2,"26,109","1,740",0.06,"78,106","342,464","4,158","74,768",0.18,0.95,0.84
0.25,"31,770","2,548",0.07,"109,876","310,694","6,706","72,220",0.19,0.92,0.77
0.3,"37,415","3,730",0.09,"147,291","273,279","10,436","68,490",0.20,0.87,0.68
0.35,"43,304","5,067",0.10,"190,595","229,975","15,503","63,423",0.22,0.80,0.59
0.4,"45,792","6,629",0.13,"236,387","184,183","22,132","56,794",0.24,0.72,0.48
0.45,"44,007","7,723",0.15,"280,394","140,176","29,855","49,071",0.26,0.62,0.38
0.5,"38,927","8,118",0.17,"319,321","101,249","37,973","40,953",0.29,0.52,0.28
0.55,"30,748","7,721",0.20,"350,069","70,501","45,694","33,232",0.32,0.42,0.21
0.6,"22,589","6,936",0.23,"372,658","47,912","52,630","26,296",0.35,0.33,0.15
0.65,"15,670","5,813",0.27,"388,328","32,242","58,443","20,483",0.39,0.26,0.11
0.7,"10,159","4,540",0.31,"398,487","22,083","62,983","15,943",0.42,0.20,0.08
0.75,"6,798","3,522",0.34,"405,285","15,285","66,505","12,421",0.45,0.16,0.06
0.8,"4,809","3,079",0.39,"410,094","10,476","69,584","9,342",0.47,0.12,0.04
0.85,"3,547","2,532",0.42,"413,641","6,929","72,116","6,810",0.50,0.09,0.03
0.9,"2,687","2,240",0.45,"416,328","4,242","74,356","4,570",0.52,0.06,0.02
0.95,"1,969","1,911",0.49,"418,297","2,273","76,267","2,659",0.54,0.03,0.01
1.0,"2,273","2,659",0.54,"420,570",0,"78,926",0,nan,0.00,0.00
