p,Neg,Pos,mPrec,TN,FP,FN,TP,Prec,Rec,$\hat{p}$
0.0,"48,014",0,0.00,"48,014","372,556",0,"78,926",0.17,1.00,0.90
0.01,0,0,nan,"48,014","372,556",0,"78,926",0.17,1.00,0.90
0.02,61,0,0.00,"48,075","372,495",0,"78,926",0.17,1.00,0.90
0.03,178,0,0.00,"48,253","372,317",0,"78,926",0.17,1.00,0.90
0.04,808,1,0.00,"49,061","371,509",1,"78,925",0.18,1.00,0.90
0.05,"2,978",0,0.00,"52,039","368,531",1,"78,925",0.18,1.00,0.90
0.06,122,0,0.00,"52,161","368,409",1,"78,925",0.18,1.00,0.90
0.07,"1,425",0,0.00,"53,586","366,984",1,"78,925",0.18,1.00,0.89
0.08,763,0,0.00,"54,349","366,221",1,"78,925",0.18,1.00,0.89
0.09,175,0,0.00,"54,524","366,046",1,"78,925",0.18,1.00,0.89
0.1,"64,989",0,0.00,"119,513","301,057",1,"78,925",0.21,1.00,0.76
0.11,19,0,0.00,"119,532","301,038",1,"78,925",0.21,1.00,0.76
0.12,300,0,0.00,"119,832","300,738",1,"78,925",0.21,1.00,0.76
0.13,326,0,0.00,"120,158","300,412",1,"78,925",0.21,1.00,0.76
0.14,"1,032",2,0.00,"121,190","299,380",3,"78,923",0.21,1.00,0.76
0.15,"5,024",4,0.00,"126,214","294,356",7,"78,919",0.21,1.00,0.75
0.16,240,1,0.00,"126,454","294,116",8,"78,918",0.21,1.00,0.75
0.17,"2,369",1,0.00,"128,823","291,747",9,"78,917",0.21,1.00,0.74
0.18,"1,306",6,0.00,"130,129","290,441",15,"78,911",0.21,1.00,0.74
0.19,393,2,0.01,"130,522","290,048",17,"78,909",0.21,1.00,0.74
0.2,"65,859",25,0.00,"196,381","224,189",42,"78,884",0.26,1.00,0.61
0.21,94,5,0.05,"196,475","224,095",47,"78,879",0.26,1.00,0.61
0.22,402,8,0.02,"196,877","223,693",55,"78,871",0.26,1.00,0.61
0.23,437,2,0.00,"197,314","223,256",57,"78,869",0.26,1.00,0.60
0.24,"1,153",8,0.01,"198,467","222,103",65,"78,861",0.26,1.00,0.60
0.25,"5,360",26,0.00,"203,827","216,743",91,"78,835",0.27,1.00,0.59
0.26,242,5,0.02,"204,069","216,501",96,"78,830",0.27,1.00,0.59
0.27,"2,529",18,0.01,"206,598","213,972",114,"78,812",0.27,1.00,0.59
0.28,"1,494",10,0.01,"208,092","212,478",124,"78,802",0.27,1.00,0.58
0.29,547,18,0.03,"208,639","211,931",142,"78,784",0.27,1.00,0.58
0.3,"57,140",139,0.00,"265,779","154,791",281,"78,645",0.34,1.00,0.47
0.31,184,11,0.06,"265,963","154,607",292,"78,634",0.34,1.00,0.47
0.32,536,23,0.04,"266,499","154,071",315,"78,611",0.34,1.00,0.47
0.33,436,22,0.05,"266,935","153,635",337,"78,589",0.34,1.00,0.46
0.34,995,25,0.02,"267,930","152,640",362,"78,564",0.34,1.00,0.46
0.35,"4,668",86,0.02,"272,598","147,972",448,"78,478",0.35,0.99,0.45
0.36,351,22,0.06,"272,949","147,621",470,"78,456",0.35,0.99,0.45
0.37,"2,512",55,0.02,"275,461","145,109",525,"78,401",0.35,0.99,0.45
0.38,"1,368",42,0.03,"276,829","143,741",567,"78,359",0.35,0.99,0.44
0.39,543,48,0.08,"277,372","143,198",615,"78,311",0.35,0.99,0.44
0.4,"43,511",588,0.01,"320,883","99,687","1,203","77,723",0.44,0.98,0.36
0.41,238,30,0.11,"321,121","99,449","1,233","77,693",0.44,0.98,0.35
0.42,574,72,0.11,"321,695","98,875","1,305","77,621",0.44,0.98,0.35
0.43,509,66,0.11,"322,204","98,366","1,371","77,555",0.44,0.98,0.35
0.44,804,86,0.10,"323,008","97,562","1,457","77,469",0.44,0.98,0.35
0.45,"3,900",276,0.07,"326,908","93,662","1,733","77,193",0.45,0.98,0.34
0.46,276,36,0.12,"327,184","93,386","1,769","77,157",0.45,0.98,0.34
0.47,"1,913",155,0.07,"329,097","91,473","1,924","77,002",0.46,0.98,0.34
0.48,"1,245",100,0.07,"330,342","90,228","2,024","76,902",0.46,0.97,0.33
0.49,431,88,0.17,"330,773","89,797","2,112","76,814",0.46,0.97,0.33
0.5,"30,229","1,887",0.06,"361,002","59,568","3,999","74,927",0.56,0.95,0.27
0.51,255,62,0.20,"361,257","59,313","4,061","74,865",0.56,0.95,0.27
0.52,682,204,0.23,"361,939","58,631","4,265","74,661",0.56,0.95,0.27
0.53,420,122,0.23,"362,359","58,211","4,387","74,539",0.56,0.94,0.27
0.54,737,163,0.18,"363,096","57,474","4,550","74,376",0.56,0.94,0.26
0.55,"2,943",633,0.18,"366,039","54,531","5,183","73,743",0.57,0.93,0.26
0.56,292,69,0.19,"366,331","54,239","5,252","73,674",0.58,0.93,0.26
0.57,"1,536",351,0.19,"367,867","52,703","5,603","73,323",0.58,0.93,0.25
0.58,850,171,0.17,"368,717","51,853","5,774","73,152",0.59,0.93,0.25
0.59,470,148,0.24,"369,187","51,383","5,922","73,004",0.59,0.92,0.25
0.6,"18,599","4,703",0.20,"387,786","32,784","10,625","68,301",0.68,0.87,0.20
0.61,263,91,0.26,"388,049","32,521","10,716","68,210",0.68,0.86,0.20
0.62,586,300,0.34,"388,635","31,935","11,016","67,910",0.68,0.86,0.20
0.63,391,164,0.30,"389,026","31,544","11,180","67,746",0.68,0.86,0.20
0.64,530,217,0.29,"389,556","31,014","11,397","67,529",0.69,0.86,0.20
0.65,"1,986",972,0.33,"391,542","29,028","12,369","66,557",0.70,0.84,0.19
0.66,220,97,0.31,"391,762","28,808","12,466","66,460",0.70,0.84,0.19
0.67,"1,129",533,0.32,"392,891","27,679","12,999","65,927",0.70,0.84,0.19
0.68,614,286,0.32,"393,505","27,065","13,285","65,641",0.71,0.83,0.19
0.69,385,195,0.34,"393,890","26,680","13,480","65,446",0.71,0.83,0.18
0.7,"10,619","9,351",0.47,"404,509","16,061","22,831","56,095",0.78,0.71,0.14
0.71,161,86,0.35,"404,670","15,900","22,917","56,009",0.78,0.71,0.14
0.72,576,388,0.40,"405,246","15,324","23,305","55,621",0.78,0.70,0.14
0.73,324,216,0.40,"405,570","15,000","23,521","55,405",0.79,0.70,0.14
0.74,405,297,0.42,"405,975","14,595","23,818","55,108",0.79,0.70,0.14
0.75,"1,502","1,346",0.47,"407,477","13,093","25,164","53,762",0.80,0.68,0.13
0.76,207,131,0.39,"407,684","12,886","25,295","53,631",0.81,0.68,0.13
0.77,760,673,0.47,"408,444","12,126","25,968","52,958",0.81,0.67,0.13
0.78,411,341,0.45,"408,855","11,715","26,309","52,617",0.82,0.67,0.13
0.79,286,228,0.44,"409,141","11,429","26,537","52,389",0.82,0.66,0.13
0.8,"5,070","14,548",0.74,"414,211","6,359","41,085","37,841",0.86,0.48,0.09
0.81,113,103,0.48,"414,324","6,246","41,188","37,738",0.86,0.48,0.09
0.82,375,332,0.47,"414,699","5,871","41,520","37,406",0.86,0.47,0.09
0.83,200,187,0.48,"414,899","5,671","41,707","37,219",0.87,0.47,0.09
0.84,306,336,0.52,"415,205","5,365","42,043","36,883",0.87,0.47,0.08
0.85,883,"1,237",0.58,"416,088","4,482","43,280","35,646",0.89,0.45,0.08
0.86,115,123,0.52,"416,203","4,367","43,403","35,523",0.89,0.45,0.08
0.87,439,610,0.58,"416,642","3,928","44,013","34,913",0.90,0.44,0.08
0.88,223,326,0.59,"416,865","3,705","44,339","34,587",0.90,0.44,0.08
0.89,193,240,0.55,"417,058","3,512","44,579","34,347",0.91,0.44,0.08
0.9,"2,024","17,732",0.90,"419,082","1,488","62,311","16,615",0.92,0.21,0.04
0.91,69,80,0.54,"419,151","1,419","62,391","16,535",0.92,0.21,0.04
0.92,182,212,0.54,"419,333","1,237","62,603","16,323",0.93,0.21,0.04
0.93,97,147,0.60,"419,430","1,140","62,750","16,176",0.93,0.20,0.03
0.94,90,184,0.67,"419,520","1,050","62,934","15,992",0.94,0.20,0.03
0.95,336,711,0.68,"419,856",714,"63,645","15,281",0.96,0.19,0.03
0.96,26,67,0.72,"419,882",688,"63,712","15,214",0.96,0.19,0.03
0.97,138,359,0.72,"420,020",550,"64,071","14,855",0.96,0.19,0.03
0.98,76,190,0.71,"420,096",474,"64,261","14,665",0.97,0.19,0.03
0.99,47,150,0.76,"420,143",427,"64,411","14,515",0.97,0.18,0.03
1.0,427,"14,515",0.97,"420,570",0,"78,926",0,nan,0.00,0.00
