,Neg,Pos,N/P,TN,FP,FN,TP,FP/TP,Prec.,Rec.,$\hat{p}$
"(-0.001, 0.01]","22,095",678,32.59,"22,095","158,150",678,"33,147",4.77,0.17,0.98,0.89
"(0.01, 0.02]",0,0,nan,"22,095","158,150",678,"33,147",4.77,0.17,0.98,0.89
"(0.02, 0.03]",0,0,nan,"22,095","158,150",678,"33,147",4.77,0.17,0.98,0.89
"(0.03, 0.04]",9,0,inf,"22,104","158,141",678,"33,147",4.77,0.17,0.98,0.89
"(0.04, 0.05]",51,3,17.00,"22,155","158,090",681,"33,144",4.77,0.17,0.98,0.89
"(0.05, 0.06]",1,0,inf,"22,156","158,089",681,"33,144",4.77,0.17,0.98,0.89
"(0.06, 0.07]",26,1,26.00,"22,182","158,063",682,"33,143",4.77,0.17,0.98,0.89
"(0.07, 0.08]",16,1,16.00,"22,198","158,047",683,"33,142",4.77,0.17,0.98,0.89
"(0.08, 0.09]",0,0,nan,"22,198","158,047",683,"33,142",4.77,0.17,0.98,0.89
"(0.09, 0.1]","28,893","1,553",18.60,"51,091","129,154","2,236","31,589",4.09,0.20,0.93,0.75
"(0.1, 0.11]",0,0,nan,"51,091","129,154","2,236","31,589",4.09,0.20,0.93,0.75
"(0.11, 0.12]",0,0,nan,"51,091","129,154","2,236","31,589",4.09,0.20,0.93,0.75
"(0.12, 0.13]",0,0,nan,"51,091","129,154","2,236","31,589",4.09,0.20,0.93,0.75
"(0.13, 0.14]",9,1,9.00,"51,100","129,145","2,237","31,588",4.09,0.20,0.93,0.75
"(0.14, 0.15]",106,9,11.78,"51,206","129,039","2,246","31,579",4.09,0.20,0.93,0.75
"(0.15, 0.16]",5,1,5.00,"51,211","129,034","2,247","31,578",4.09,0.20,0.93,0.75
"(0.16, 0.17]",42,4,10.50,"51,253","128,992","2,251","31,574",4.09,0.20,0.93,0.75
"(0.17, 0.18]",16,1,16.00,"51,269","128,976","2,252","31,573",4.09,0.20,0.93,0.75
"(0.18, 0.19]",2,0,inf,"51,271","128,974","2,252","31,573",4.08,0.20,0.93,0.75
"(0.19, 0.2]","29,532","2,408",12.26,"80,803","99,442","4,660","29,165",3.41,0.23,0.86,0.60
"(0.2, 0.21]",0,0,nan,"80,803","99,442","4,660","29,165",3.41,0.23,0.86,0.60
"(0.21, 0.22]",1,0,inf,"80,804","99,441","4,660","29,165",3.41,0.23,0.86,0.60
"(0.22, 0.23]",0,0,nan,"80,804","99,441","4,660","29,165",3.41,0.23,0.86,0.60
"(0.23, 0.24]",22,1,22.00,"80,826","99,419","4,661","29,164",3.41,0.23,0.86,0.60
"(0.24, 0.25]",126,11,11.45,"80,952","99,293","4,672","29,153",3.41,0.23,0.86,0.60
"(0.25, 0.26]",2,0,inf,"80,954","99,291","4,672","29,153",3.41,0.23,0.86,0.60
"(0.26, 0.27]",64,10,6.40,"81,018","99,227","4,682","29,143",3.40,0.23,0.86,0.60
"(0.27, 0.28]",31,3,10.33,"81,049","99,196","4,685","29,140",3.40,0.23,0.86,0.60
"(0.28, 0.29]",3,0,inf,"81,052","99,193","4,685","29,140",3.40,0.23,0.86,0.60
"(0.29, 0.3]","27,382","3,140",8.72,"108,434","71,811","7,825","26,000",2.76,0.27,0.77,0.46
"(0.3, 0.31]",0,0,nan,"108,434","71,811","7,825","26,000",2.76,0.27,0.77,0.46
"(0.31, 0.32]",4,0,inf,"108,438","71,807","7,825","26,000",2.76,0.27,0.77,0.46
"(0.32, 0.33]",3,3,1.00,"108,441","71,804","7,828","25,997",2.76,0.27,0.77,0.46
"(0.33, 0.34]",15,2,7.50,"108,456","71,789","7,830","25,995",2.76,0.27,0.77,0.46
"(0.34, 0.35]",159,22,7.23,"108,615","71,630","7,852","25,973",2.76,0.27,0.77,0.46
"(0.35, 0.36]",0,0,nan,"108,615","71,630","7,852","25,973",2.76,0.27,0.77,0.46
"(0.36, 0.37]",53,9,5.89,"108,668","71,577","7,861","25,964",2.76,0.27,0.77,0.46
"(0.37, 0.38]",29,4,7.25,"108,697","71,548","7,865","25,960",2.76,0.27,0.77,0.46
"(0.38, 0.39]",7,0,inf,"108,704","71,541","7,865","25,960",2.76,0.27,0.77,0.46
"(0.39, 0.4]","22,937","3,783",6.06,"131,641","48,604","11,648","22,177",2.19,0.31,0.66,0.33
"(0.4, 0.41]",0,0,nan,"131,641","48,604","11,648","22,177",2.19,0.31,0.66,0.33
"(0.41, 0.42]",3,1,3.00,"131,644","48,601","11,649","22,176",2.19,0.31,0.66,0.33
"(0.42, 0.43]",1,1,1.00,"131,645","48,600","11,650","22,175",2.19,0.31,0.66,0.33
"(0.43, 0.44]",18,3,6.00,"131,663","48,582","11,653","22,172",2.19,0.31,0.66,0.33
"(0.44, 0.45]",145,33,4.39,"131,808","48,437","11,686","22,139",2.19,0.31,0.65,0.33
"(0.45, 0.46]",5,1,5.00,"131,813","48,432","11,687","22,138",2.19,0.31,0.65,0.33
"(0.46, 0.47]",63,13,4.85,"131,876","48,369","11,700","22,125",2.19,0.31,0.65,0.33
"(0.47, 0.48]",27,4,6.75,"131,903","48,342","11,704","22,121",2.19,0.31,0.65,0.33
"(0.48, 0.49]",7,2,3.50,"131,910","48,335","11,706","22,119",2.19,0.31,0.65,0.33
"(0.49, 0.5]","18,098","4,123",4.39,"150,008","30,237","15,829","17,996",1.68,0.37,0.53,0.23
"(0.5, 0.51]",1,1,1.00,"150,009","30,236","15,830","17,995",1.68,0.37,0.53,0.23
"(0.51, 0.52]",3,3,1.00,"150,012","30,233","15,833","17,992",1.68,0.37,0.53,0.23
"(0.52, 0.53]",4,1,4.00,"150,016","30,229","15,834","17,991",1.68,0.37,0.53,0.23
"(0.53, 0.54]",17,7,2.43,"150,033","30,212","15,841","17,984",1.68,0.37,0.53,0.23
"(0.54, 0.55]",103,27,3.81,"150,136","30,109","15,868","17,957",1.68,0.37,0.53,0.22
"(0.55, 0.56]",3,1,3.00,"150,139","30,106","15,869","17,956",1.68,0.37,0.53,0.22
"(0.56, 0.57]",54,9,6.00,"150,193","30,052","15,878","17,947",1.67,0.37,0.53,0.22
"(0.57, 0.58]",17,11,1.55,"150,210","30,035","15,889","17,936",1.67,0.37,0.53,0.22
"(0.58, 0.59]",9,1,9.00,"150,219","30,026","15,890","17,935",1.67,0.37,0.53,0.22
"(0.59, 0.6]","12,661","4,216",3.00,"162,880","17,365","20,106","13,719",1.27,0.44,0.41,0.15
"(0.6, 0.61]",2,1,2.00,"162,882","17,363","20,107","13,718",1.27,0.44,0.41,0.15
"(0.61, 0.62]",8,8,1.00,"162,890","17,355","20,115","13,710",1.27,0.44,0.41,0.15
"(0.62, 0.63]",5,2,2.50,"162,895","17,350","20,117","13,708",1.27,0.44,0.41,0.15
"(0.63, 0.64]",15,1,15.00,"162,910","17,335","20,118","13,707",1.26,0.44,0.41,0.15
"(0.64, 0.65]",81,43,1.88,"162,991","17,254","20,161","13,664",1.26,0.44,0.40,0.14
"(0.65, 0.66]",1,1,1.00,"162,992","17,253","20,162","13,663",1.26,0.44,0.40,0.14
"(0.66, 0.67]",31,16,1.94,"163,023","17,222","20,178","13,647",1.26,0.44,0.40,0.14
"(0.67, 0.68]",15,10,1.50,"163,038","17,207","20,188","13,637",1.26,0.44,0.40,0.14
"(0.68, 0.69]",6,5,1.20,"163,044","17,201","20,193","13,632",1.26,0.44,0.40,0.14
"(0.69, 0.7]","8,218","4,274",1.92,"171,262","8,983","24,467","9,358",0.96,0.51,0.28,0.09
"(0.7, 0.71]",0,0,nan,"171,262","8,983","24,467","9,358",0.96,0.51,0.28,0.09
"(0.71, 0.72]",11,2,5.50,"171,273","8,972","24,469","9,356",0.96,0.51,0.28,0.09
"(0.72, 0.73]",2,4,0.50,"171,275","8,970","24,473","9,352",0.96,0.51,0.28,0.09
"(0.73, 0.74]",2,0,inf,"171,277","8,968","24,473","9,352",0.96,0.51,0.28,0.09
"(0.74, 0.75]",51,31,1.65,"171,328","8,917","24,504","9,321",0.96,0.51,0.28,0.09
"(0.75, 0.76]",4,1,4.00,"171,332","8,913","24,505","9,320",0.96,0.51,0.28,0.09
"(0.76, 0.77]",28,13,2.15,"171,360","8,885","24,518","9,307",0.95,0.51,0.28,0.08
"(0.77, 0.78]",14,11,1.27,"171,374","8,871","24,529","9,296",0.95,0.51,0.27,0.08
"(0.78, 0.79]",3,0,inf,"171,377","8,868","24,529","9,296",0.95,0.51,0.27,0.08
"(0.79, 0.8]","5,096","3,869",1.32,"176,473","3,772","28,398","5,427",0.70,0.59,0.16,0.04
"(0.8, 0.81]",1,0,inf,"176,474","3,771","28,398","5,427",0.69,0.59,0.16,0.04
"(0.81, 0.82]",2,7,0.29,"176,476","3,769","28,405","5,420",0.70,0.59,0.16,0.04
"(0.82, 0.83]",1,0,inf,"176,477","3,768","28,405","5,420",0.70,0.59,0.16,0.04
"(0.83, 0.84]",4,8,0.50,"176,481","3,764","28,413","5,412",0.70,0.59,0.16,0.04
"(0.84, 0.85]",26,27,0.96,"176,507","3,738","28,440","5,385",0.69,0.59,0.16,0.04
"(0.85, 0.86]",0,0,nan,"176,507","3,738","28,440","5,385",0.69,0.59,0.16,0.04
"(0.86, 0.87]",10,11,0.91,"176,517","3,728","28,451","5,374",0.69,0.59,0.16,0.04
"(0.87, 0.88]",8,3,2.67,"176,525","3,720","28,454","5,371",0.69,0.59,0.16,0.04
"(0.88, 0.89]",5,4,1.25,"176,530","3,715","28,458","5,367",0.69,0.59,0.16,0.04
"(0.89, 0.9]","2,658","3,284",0.81,"179,188","1,057","31,742","2,083",0.51,0.66,0.06,0.01
"(0.9, 0.91]",2,1,2.00,"179,190","1,055","31,743","2,082",0.51,0.66,0.06,0.01
"(0.91, 0.92]",0,0,nan,"179,190","1,055","31,743","2,082",0.51,0.66,0.06,0.01
"(0.92, 0.93]",1,2,0.50,"179,191","1,054","31,745","2,080",0.51,0.66,0.06,0.01
"(0.93, 0.94]",1,1,1.00,"179,192","1,053","31,746","2,079",0.51,0.66,0.06,0.01
"(0.94, 0.95]",11,11,1.00,"179,203","1,042","31,757","2,068",0.50,0.66,0.06,0.01
"(0.95, 0.96]",2,0,inf,"179,205","1,040","31,757","2,068",0.50,0.67,0.06,0.01
"(0.96, 0.97]",2,3,0.67,"179,207","1,038","31,760","2,065",0.50,0.67,0.06,0.01
"(0.97, 0.98]",2,3,0.67,"179,209","1,036","31,763","2,062",0.50,0.67,0.06,0.01
"(0.98, 0.99]",1,4,0.25,"179,210","1,035","31,767","2,058",0.50,0.67,0.06,0.01
"(0.99, 1.0]","1,035","2,058",0.50,"180,245",0,"33,825",0,nan,nan,0.00,0.00
