p,Neg,Pos,mPrec,TN,FP,FN,TP,Prec,Rec,$\hat{p}$
0.0,"15,907",913,0.05,"15,907","164,338",913,"32,912",0.17,0.97,0.92
0.1,"24,576","1,762",0.07,"40,483","139,762","2,675","31,150",0.18,0.92,0.80
0.2,"28,288","2,905",0.09,"68,771","111,474","5,580","28,245",0.20,0.84,0.65
0.3,"27,797","3,627",0.12,"96,568","83,677","9,207","24,618",0.23,0.73,0.51
0.4,"24,547","4,117",0.14,"121,115","59,130","13,324","20,501",0.26,0.61,0.37
0.5,"20,080","4,350",0.18,"141,195","39,050","17,674","16,151",0.29,0.48,0.26
0.6,"15,190","4,180",0.22,"156,385","23,860","21,854","11,971",0.33,0.35,0.17
0.7,"10,867","4,071",0.27,"167,252","12,993","25,925","7,900",0.38,0.23,0.10
0.8,"7,068","3,576",0.34,"174,320","5,925","29,501","4,324",0.42,0.13,0.05
0.9,"4,158","2,773",0.40,"178,478","1,767","32,274","1,551",0.47,0.05,0.02
1.0,"1,767","1,551",0.47,"180,245",0,"33,825",0,nan,0.00,0.00
