p,Neg,Pos,mPrec,TN,FP,FN,TP,Prec,Rec,$\hat{p}$
0.0,"22,095",678,0.03,"22,095","158,150",678,"33,147",0.17,0.98,0.89
0.1,"28,996","1,558",0.05,"51,091","129,154","2,236","31,589",0.20,0.93,0.75
0.2,"29,712","2,424",0.08,"80,803","99,442","4,660","29,165",0.23,0.86,0.60
0.3,"27,631","3,165",0.10,"108,434","71,811","7,825","26,000",0.27,0.77,0.46
0.4,"23,207","3,823",0.14,"131,641","48,604","11,648","22,177",0.31,0.66,0.33
0.5,"18,367","4,181",0.19,"150,008","30,237","15,829","17,996",0.37,0.53,0.23
0.6,"12,872","4,277",0.25,"162,880","17,365","20,106","13,719",0.44,0.41,0.15
0.7,"8,382","4,361",0.34,"171,262","8,983","24,467","9,358",0.51,0.28,0.09
0.8,"5,211","3,931",0.43,"176,473","3,772","28,398","5,427",0.59,0.16,0.04
0.9,"2,715","3,344",0.55,"179,188","1,057","31,742","2,083",0.66,0.06,0.01
1.0,"1,057","2,083",0.66,"180,245",0,"33,825",0,nan,0.00,0.00
