p,Neg,Pos,mPrec,TN,FP,FN,TP,Prec,Rec,$\hat{p}$
0.0,0,0,nan,0,"180,245",0,"33,825",0.16,1.00,1.00
0.01,0,0,nan,0,"180,245",0,"33,825",0.16,1.00,1.00
0.02,0,0,nan,0,"180,245",0,"33,825",0.16,1.00,1.00
0.03,"22,095",678,0.03,"22,095","158,150",678,"33,147",0.17,0.98,0.89
0.04,0,0,nan,"22,095","158,150",678,"33,147",0.17,0.98,0.89
0.05,0,0,nan,"22,095","158,150",678,"33,147",0.17,0.98,0.89
0.06,9,0,0.00,"22,104","158,141",678,"33,147",0.17,0.98,0.89
0.07,0,0,nan,"22,104","158,141",678,"33,147",0.17,0.98,0.89
0.08,51,3,0.06,"22,155","158,090",681,"33,144",0.17,0.98,0.89
0.09,27,1,0.04,"22,182","158,063",682,"33,143",0.17,0.98,0.89
0.1,9,1,0.10,"22,191","158,054",683,"33,142",0.17,0.98,0.89
0.11,7,0,0.00,"22,198","158,047",683,"33,142",0.17,0.98,0.89
0.12,"28,893","1,553",0.05,"51,091","129,154","2,236","31,589",0.20,0.93,0.75
0.13,0,0,nan,"51,091","129,154","2,236","31,589",0.20,0.93,0.75
0.14,0,0,nan,"51,091","129,154","2,236","31,589",0.20,0.93,0.75
0.15,0,0,nan,"51,091","129,154","2,236","31,589",0.20,0.93,0.75
0.16,9,1,0.10,"51,100","129,145","2,237","31,588",0.20,0.93,0.75
0.17,106,9,0.08,"51,206","129,039","2,246","31,579",0.20,0.93,0.75
0.18,5,1,0.17,"51,211","129,034","2,247","31,578",0.20,0.93,0.75
0.19,42,4,0.09,"51,253","128,992","2,251","31,574",0.20,0.93,0.75
0.2,18,1,0.05,"51,271","128,974","2,252","31,573",0.20,0.93,0.75
0.21,0,0,nan,"51,271","128,974","2,252","31,573",0.20,0.93,0.75
0.22,"29,532","2,408",0.08,"80,803","99,442","4,660","29,165",0.23,0.86,0.60
0.23,0,0,nan,"80,803","99,442","4,660","29,165",0.23,0.86,0.60
0.24,1,0,0.00,"80,804","99,441","4,660","29,165",0.23,0.86,0.60
0.25,22,0,0.00,"80,826","99,419","4,660","29,165",0.23,0.86,0.60
0.26,0,1,1.00,"80,826","99,419","4,661","29,164",0.23,0.86,0.60
0.27,126,11,0.08,"80,952","99,293","4,672","29,153",0.23,0.86,0.60
0.28,66,10,0.13,"81,018","99,227","4,682","29,143",0.23,0.86,0.60
0.29,17,1,0.06,"81,035","99,210","4,683","29,142",0.23,0.86,0.60
0.3,17,2,0.11,"81,052","99,193","4,685","29,140",0.23,0.86,0.60
0.31,"27,382","3,140",0.10,"108,434","71,811","7,825","26,000",0.27,0.77,0.46
0.32,0,0,nan,"108,434","71,811","7,825","26,000",0.27,0.77,0.46
0.33,4,0,0.00,"108,438","71,807","7,825","26,000",0.27,0.77,0.46
0.34,3,3,0.50,"108,441","71,804","7,828","25,997",0.27,0.77,0.46
0.35,15,2,0.12,"108,456","71,789","7,830","25,995",0.27,0.77,0.46
0.36,159,22,0.12,"108,615","71,630","7,852","25,973",0.27,0.77,0.46
0.37,0,0,nan,"108,615","71,630","7,852","25,973",0.27,0.77,0.46
0.38,53,9,0.15,"108,668","71,577","7,861","25,964",0.27,0.77,0.46
0.39,32,4,0.11,"108,700","71,545","7,865","25,960",0.27,0.77,0.46
0.4,4,0,0.00,"108,704","71,541","7,865","25,960",0.27,0.77,0.46
0.41,"22,937","3,783",0.14,"131,641","48,604","11,648","22,177",0.31,0.66,0.33
0.42,0,0,nan,"131,641","48,604","11,648","22,177",0.31,0.66,0.33
0.43,4,2,0.33,"131,645","48,600","11,650","22,175",0.31,0.66,0.33
0.44,18,3,0.14,"131,663","48,582","11,653","22,172",0.31,0.66,0.33
0.45,1,0,0.00,"131,664","48,581","11,653","22,172",0.31,0.66,0.33
0.46,144,33,0.19,"131,808","48,437","11,686","22,139",0.31,0.65,0.33
0.47,68,14,0.17,"131,876","48,369","11,700","22,125",0.31,0.65,0.33
0.48,20,3,0.13,"131,896","48,349","11,703","22,122",0.31,0.65,0.33
0.49,14,3,0.18,"131,910","48,335","11,706","22,119",0.31,0.65,0.33
0.5,"18,098","4,123",0.19,"150,008","30,237","15,829","17,996",0.37,0.53,0.23
0.51,1,1,0.50,"150,009","30,236","15,830","17,995",0.37,0.53,0.23
0.52,3,3,0.50,"150,012","30,233","15,833","17,992",0.37,0.53,0.23
0.53,4,1,0.20,"150,016","30,229","15,834","17,991",0.37,0.53,0.23
0.54,17,7,0.29,"150,033","30,212","15,841","17,984",0.37,0.53,0.23
0.55,103,27,0.21,"150,136","30,109","15,868","17,957",0.37,0.53,0.22
0.56,3,1,0.25,"150,139","30,106","15,869","17,956",0.37,0.53,0.22
0.57,54,9,0.14,"150,193","30,052","15,878","17,947",0.37,0.53,0.22
0.58,23,12,0.34,"150,216","30,029","15,890","17,935",0.37,0.53,0.22
0.59,4,0,0.00,"150,220","30,025","15,890","17,935",0.37,0.53,0.22
0.6,"12,660","4,216",0.25,"162,880","17,365","20,106","13,719",0.44,0.41,0.15
0.61,2,1,0.33,"162,882","17,363","20,107","13,718",0.44,0.41,0.15
0.62,11,10,0.48,"162,893","17,352","20,117","13,708",0.44,0.41,0.15
0.63,17,1,0.06,"162,910","17,335","20,118","13,707",0.44,0.41,0.15
0.64,1,2,0.67,"162,911","17,334","20,120","13,705",0.44,0.41,0.14
0.65,80,42,0.34,"162,991","17,254","20,162","13,663",0.44,0.40,0.14
0.66,32,16,0.33,"163,023","17,222","20,178","13,647",0.44,0.40,0.14
0.67,10,8,0.44,"163,033","17,212","20,186","13,639",0.44,0.40,0.14
0.68,11,7,0.39,"163,044","17,201","20,193","13,632",0.44,0.40,0.14
0.69,"8,218","4,274",0.34,"171,262","8,983","24,467","9,358",0.51,0.28,0.09
0.7,0,0,nan,"171,262","8,983","24,467","9,358",0.51,0.28,0.09
0.71,11,2,0.15,"171,273","8,972","24,469","9,356",0.51,0.28,0.09
0.72,2,4,0.67,"171,275","8,970","24,473","9,352",0.51,0.28,0.09
0.73,3,0,0.00,"171,278","8,967","24,473","9,352",0.51,0.28,0.09
0.74,50,31,0.38,"171,328","8,917","24,504","9,321",0.51,0.28,0.09
0.75,4,1,0.20,"171,332","8,913","24,505","9,320",0.51,0.28,0.09
0.76,29,13,0.31,"171,361","8,884","24,518","9,307",0.51,0.28,0.08
0.77,15,11,0.42,"171,376","8,869","24,529","9,296",0.51,0.27,0.08
0.78,2,3,0.60,"171,378","8,867","24,532","9,293",0.51,0.27,0.08
0.79,"5,095","3,866",0.43,"176,473","3,772","28,398","5,427",0.59,0.16,0.04
0.8,1,0,0.00,"176,474","3,771","28,398","5,427",0.59,0.16,0.04
0.81,2,7,0.78,"176,476","3,769","28,405","5,420",0.59,0.16,0.04
0.82,5,8,0.62,"176,481","3,764","28,413","5,412",0.59,0.16,0.04
0.83,1,2,0.67,"176,482","3,763","28,415","5,410",0.59,0.16,0.04
0.84,25,25,0.50,"176,507","3,738","28,440","5,385",0.59,0.16,0.04
0.85,10,11,0.52,"176,517","3,728","28,451","5,374",0.59,0.16,0.04
0.86,8,3,0.27,"176,525","3,720","28,454","5,371",0.59,0.16,0.04
0.87,4,4,0.50,"176,529","3,716","28,458","5,367",0.59,0.16,0.04
0.88,"2,659","3,284",0.55,"179,188","1,057","31,742","2,083",0.66,0.06,0.01
0.89,2,1,0.33,"179,190","1,055","31,743","2,082",0.66,0.06,0.01
0.9,0,0,nan,"179,190","1,055","31,743","2,082",0.66,0.06,0.01
0.91,1,2,0.67,"179,191","1,054","31,745","2,080",0.66,0.06,0.01
0.92,2,3,0.60,"179,193","1,052","31,748","2,077",0.66,0.06,0.01
0.93,10,9,0.47,"179,203","1,042","31,757","2,068",0.66,0.06,0.01
0.94,2,0,0.00,"179,205","1,040","31,757","2,068",0.67,0.06,0.01
0.95,2,3,0.60,"179,207","1,038","31,760","2,065",0.67,0.06,0.01
0.96,3,7,0.70,"179,210","1,035","31,767","2,058",0.67,0.06,0.01
0.97,0,0,nan,"179,210","1,035","31,767","2,058",0.67,0.06,0.01
0.98,"1,035","2,058",0.67,"180,245",0,"33,825",0,nan,0.00,0.00
0.99,0,0,nan,"180,245",0,"33,825",0,nan,0.00,0.00
1.0,0,0,nan,"180,245",0,"33,825",0,nan,0.00,0.00
