p,Neg,Pos,mPrec,TN,FP,FN,TP,Prec,Rec,$\hat{p}$
0.0,"21,211",0,0.00,"21,211","399,359",0,"78,926",0.17,1.00,0.96
0.1,"15,948",119,0.01,"37,159","383,411",119,"78,807",0.17,1.00,0.93
0.2,"39,976","1,049",0.03,"77,135","343,435","1,168","77,758",0.18,0.99,0.84
0.3,"53,894","2,961",0.05,"131,029","289,541","4,129","74,797",0.21,0.95,0.73
0.4,"61,299","5,802",0.09,"192,328","228,242","9,931","68,995",0.23,0.87,0.60
0.5,"70,931","10,315",0.13,"263,259","157,311","20,246","58,680",0.27,0.74,0.43
0.6,"67,716","14,438",0.18,"330,975","89,595","34,684","44,242",0.33,0.56,0.27
0.7,"47,313","14,949",0.24,"378,288","42,282","49,633","29,293",0.41,0.37,0.14
0.8,"27,121","12,855",0.32,"405,409","15,161","62,488","16,438",0.52,0.21,0.06
0.9,"11,548","9,049",0.44,"416,957","3,613","71,537","7,389",0.67,0.09,0.02
1.0,"3,613","7,389",0.67,"420,570",0,"78,926",0,nan,0.00,0.00
