p,Neg,Pos,mPrec,TN,FP,FN,TP,Prec,Rec,$\hat{p}$
0.0,0,0,nan,0,"180,245",0,"33,825",0.16,1.00,1.00
0.01,0,0,nan,0,"180,245",0,"33,825",0.16,1.00,1.00
0.02,0,0,nan,0,"180,245",0,"33,825",0.16,1.00,1.00
0.03,"8,018",619,0.07,"8,018","172,227",619,"33,206",0.16,0.98,0.96
0.04,182,9,0.05,"8,200","172,045",628,"33,197",0.16,0.98,0.96
0.05,264,19,0.07,"8,464","171,781",647,"33,178",0.16,0.98,0.96
0.06,775,65,0.08,"9,239","171,006",712,"33,113",0.16,0.98,0.95
0.07,421,39,0.08,"9,660","170,585",751,"33,074",0.16,0.98,0.95
0.08,"1,059",80,0.07,"10,719","169,526",831,"32,994",0.16,0.98,0.95
0.09,657,57,0.08,"11,376","168,869",888,"32,937",0.16,0.97,0.94
0.1,923,99,0.10,"12,299","167,946",987,"32,838",0.16,0.97,0.94
0.11,987,86,0.08,"13,286","166,959","1,073","32,752",0.16,0.97,0.93
0.12,"1,084",89,0.08,"14,370","165,875","1,162","32,663",0.16,0.97,0.93
0.13,"2,556",247,0.09,"16,926","163,319","1,409","32,416",0.17,0.96,0.91
0.14,847,66,0.07,"17,773","162,472","1,475","32,350",0.17,0.96,0.91
0.15,"1,276",113,0.08,"19,049","161,196","1,588","32,237",0.17,0.95,0.90
0.16,"1,233",108,0.08,"20,282","159,963","1,696","32,129",0.17,0.95,0.90
0.17,"1,349",109,0.07,"21,631","158,614","1,805","32,020",0.17,0.95,0.89
0.18,"1,806",147,0.08,"23,437","156,808","1,952","31,873",0.17,0.94,0.88
0.19,"1,251",100,0.07,"24,688","155,557","2,052","31,773",0.17,0.94,0.88
0.2,"1,816",166,0.08,"26,504","153,741","2,218","31,607",0.17,0.93,0.87
0.21,"1,579",150,0.09,"28,083","152,162","2,368","31,457",0.17,0.93,0.86
0.22,"2,078",174,0.08,"30,161","150,084","2,542","31,283",0.17,0.92,0.85
0.23,"2,848",326,0.10,"33,009","147,236","2,868","30,957",0.17,0.92,0.83
0.24,"1,402",147,0.09,"34,411","145,834","3,015","30,810",0.17,0.91,0.83
0.25,"1,977",152,0.07,"36,388","143,857","3,167","30,658",0.18,0.91,0.82
0.26,"2,297",200,0.08,"38,685","141,560","3,367","30,458",0.18,0.90,0.80
0.27,"1,893",192,0.09,"40,578","139,667","3,559","30,266",0.18,0.89,0.79
0.28,"2,209",197,0.08,"42,787","137,458","3,756","30,069",0.18,0.89,0.78
0.29,"2,619",249,0.09,"45,406","134,839","4,005","29,820",0.18,0.88,0.77
0.3,"2,485",244,0.09,"47,891","132,354","4,249","29,576",0.18,0.87,0.76
0.31,"1,964",191,0.09,"49,855","130,390","4,440","29,385",0.18,0.87,0.75
0.32,"2,018",225,0.10,"51,873","128,372","4,665","29,160",0.19,0.86,0.74
0.33,"2,236",242,0.10,"54,109","126,136","4,907","28,918",0.19,0.85,0.72
0.34,"3,130",323,0.09,"57,239","123,006","5,230","28,595",0.19,0.85,0.71
0.35,"2,800",362,0.11,"60,039","120,206","5,592","28,233",0.19,0.83,0.69
0.36,"2,415",341,0.12,"62,454","117,791","5,933","27,892",0.19,0.82,0.68
0.37,"2,454",338,0.12,"64,908","115,337","6,271","27,554",0.19,0.81,0.67
0.38,"2,341",318,0.12,"67,249","112,996","6,589","27,236",0.19,0.81,0.66
0.39,"2,658",344,0.11,"69,907","110,338","6,933","26,892",0.20,0.80,0.64
0.4,"2,555",352,0.12,"72,462","107,783","7,285","26,540",0.20,0.78,0.63
0.41,"2,725",348,0.11,"75,187","105,058","7,633","26,192",0.20,0.77,0.61
0.42,"2,998",396,0.12,"78,185","102,060","8,029","25,796",0.20,0.76,0.60
0.43,"3,093",469,0.13,"81,278","98,967","8,498","25,327",0.20,0.75,0.58
0.44,"3,366",481,0.13,"84,644","95,601","8,979","24,846",0.21,0.73,0.56
0.45,"3,547",552,0.13,"88,191","92,054","9,531","24,294",0.21,0.72,0.54
0.46,"2,737",463,0.14,"90,928","89,317","9,994","23,831",0.21,0.70,0.53
0.47,"2,879",482,0.14,"93,807","86,438","10,476","23,349",0.21,0.69,0.51
0.48,"3,229",516,0.14,"97,036","83,209","10,992","22,833",0.22,0.68,0.50
0.49,"2,888",516,0.15,"99,924","80,321","11,508","22,317",0.22,0.66,0.48
0.5,"2,801",472,0.14,"102,725","77,520","11,980","21,845",0.22,0.65,0.46
0.51,"3,259",541,0.14,"105,984","74,261","12,521","21,304",0.22,0.63,0.45
0.52,"2,574",458,0.15,"108,558","71,687","12,979","20,846",0.23,0.62,0.43
0.53,"2,906",540,0.16,"111,464","68,781","13,519","20,306",0.23,0.60,0.42
0.54,"3,155",596,0.16,"114,619","65,626","14,115","19,710",0.23,0.58,0.40
0.55,"2,846",537,0.16,"117,465","62,780","14,652","19,173",0.23,0.57,0.38
0.56,"3,384",630,0.16,"120,849","59,396","15,282","18,543",0.24,0.55,0.36
0.57,"2,816",552,0.16,"123,665","56,580","15,834","17,991",0.24,0.53,0.35
0.58,"3,078",643,0.17,"126,743","53,502","16,477","17,348",0.24,0.51,0.33
0.59,"3,040",673,0.18,"129,783","50,462","17,150","16,675",0.25,0.49,0.31
0.6,"2,658",573,0.18,"132,441","47,804","17,723","16,102",0.25,0.48,0.30
0.61,"2,729",647,0.19,"135,170","45,075","18,370","15,455",0.26,0.46,0.28
0.62,"2,344",520,0.18,"137,514","42,731","18,890","14,935",0.26,0.44,0.27
0.63,"2,405",623,0.21,"139,919","40,326","19,513","14,312",0.26,0.42,0.26
0.64,"2,493",621,0.20,"142,412","37,833","20,134","13,691",0.27,0.40,0.24
0.65,"2,629",639,0.20,"145,041","35,204","20,773","13,052",0.27,0.39,0.23
0.66,"2,138",501,0.19,"147,179","33,066","21,274","12,551",0.28,0.37,0.21
0.67,"1,990",546,0.22,"149,169","31,076","21,820","12,005",0.28,0.35,0.20
0.68,"1,853",536,0.22,"151,022","29,223","22,356","11,469",0.28,0.34,0.19
0.69,"1,920",560,0.23,"152,942","27,303","22,916","10,909",0.29,0.32,0.18
0.7,"2,241",702,0.24,"155,183","25,062","23,618","10,207",0.29,0.30,0.16
0.71,"2,062",636,0.24,"157,245","23,000","24,254","9,571",0.29,0.28,0.15
0.72,"1,793",597,0.25,"159,038","21,207","24,851","8,974",0.30,0.27,0.14
0.73,"1,597",542,0.25,"160,635","19,610","25,393","8,432",0.30,0.25,0.13
0.74,"1,335",449,0.25,"161,970","18,275","25,842","7,983",0.30,0.24,0.12
0.75,"1,610",529,0.25,"163,580","16,665","26,371","7,454",0.31,0.22,0.11
0.76,"1,522",491,0.24,"165,102","15,143","26,862","6,963",0.31,0.21,0.10
0.77,"1,198",461,0.28,"166,300","13,945","27,323","6,502",0.32,0.19,0.10
0.78,994,345,0.26,"167,294","12,951","27,668","6,157",0.32,0.18,0.09
0.79,"1,241",482,0.28,"168,535","11,710","28,150","5,675",0.33,0.17,0.08
0.8,"1,088",412,0.27,"169,623","10,622","28,562","5,263",0.33,0.16,0.07
0.81,986,362,0.27,"170,609","9,636","28,924","4,901",0.34,0.14,0.07
0.82,"1,219",494,0.29,"171,828","8,417","29,418","4,407",0.34,0.13,0.06
0.83,765,328,0.30,"172,593","7,652","29,746","4,079",0.35,0.12,0.05
0.84,702,306,0.30,"173,295","6,950","30,052","3,773",0.35,0.11,0.05
0.85,936,404,0.30,"174,231","6,014","30,456","3,369",0.36,0.10,0.04
0.86,560,261,0.32,"174,791","5,454","30,717","3,108",0.36,0.09,0.04
0.87,506,240,0.32,"175,297","4,948","30,957","2,868",0.37,0.08,0.04
0.88,575,244,0.30,"175,872","4,373","31,201","2,624",0.38,0.08,0.03
0.89,460,216,0.32,"176,332","3,913","31,417","2,408",0.38,0.07,0.03
0.9,498,256,0.34,"176,830","3,415","31,673","2,152",0.39,0.06,0.03
0.91,337,176,0.34,"177,167","3,078","31,849","1,976",0.39,0.06,0.02
0.92,375,174,0.32,"177,542","2,703","32,023","1,802",0.40,0.05,0.02
0.93,451,192,0.30,"177,993","2,252","32,215","1,610",0.42,0.05,0.02
0.94,284,149,0.34,"178,277","1,968","32,364","1,461",0.43,0.04,0.02
0.95,453,314,0.41,"178,730","1,515","32,678","1,147",0.43,0.03,0.01
0.96,191,130,0.40,"178,921","1,324","32,808","1,017",0.43,0.03,0.01
0.97,156,120,0.43,"179,077","1,168","32,928",897,0.43,0.03,0.01
0.98,129,90,0.41,"179,206","1,039","33,018",807,0.44,0.02,0.01
0.99,209,134,0.39,"179,415",830,"33,152",673,0.45,0.02,0.01
1.0,830,673,0.45,"180,245",0,"33,825",0,nan,0.00,0.00
