p,Neg,Pos,mPrec,TN,FP,FN,TP,Prec,Rec,$\hat{p}$
0.0,"8,083",620,0.07,"8,083","172,162",620,"33,205",0.16,0.98,0.96
0.01,49,3,0.06,"8,132","172,113",623,"33,202",0.16,0.98,0.96
0.02,193,17,0.08,"8,325","171,920",640,"33,185",0.16,0.98,0.96
0.03,532,42,0.07,"8,857","171,388",682,"33,143",0.16,0.98,0.96
0.04,592,41,0.06,"9,449","170,796",723,"33,102",0.16,0.98,0.95
0.05,436,37,0.08,"9,885","170,360",760,"33,065",0.16,0.98,0.95
0.06,"1,243",100,0.07,"11,128","169,117",860,"32,965",0.16,0.97,0.94
0.07,897,72,0.07,"12,025","168,220",932,"32,893",0.16,0.97,0.94
0.08,822,66,0.07,"12,847","167,398",998,"32,827",0.16,0.97,0.94
0.09,"1,056",69,0.06,"13,903","166,342","1,067","32,758",0.16,0.97,0.93
0.1,723,66,0.08,"14,626","165,619","1,133","32,692",0.16,0.97,0.93
0.11,"2,795",243,0.08,"17,421","162,824","1,376","32,449",0.17,0.96,0.91
0.12,959,92,0.09,"18,380","161,865","1,468","32,357",0.17,0.96,0.91
0.13,"1,224",91,0.07,"19,604","160,641","1,559","32,266",0.17,0.95,0.90
0.14,"1,148",98,0.08,"20,752","159,493","1,657","32,168",0.17,0.95,0.90
0.15,"1,538",104,0.06,"22,290","157,955","1,761","32,064",0.17,0.95,0.89
0.16,"1,299",107,0.08,"23,589","156,656","1,868","31,957",0.17,0.94,0.88
0.17,"1,404",131,0.09,"24,993","155,252","1,999","31,826",0.17,0.94,0.87
0.18,"2,050",206,0.09,"27,043","153,202","2,205","31,620",0.17,0.93,0.86
0.19,"1,994",198,0.09,"29,037","151,208","2,403","31,422",0.17,0.93,0.85
0.2,"1,952",196,0.09,"30,989","149,256","2,599","31,226",0.17,0.92,0.84
0.21,"2,943",301,0.09,"33,932","146,313","2,900","30,925",0.17,0.91,0.83
0.22,"1,843",145,0.07,"35,775","144,470","3,045","30,780",0.18,0.91,0.82
0.23,"1,922",163,0.08,"37,697","142,548","3,208","30,617",0.18,0.91,0.81
0.24,"1,682",173,0.09,"39,379","140,866","3,381","30,444",0.18,0.90,0.80
0.25,"1,946",183,0.09,"41,325","138,920","3,564","30,261",0.18,0.89,0.79
0.26,"2,837",279,0.09,"44,162","136,083","3,843","29,982",0.18,0.89,0.78
0.27,"1,752",174,0.09,"45,914","134,331","4,017","29,808",0.18,0.88,0.77
0.28,"2,742",295,0.10,"48,656","131,589","4,312","29,513",0.18,0.87,0.75
0.29,"2,545",249,0.09,"51,201","129,044","4,561","29,264",0.18,0.87,0.74
0.3,"2,058",213,0.09,"53,259","126,986","4,774","29,051",0.19,0.86,0.73
0.31,"3,058",355,0.10,"56,317","123,928","5,129","28,696",0.19,0.85,0.71
0.32,"2,592",303,0.10,"58,909","121,336","5,432","28,393",0.19,0.84,0.70
0.33,"2,601",355,0.12,"61,510","118,735","5,787","28,038",0.19,0.83,0.69
0.34,"2,230",276,0.11,"63,740","116,505","6,063","27,762",0.19,0.82,0.67
0.35,"2,278",280,0.11,"66,018","114,227","6,343","27,482",0.19,0.81,0.66
0.36,"2,654",389,0.13,"68,672","111,573","6,732","27,093",0.20,0.80,0.65
0.37,"2,711",307,0.10,"71,383","108,862","7,039","26,786",0.20,0.79,0.63
0.38,"2,649",367,0.12,"74,032","106,213","7,406","26,419",0.20,0.78,0.62
0.39,"2,878",387,0.12,"76,910","103,335","7,793","26,032",0.20,0.77,0.60
0.4,"2,540",332,0.12,"79,450","100,795","8,125","25,700",0.20,0.76,0.59
0.41,"2,632",396,0.13,"82,082","98,163","8,521","25,304",0.20,0.75,0.58
0.42,"3,527",534,0.13,"85,609","94,636","9,055","24,770",0.21,0.73,0.56
0.43,"2,772",402,0.13,"88,381","91,864","9,457","24,368",0.21,0.72,0.54
0.44,"2,867",498,0.15,"91,248","88,997","9,955","23,870",0.21,0.71,0.53
0.45,"3,109",543,0.15,"94,357","85,888","10,498","23,327",0.21,0.69,0.51
0.46,"2,971",485,0.14,"97,328","82,917","10,983","22,842",0.22,0.68,0.49
0.47,"2,792",482,0.15,"100,120","80,125","11,465","22,360",0.22,0.66,0.48
0.48,"3,077",484,0.14,"103,197","77,048","11,949","21,876",0.22,0.65,0.46
0.49,"3,204",579,0.15,"106,401","73,844","12,528","21,297",0.22,0.63,0.44
0.5,"3,703",683,0.16,"110,104","70,141","13,211","20,614",0.23,0.61,0.42
0.51,"2,997",533,0.15,"113,101","67,144","13,744","20,081",0.23,0.59,0.41
0.52,"3,454",655,0.16,"116,555","63,690","14,399","19,426",0.23,0.57,0.39
0.53,"3,439",652,0.16,"119,994","60,251","15,051","18,774",0.24,0.56,0.37
0.54,"3,050",612,0.17,"123,044","57,201","15,663","18,162",0.24,0.54,0.35
0.55,"2,555",551,0.18,"125,599","54,646","16,214","17,611",0.24,0.52,0.34
0.56,"2,879",548,0.16,"128,478","51,767","16,762","17,063",0.25,0.50,0.32
0.57,"2,765",650,0.19,"131,243","49,002","17,412","16,413",0.25,0.49,0.31
0.58,"2,674",626,0.19,"133,917","46,328","18,038","15,787",0.25,0.47,0.29
0.59,"2,764",714,0.21,"136,681","43,564","18,752","15,073",0.26,0.45,0.27
0.6,"2,720",629,0.19,"139,401","40,844","19,381","14,444",0.26,0.43,0.26
0.61,"2,154",572,0.21,"141,555","38,690","19,953","13,872",0.26,0.41,0.25
0.62,"2,399",564,0.19,"143,954","36,291","20,517","13,308",0.27,0.39,0.23
0.63,"2,058",557,0.21,"146,012","34,233","21,074","12,751",0.27,0.38,0.22
0.64,"2,047",568,0.22,"148,059","32,186","21,642","12,183",0.27,0.36,0.21
0.65,"1,954",506,0.21,"150,013","30,232","22,148","11,677",0.28,0.35,0.20
0.66,"2,102",603,0.22,"152,115","28,130","22,751","11,074",0.28,0.33,0.18
0.67,"1,869",571,0.23,"153,984","26,261","23,322","10,503",0.29,0.31,0.17
0.68,"1,778",568,0.24,"155,762","24,483","23,890","9,935",0.29,0.29,0.16
0.69,"1,910",602,0.24,"157,672","22,573","24,492","9,333",0.29,0.28,0.15
0.7,"1,842",561,0.23,"159,514","20,731","25,053","8,772",0.30,0.26,0.14
0.71,"1,732",612,0.26,"161,246","18,999","25,665","8,160",0.30,0.24,0.13
0.72,"1,533",529,0.26,"162,779","17,466","26,194","7,631",0.30,0.23,0.12
0.73,"1,314",479,0.27,"164,093","16,152","26,673","7,152",0.31,0.21,0.11
0.74,"1,487",469,0.24,"165,580","14,665","27,142","6,683",0.31,0.20,0.10
0.75,"1,112",417,0.27,"166,692","13,553","27,559","6,266",0.32,0.19,0.09
0.76,"1,198",400,0.25,"167,890","12,355","27,959","5,866",0.32,0.17,0.09
0.77,"1,218",477,0.28,"169,108","11,137","28,436","5,389",0.33,0.16,0.08
0.78,962,354,0.27,"170,070","10,175","28,790","5,035",0.33,0.15,0.07
0.79,867,363,0.30,"170,937","9,308","29,153","4,672",0.33,0.14,0.07
0.8,953,407,0.30,"171,890","8,355","29,560","4,265",0.34,0.13,0.06
0.81,856,383,0.31,"172,746","7,499","29,943","3,882",0.34,0.11,0.05
0.82,636,240,0.27,"173,382","6,863","30,183","3,642",0.35,0.11,0.05
0.83,924,393,0.30,"174,306","5,939","30,576","3,249",0.35,0.10,0.04
0.84,637,281,0.31,"174,943","5,302","30,857","2,968",0.36,0.09,0.04
0.85,538,269,0.33,"175,481","4,764","31,126","2,699",0.36,0.08,0.03
0.86,572,237,0.29,"176,053","4,192","31,363","2,462",0.37,0.07,0.03
0.87,416,189,0.31,"176,469","3,776","31,552","2,273",0.38,0.07,0.03
0.88,505,263,0.34,"176,974","3,271","31,815","2,010",0.38,0.06,0.02
0.89,424,216,0.34,"177,398","2,847","32,031","1,794",0.39,0.05,0.02
0.9,342,174,0.34,"177,740","2,505","32,205","1,620",0.39,0.05,0.02
0.91,253,138,0.35,"177,993","2,252","32,343","1,482",0.40,0.04,0.02
0.92,270,158,0.37,"178,263","1,982","32,501","1,324",0.40,0.04,0.02
0.93,468,271,0.37,"178,731","1,514","32,772","1,053",0.41,0.03,0.01
0.94,201,111,0.36,"178,932","1,313","32,883",942,0.42,0.03,0.01
0.95,240,126,0.34,"179,172","1,073","33,009",816,0.43,0.02,0.01
0.96,173,111,0.39,"179,345",900,"33,120",705,0.44,0.02,0.01
0.97,115,79,0.41,"179,460",785,"33,199",626,0.44,0.02,0.01
0.98,180,98,0.35,"179,640",605,"33,297",528,0.47,0.02,0.01
0.99,81,87,0.52,"179,721",524,"33,384",441,0.46,0.01,0.00
1.0,524,441,0.46,"180,245",0,"33,825",0,nan,0.00,0.00
