p,Neg,Pos,mPrec,TN,FP,FN,TP,Prec,Rec,$\hat{p}$
0.0,"64,686",0,0.00,"64,686","355,884",0,"78,926",0.18,1.00,0.87
0.1,"81,694",3,0.00,"146,380","274,190",3,"78,923",0.22,1.00,0.71
0.2,"79,538",16,0.00,"225,918","194,652",19,"78,907",0.29,1.00,0.55
0.3,"66,849",146,0.00,"292,767","127,803",165,"78,761",0.38,1.00,0.41
0.4,"50,978",575,0.01,"343,745","76,825",740,"78,186",0.50,0.99,0.31
0.5,"35,084","2,005",0.05,"378,829","41,741","2,745","76,181",0.65,0.97,0.24
0.6,"21,740","5,335",0.20,"400,569","20,001","8,080","70,846",0.78,0.90,0.18
0.7,"11,801","10,991",0.48,"412,370","8,200","19,071","59,855",0.88,0.76,0.14
0.8,"5,657","17,830",0.76,"418,027","2,543","36,901","42,025",0.94,0.53,0.09
0.9,"2,112","22,273",0.91,"420,139",431,"59,174","19,752",0.98,0.25,0.04
1.0,431,"19,752",0.98,"420,570",0,"78,926",0,nan,0.00,0.00
