p,Neg,Pos,mPrec,TN,FP,FN,TP,Prec,Rec,$\hat{p}$
0.0,0,0,nan,0,"180,245",0,"33,825",0.16,1.00,1.00
0.05,"22,574",674,0.03,"22,574","157,671",674,"33,151",0.17,0.98,0.89
0.1,97,6,0.06,"22,671","157,574",680,"33,145",0.17,0.98,0.89
0.15,"28,174","1,450",0.05,"50,845","129,400","2,130","31,695",0.20,0.94,0.75
0.2,183,12,0.06,"51,028","129,217","2,142","31,683",0.20,0.94,0.75
0.25,"29,439","2,333",0.07,"80,467","99,778","4,475","29,350",0.23,0.87,0.60
0.3,224,27,0.11,"80,691","99,554","4,502","29,323",0.23,0.87,0.60
0.35,"27,806","3,150",0.10,"108,497","71,748","7,652","26,173",0.27,0.77,0.46
0.4,242,28,0.10,"108,739","71,506","7,680","26,145",0.27,0.77,0.46
0.45,"23,092","3,802",0.14,"131,831","48,414","11,482","22,343",0.32,0.66,0.33
0.5,"18,189","4,293",0.19,"150,020","30,225","15,775","18,050",0.37,0.53,0.23
0.55,129,33,0.20,"150,149","30,096","15,808","18,017",0.37,0.53,0.22
0.6,"12,961","4,385",0.25,"163,110","17,135","20,193","13,632",0.44,0.40,0.14
0.65,102,34,0.25,"163,212","17,033","20,227","13,598",0.44,0.40,0.14
0.7,"8,419","4,219",0.33,"171,631","8,614","24,446","9,379",0.52,0.28,0.08
0.75,72,40,0.36,"171,703","8,542","24,486","9,339",0.52,0.28,0.08
0.8,"4,867","3,899",0.44,"176,570","3,675","28,385","5,440",0.60,0.16,0.04
0.85,39,26,0.40,"176,609","3,636","28,411","5,414",0.60,0.16,0.04
0.9,"2,575","3,351",0.57,"179,184","1,061","31,762","2,063",0.66,0.06,0.01
0.95,9,26,0.74,"179,193","1,052","31,788","2,037",0.66,0.06,0.01
1.0,"1,052","2,037",0.66,"180,245",0,"33,825",0,nan,0.00,0.00
