p,Neg,Pos,mPrec,TN,FP,FN,TP,Prec,Rec,$\hat{p}$
0.0,0,0,nan,0,"420,570",0,"78,926",0.16,1.00,1.00
0.05,"22,698",1,0.00,"22,698","397,872",1,"78,925",0.17,1.00,0.95
0.1,"10,233",57,0.01,"32,931","387,639",58,"78,868",0.17,1.00,0.93
0.15,"16,927",221,0.01,"49,858","370,712",279,"78,647",0.18,1.00,0.90
0.2,"19,307",558,0.03,"69,165","351,405",837,"78,089",0.18,0.99,0.86
0.25,"27,153","1,116",0.04,"96,318","324,252","1,953","76,973",0.19,0.98,0.80
0.3,"29,253","1,784",0.06,"125,571","294,999","3,737","75,189",0.20,0.95,0.74
0.35,"31,536","2,517",0.07,"157,107","263,463","6,254","72,672",0.22,0.92,0.67
0.4,"32,366","3,347",0.09,"189,473","231,097","9,601","69,325",0.23,0.88,0.60
0.45,"36,290","4,642",0.11,"225,763","194,807","14,243","64,683",0.25,0.82,0.52
0.5,"37,496","6,003",0.14,"263,259","157,311","20,246","58,680",0.27,0.74,0.43
0.55,"38,076","7,394",0.16,"301,335","119,235","27,640","51,286",0.30,0.65,0.34
0.6,"32,835","7,881",0.19,"334,170","86,400","35,521","43,405",0.33,0.55,0.26
0.65,"25,752","7,524",0.23,"359,922","60,648","43,045","35,881",0.37,0.45,0.19
0.7,"22,169","8,090",0.27,"382,091","38,479","51,135","27,791",0.42,0.35,0.13
0.75,"15,663","7,074",0.31,"397,754","22,816","58,209","20,717",0.48,0.26,0.09
0.8,"10,519","6,112",0.37,"408,273","12,297","64,321","14,605",0.54,0.19,0.05
0.85,"6,245","4,844",0.44,"414,518","6,052","69,165","9,761",0.62,0.12,0.03
0.9,"3,542","3,659",0.51,"418,060","2,510","72,824","6,102",0.71,0.08,0.02
0.95,"1,760","3,061",0.63,"419,820",750,"75,885","3,041",0.80,0.04,0.01
1.0,750,"3,041",0.80,"420,570",0,"78,926",0,nan,0.00,0.00
