p,Neg,Pos,mPrec,TN,FP,FN,TP,Prec,Rec,$\hat{p}$
0.0,0,0,nan,0,"180,245",0,"33,825",0.16,1.00,1.00
0.05,"8,464",647,0.07,"8,464","171,781",647,"33,178",0.16,0.98,0.96
0.1,"3,835",340,0.08,"12,299","167,946",987,"32,838",0.16,0.97,0.94
0.15,"6,750",601,0.08,"19,049","161,196","1,588","32,237",0.17,0.95,0.90
0.2,"7,455",630,0.08,"26,504","153,741","2,218","31,607",0.17,0.93,0.87
0.25,"9,884",949,0.09,"36,388","143,857","3,167","30,658",0.18,0.91,0.82
0.3,"11,503","1,082",0.09,"47,891","132,354","4,249","29,576",0.18,0.87,0.76
0.35,"12,148","1,343",0.10,"60,039","120,206","5,592","28,233",0.19,0.83,0.69
0.4,"12,423","1,693",0.12,"72,462","107,783","7,285","26,540",0.20,0.78,0.63
0.45,"15,729","2,246",0.12,"88,191","92,054","9,531","24,294",0.21,0.72,0.54
0.5,"14,534","2,449",0.14,"102,725","77,520","11,980","21,845",0.22,0.65,0.46
0.55,"14,740","2,672",0.15,"117,465","62,780","14,652","19,173",0.23,0.57,0.38
0.6,"14,976","3,071",0.17,"132,441","47,804","17,723","16,102",0.25,0.48,0.30
0.65,"12,600","3,050",0.19,"145,041","35,204","20,773","13,052",0.27,0.39,0.23
0.7,"10,142","2,845",0.22,"155,183","25,062","23,618","10,207",0.29,0.30,0.16
0.75,"8,397","2,753",0.25,"163,580","16,665","26,371","7,454",0.31,0.22,0.11
0.8,"6,043","2,191",0.27,"169,623","10,622","28,562","5,263",0.33,0.16,0.07
0.85,"4,608","1,894",0.29,"174,231","6,014","30,456","3,369",0.36,0.10,0.04
0.9,"2,599","1,217",0.32,"176,830","3,415","31,673","2,152",0.39,0.06,0.03
0.95,"1,900","1,005",0.35,"178,730","1,515","32,678","1,147",0.43,0.03,0.01
1.0,"1,515","1,147",0.43,"180,245",0,"33,825",0,nan,0.00,0.00
