p,Neg,Pos,mPrec,TN,FP,FN,TP,Prec,Rec,$\hat{p}$
0.0,"22,547",694,0.03,"22,547","157,698",694,"33,131",0.17,0.98,0.89
0.01,0,0,nan,"22,547","157,698",694,"33,131",0.17,0.98,0.89
0.02,0,0,nan,"22,547","157,698",694,"33,131",0.17,0.98,0.89
0.03,3,0,0.00,"22,550","157,695",694,"33,131",0.17,0.98,0.89
0.04,9,1,0.10,"22,559","157,686",695,"33,130",0.17,0.98,0.89
0.05,65,2,0.03,"22,624","157,621",697,"33,128",0.17,0.98,0.89
0.06,1,0,0.00,"22,625","157,620",697,"33,128",0.17,0.98,0.89
0.07,27,0,0.00,"22,652","157,593",697,"33,128",0.17,0.98,0.89
0.08,16,1,0.06,"22,668","157,577",698,"33,127",0.17,0.98,0.89
0.09,1,0,0.00,"22,669","157,576",698,"33,127",0.17,0.98,0.89
0.1,"28,227","1,448",0.05,"50,896","129,349","2,146","31,679",0.20,0.94,0.75
0.11,0,0,nan,"50,896","129,349","2,146","31,679",0.20,0.94,0.75
0.12,0,0,nan,"50,896","129,349","2,146","31,679",0.20,0.94,0.75
0.13,2,1,0.33,"50,898","129,347","2,147","31,678",0.20,0.94,0.75
0.14,18,2,0.10,"50,916","129,329","2,149","31,676",0.20,0.94,0.75
0.15,107,3,0.03,"51,023","129,222","2,152","31,673",0.20,0.94,0.75
0.16,0,1,1.00,"51,023","129,222","2,153","31,672",0.20,0.94,0.75
0.17,56,1,0.02,"51,079","129,166","2,154","31,671",0.20,0.94,0.75
0.18,29,5,0.15,"51,108","129,137","2,159","31,666",0.20,0.94,0.75
0.19,2,0,0.00,"51,110","129,135","2,159","31,666",0.20,0.94,0.75
0.2,"29,425","2,358",0.07,"80,535","99,710","4,517","29,308",0.23,0.87,0.60
0.21,0,0,nan,"80,535","99,710","4,517","29,308",0.23,0.87,0.60
0.22,0,0,nan,"80,535","99,710","4,517","29,308",0.23,0.87,0.60
0.23,6,2,0.25,"80,541","99,704","4,519","29,306",0.23,0.87,0.60
0.24,10,1,0.09,"80,551","99,694","4,520","29,305",0.23,0.87,0.60
0.25,130,6,0.04,"80,681","99,564","4,526","29,299",0.23,0.87,0.60
0.26,2,0,0.00,"80,683","99,562","4,526","29,299",0.23,0.87,0.60
0.27,81,4,0.05,"80,764","99,481","4,530","29,295",0.23,0.87,0.60
0.28,35,4,0.10,"80,799","99,446","4,534","29,291",0.23,0.87,0.60
0.29,4,1,0.20,"80,803","99,442","4,535","29,290",0.23,0.87,0.60
0.3,"27,301","3,050",0.10,"108,104","72,141","7,585","26,240",0.27,0.78,0.46
0.31,0,0,nan,"108,104","72,141","7,585","26,240",0.27,0.78,0.46
0.32,3,0,0.00,"108,107","72,138","7,585","26,240",0.27,0.78,0.46
0.33,2,1,0.33,"108,109","72,136","7,586","26,239",0.27,0.78,0.46
0.34,10,3,0.23,"108,119","72,126","7,589","26,236",0.27,0.78,0.46
0.35,143,22,0.13,"108,262","71,983","7,611","26,214",0.27,0.77,0.46
0.36,1,0,0.00,"108,263","71,982","7,611","26,214",0.27,0.77,0.46
0.37,72,7,0.09,"108,335","71,910","7,618","26,207",0.27,0.77,0.46
0.38,24,2,0.08,"108,359","71,886","7,620","26,205",0.27,0.77,0.46
0.39,6,1,0.14,"108,365","71,880","7,621","26,204",0.27,0.77,0.46
0.4,"22,675","3,700",0.14,"131,040","49,205","11,321","22,504",0.31,0.67,0.33
0.41,0,0,nan,"131,040","49,205","11,321","22,504",0.31,0.67,0.33
0.42,3,0,0.00,"131,043","49,202","11,321","22,504",0.31,0.67,0.33
0.43,8,0,0.00,"131,051","49,194","11,321","22,504",0.31,0.67,0.33
0.44,13,3,0.19,"131,064","49,181","11,324","22,501",0.31,0.67,0.33
0.45,143,26,0.15,"131,207","49,038","11,350","22,475",0.31,0.66,0.33
0.46,3,0,0.00,"131,210","49,035","11,350","22,475",0.31,0.66,0.33
0.47,57,13,0.19,"131,267","48,978","11,363","22,462",0.31,0.66,0.33
0.48,35,3,0.08,"131,302","48,943","11,366","22,459",0.31,0.66,0.33
0.49,6,1,0.14,"131,308","48,937","11,367","22,458",0.31,0.66,0.33
0.5,"17,651","3,953",0.18,"148,959","31,286","15,320","18,505",0.37,0.55,0.23
0.51,2,0,0.00,"148,961","31,284","15,320","18,505",0.37,0.55,0.23
0.52,5,0,0.00,"148,966","31,279","15,320","18,505",0.37,0.55,0.23
0.53,1,0,0.00,"148,967","31,278","15,320","18,505",0.37,0.55,0.23
0.54,6,3,0.33,"148,973","31,272","15,323","18,502",0.37,0.55,0.23
0.55,106,31,0.23,"149,079","31,166","15,354","18,471",0.37,0.55,0.23
0.56,4,1,0.20,"149,083","31,162","15,355","18,470",0.37,0.55,0.23
0.57,49,19,0.28,"149,132","31,113","15,374","18,451",0.37,0.55,0.23
0.58,24,5,0.17,"149,156","31,089","15,379","18,446",0.37,0.55,0.23
0.59,6,2,0.25,"149,162","31,083","15,381","18,444",0.37,0.55,0.23
0.6,"12,794","4,191",0.25,"161,956","18,289","19,572","14,253",0.44,0.42,0.15
0.61,0,0,nan,"161,956","18,289","19,572","14,253",0.44,0.42,0.15
0.62,6,0,0.00,"161,962","18,283","19,572","14,253",0.44,0.42,0.15
0.63,2,1,0.33,"161,964","18,281","19,573","14,252",0.44,0.42,0.15
0.64,8,2,0.20,"161,972","18,273","19,575","14,250",0.44,0.42,0.15
0.65,80,35,0.30,"162,052","18,193","19,610","14,215",0.44,0.42,0.15
0.66,0,0,nan,"162,052","18,193","19,610","14,215",0.44,0.42,0.15
0.67,44,20,0.31,"162,096","18,149","19,630","14,195",0.44,0.42,0.15
0.68,15,9,0.38,"162,111","18,134","19,639","14,186",0.44,0.42,0.15
0.69,1,0,0.00,"162,112","18,133","19,639","14,186",0.44,0.42,0.15
0.7,"8,641","4,100",0.32,"170,753","9,492","23,739","10,086",0.52,0.30,0.09
0.71,0,2,1.00,"170,753","9,492","23,741","10,084",0.52,0.30,0.09
0.72,6,4,0.40,"170,759","9,486","23,745","10,080",0.52,0.30,0.09
0.73,2,2,0.50,"170,761","9,484","23,747","10,078",0.52,0.30,0.09
0.74,6,0,0.00,"170,767","9,478","23,747","10,078",0.52,0.30,0.09
0.75,55,38,0.41,"170,822","9,423","23,785","10,040",0.52,0.30,0.09
0.76,3,1,0.25,"170,825","9,420","23,786","10,039",0.52,0.30,0.09
0.77,29,22,0.43,"170,854","9,391","23,808","10,017",0.52,0.30,0.09
0.78,9,3,0.25,"170,863","9,382","23,811","10,014",0.52,0.30,0.09
0.79,0,0,nan,"170,863","9,382","23,811","10,014",0.52,0.30,0.09
0.8,"5,085","4,033",0.44,"175,948","4,297","27,844","5,981",0.58,0.18,0.05
0.81,0,2,1.00,"175,948","4,297","27,846","5,979",0.58,0.18,0.05
0.82,3,2,0.40,"175,951","4,294","27,848","5,977",0.58,0.18,0.05
0.83,2,0,0.00,"175,953","4,292","27,848","5,977",0.58,0.18,0.05
0.84,7,3,0.30,"175,960","4,285","27,851","5,974",0.58,0.18,0.05
0.85,33,37,0.53,"175,993","4,252","27,888","5,937",0.58,0.18,0.05
0.86,1,1,0.50,"175,994","4,251","27,889","5,936",0.58,0.18,0.05
0.87,14,17,0.55,"176,008","4,237","27,906","5,919",0.58,0.17,0.05
0.88,4,5,0.56,"176,012","4,233","27,911","5,914",0.58,0.17,0.05
0.89,1,0,0.00,"176,013","4,232","27,911","5,914",0.58,0.17,0.05
0.9,"2,885","3,400",0.54,"178,898","1,347","31,311","2,514",0.65,0.07,0.02
0.91,0,0,nan,"178,898","1,347","31,311","2,514",0.65,0.07,0.02
0.92,1,1,0.50,"178,899","1,346","31,312","2,513",0.65,0.07,0.02
0.93,1,1,0.50,"178,900","1,345","31,313","2,512",0.65,0.07,0.02
0.94,2,0,0.00,"178,902","1,343","31,313","2,512",0.65,0.07,0.02
0.95,12,19,0.61,"178,914","1,331","31,332","2,493",0.65,0.07,0.02
0.96,1,3,0.75,"178,915","1,330","31,335","2,490",0.65,0.07,0.02
0.97,3,8,0.73,"178,918","1,327","31,343","2,482",0.65,0.07,0.02
0.98,0,2,1.00,"178,918","1,327","31,345","2,480",0.65,0.07,0.02
0.99,3,1,0.25,"178,921","1,324","31,346","2,479",0.65,0.07,0.02
1.0,"1,324","2,479",0.65,"180,245",0,"33,825",0,nan,0.00,0.00
