p,Neg,Pos,mPrec,TN,FP,FN,TP,Prec,Rec,$\hat{p}$
0.0,0,0,nan,0,"180,245",0,"33,825",0.16,1.00,1.00
0.05,"22,550",694,0.03,"22,550","157,695",694,"33,131",0.17,0.98,0.89
0.1,113,3,0.03,"22,663","157,582",697,"33,128",0.17,0.98,0.89
0.15,"28,235","1,450",0.05,"50,898","129,347","2,147","31,678",0.20,0.94,0.75
0.2,212,12,0.05,"51,110","129,135","2,159","31,666",0.20,0.94,0.75
0.25,"29,441","2,361",0.07,"80,551","99,694","4,520","29,305",0.23,0.87,0.60
0.3,252,15,0.06,"80,803","99,442","4,535","29,290",0.23,0.87,0.60
0.35,"27,321","3,054",0.10,"108,124","72,121","7,589","26,236",0.27,0.78,0.46
0.4,242,32,0.12,"108,366","71,879","7,621","26,204",0.27,0.77,0.46
0.45,"22,699","3,703",0.14,"131,065","49,180","11,324","22,501",0.31,0.67,0.33
0.5,"17,894","3,996",0.18,"148,959","31,286","15,320","18,505",0.37,0.55,0.23
0.55,120,34,0.22,"149,079","31,166","15,354","18,471",0.37,0.55,0.23
0.6,"12,877","4,218",0.25,"161,956","18,289","19,572","14,253",0.44,0.42,0.15
0.65,96,38,0.28,"162,052","18,193","19,610","14,215",0.44,0.42,0.15
0.7,"8,701","4,131",0.32,"170,753","9,492","23,741","10,084",0.52,0.30,0.09
0.75,72,45,0.38,"170,825","9,420","23,786","10,039",0.52,0.30,0.09
0.8,"5,124","4,060",0.44,"175,949","4,296","27,846","5,979",0.58,0.18,0.05
0.85,59,60,0.50,"176,008","4,237","27,906","5,919",0.58,0.17,0.05
0.9,"2,891","3,406",0.54,"178,899","1,346","31,312","2,513",0.65,0.07,0.02
0.95,19,31,0.62,"178,918","1,327","31,343","2,482",0.65,0.07,0.02
1.0,"1,327","2,482",0.65,"180,245",0,"33,825",0,nan,0.00,0.00
