p,Neg,Pos,mPrec,TN,FP,FN,TP,Prec,Rec,FP/P,$\hat{p}$
0.0,"26,109","1,878",0.07,"26,109","574,706","1,878","110,873",0.16,0.98,5.097125524385593,0.96
0.01,154,6,0.04,"26,263","574,552","1,884","110,867",0.16,0.98,5.09575968284095,0.96
0.02,783,43,0.05,"27,046","573,769","1,927","110,824",0.16,0.98,5.088815176805527,0.96
0.03,"1,324",114,0.08,"28,370","572,445","2,041","110,710",0.16,0.98,5.077072487161977,0.96
0.04,"1,810",142,0.07,"30,180","570,635","2,183","110,568",0.16,0.98,5.061019414461956,0.95
0.05,"1,712",128,0.07,"31,892","568,923","2,311","110,440",0.16,0.98,5.045835513653981,0.95
0.06,"2,991",264,0.08,"34,883","565,932","2,575","110,176",0.16,0.98,5.01930803274472,0.95
0.07,"2,044",157,0.07,"36,927","563,888","2,732","110,019",0.16,0.98,5.001179590424918,0.94
0.08,"2,948",234,0.07,"39,875","560,940","2,966","109,785",0.16,0.97,4.9750334808560455,0.94
0.09,"2,855",243,0.08,"42,730","558,085","3,209","109,542",0.16,0.97,4.949712197674522,0.94
0.1,"2,631",223,0.08,"45,361","555,454","3,432","109,319",0.16,0.97,4.926377593103387,0.93
0.11,"8,138",794,0.09,"53,499","547,316","4,226","108,525",0.17,0.96,4.85420084965987,0.92
0.12,"3,198",189,0.06,"56,697","544,118","4,415","108,336",0.17,0.96,4.825837464856187,0.91
0.13,"2,979",236,0.07,"59,676","541,139","4,651","108,100",0.17,0.96,4.799416413158198,0.91
0.14,"2,934",259,0.08,"62,610","538,205","4,910","107,841",0.17,0.96,4.773394471002474,0.91
0.15,"3,806",287,0.07,"66,416","534,399","5,197","107,554",0.17,0.95,4.739638672827735,0.90
0.16,"4,380",346,0.07,"70,796","530,019","5,543","107,208",0.17,0.95,4.700792010713874,0.89
0.17,"5,527",503,0.08,"76,323","524,492","6,046","106,705",0.17,0.95,4.651772489822707,0.88
0.18,"4,871",398,0.08,"81,194","519,621","6,444","106,307",0.17,0.94,4.60857109914768,0.88
0.19,"6,550",585,0.08,"87,744","513,071","7,029","105,722",0.17,0.94,4.5504784879956715,0.87
0.2,"6,722",551,0.08,"94,466","506,349","7,580","105,171",0.17,0.93,4.490860391482116,0.86
0.21,"5,480",476,0.08,"99,946","500,869","8,056","104,695",0.17,0.93,4.442257718335092,0.85
0.22,"8,919",819,0.08,"108,865","491,950","8,875","103,876",0.17,0.92,4.363154207058031,0.83
0.23,"5,324",485,0.08,"114,189","486,626","9,360","103,391",0.18,0.92,4.315935113657528,0.83
0.24,"6,645",549,0.08,"120,834","479,981","9,909","102,842",0.18,0.91,4.2569999379162935,0.82
0.25,"7,048",584,0.08,"127,882","472,933","10,493","102,258",0.18,0.91,4.194490514496546,0.81
0.26,"7,717",685,0.08,"135,599","465,216","11,178","101,573",0.18,0.90,4.126047662548448,0.79
0.27,"6,379",594,0.09,"141,978","458,837","11,772","100,979",0.18,0.90,4.06947166765705,0.78
0.28,"7,883",774,0.09,"149,861","450,954","12,546","100,205",0.18,0.89,3.999556544953038,0.77
0.29,"7,872",757,0.09,"157,733","443,082","13,303","99,448",0.18,0.88,3.9297389823593583,0.76
0.3,"7,474",764,0.09,"165,207","435,608","14,067","98,684",0.18,0.88,3.863451321939495,0.75
0.31,"7,140",753,0.10,"172,347","428,468","14,820","97,931",0.19,0.87,3.800125941233337,0.74
0.32,"6,920",786,0.10,"179,267","421,548","15,606","97,145",0.19,0.86,3.738751762733812,0.73
0.33,"8,556",968,0.10,"187,823","412,992","16,574","96,177",0.19,0.85,3.6628677350976933,0.71
0.34,"7,150",815,0.10,"194,973","405,842","17,389","95,362",0.19,0.85,3.599453663382143,0.70
0.35,"7,219",855,0.11,"202,192","398,623","18,244","94,507",0.19,0.84,3.535427623701785,0.69
0.36,"7,323",934,0.11,"209,515","391,300","19,178","93,573",0.19,0.83,3.4704791975237472,0.68
0.37,"8,478","1,004",0.11,"217,993","382,822","20,182","92,569",0.19,0.82,3.395286959760889,0.67
0.38,"9,124","1,178",0.11,"227,117","373,698","21,360","91,391",0.20,0.81,3.3143652827912833,0.65
0.39,"8,272","1,015",0.11,"235,389","365,426","22,375","90,376",0.20,0.80,3.2410000798219083,0.64
0.4,"8,209","1,172",0.12,"243,598","357,217","23,547","89,204",0.20,0.79,3.1681936302117055,0.63
0.41,"8,760","1,247",0.12,"252,358","348,457","24,794","87,957",0.20,0.78,3.0905003059839826,0.61
0.42,"8,565","1,259",0.13,"260,923","339,892","26,053","86,698",0.20,0.77,3.014536456439411,0.60
0.43,"8,746","1,244",0.12,"269,669","331,146","27,297","85,454",0.21,0.76,2.936967299624837,0.58
0.44,"10,683","1,613",0.13,"280,352","320,463","28,910","83,841",0.21,0.74,2.8422186942909597,0.57
0.45,"8,996","1,352",0.13,"289,348","311,467","30,262","82,489",0.21,0.73,2.7624322622415765,0.55
0.46,"9,980","1,583",0.14,"299,328","301,487","31,845","80,906",0.21,0.72,2.6739186348679835,0.54
0.47,"8,944","1,401",0.14,"308,272","292,543","33,246","79,505",0.21,0.71,2.5945933960674408,0.52
0.48,"9,413","1,504",0.14,"317,685","283,130","34,750","78,001",0.22,0.69,2.511108548926395,0.51
0.49,"11,353","1,834",0.14,"329,038","271,777","36,584","76,167",0.22,0.68,2.4104176459632285,0.49
0.5,"9,529","1,597",0.14,"338,567","262,248","38,181","74,570",0.22,0.66,2.325903983113232,0.47
0.51,"10,625","1,972",0.16,"349,192","251,623","40,153","72,598",0.22,0.64,2.23166978563383,0.45
0.52,"9,719","1,651",0.15,"358,911","241,904","41,804","70,947",0.23,0.63,2.1454709936053784,0.44
0.53,"10,515","1,779",0.14,"369,426","231,389","43,583","69,168",0.23,0.61,2.052212397229293,0.42
0.54,"10,046","1,899",0.16,"379,472","221,343","45,482","67,269",0.23,0.60,1.9631134091937101,0.40
0.55,"10,398","2,022",0.16,"389,870","210,945","47,504","65,247",0.24,0.58,1.8708924976275154,0.39
0.56,"10,490","2,110",0.17,"400,360","200,455","49,614","63,137",0.24,0.56,1.777855628774911,0.37
0.57,"9,035","1,876",0.17,"409,395","191,420","51,490","61,261",0.24,0.54,1.6977233017888977,0.35
0.58,"9,464","2,003",0.17,"418,859","181,956","53,493","59,258",0.25,0.53,1.6137861304999512,0.34
0.59,"8,001","1,680",0.17,"426,860","173,955","55,173","57,578",0.25,0.51,1.5428244538851097,0.32
0.6,"8,945","1,907",0.18,"435,805","165,010","57,080","55,671",0.25,0.49,1.4634903459836277,0.31
0.61,"8,096","1,786",0.18,"443,901","156,914","58,866","53,885",0.26,0.48,1.3916861047795586,0.30
0.62,"8,147","1,857",0.19,"452,048","148,767","60,723","52,028",0.26,0.46,1.3194295394275881,0.28
0.63,"7,443","1,842",0.20,"459,491","141,324","62,565","50,186",0.26,0.45,1.2534168211368413,0.27
0.64,"8,503","2,174",0.20,"467,994","132,821","64,739","48,012",0.27,0.43,1.1780028558505025,0.25
0.65,"8,487","2,113",0.20,"476,481","124,334","66,852","45,899",0.27,0.41,1.1027307961791912,0.24
0.66,"6,961","1,833",0.21,"483,442","117,373","68,685","44,066",0.27,0.39,1.040992984541157,0.23
0.67,"7,224","1,931",0.21,"490,666","110,149","70,616","42,135",0.28,0.37,0.9769225993561033,0.21
0.68,"6,636","1,771",0.21,"497,302","103,513","72,387","40,364",0.28,0.36,0.9180672455233213,0.20
0.69,"6,644","2,029",0.23,"503,946","96,869","74,416","38,335",0.28,0.34,0.8591409388830255,0.19
0.7,"6,104","1,728",0.22,"510,050","90,765","76,144","36,607",0.29,0.32,0.8050039467499179,0.18
0.71,"6,389","1,899",0.23,"516,439","84,376","78,043","34,708",0.29,0.31,0.7483392608491277,0.17
0.72,"6,048","1,785",0.23,"522,487","78,328","79,828","32,923",0.30,0.29,0.6946989383686176,0.16
0.73,"6,163","1,931",0.24,"528,650","72,165","81,759","30,992",0.30,0.27,0.6400386692800951,0.14
0.74,"5,431","1,788",0.25,"534,081","66,734","83,547","29,204",0.30,0.26,0.5918705820790946,0.13
0.75,"5,034","1,600",0.24,"539,115","61,700","85,147","27,604",0.31,0.24,0.5472235279509716,0.13
0.76,"5,054","1,793",0.26,"544,169","56,646","86,940","25,811",0.31,0.23,0.5023990918040638,0.12
0.77,"4,553","1,605",0.26,"548,722","52,093","88,545","24,206",0.32,0.21,0.46201807522771415,0.11
0.78,"4,779","1,776",0.27,"553,501","47,314","90,321","22,430",0.32,0.20,0.41963264183909676,0.10
0.79,"4,048","1,555",0.28,"557,549","43,266","91,876","20,875",0.33,0.19,0.3837305212370622,0.09
0.8,"4,032","1,538",0.28,"561,581","39,234","93,414","19,337",0.33,0.17,0.34797030625005543,0.08
0.81,"3,212","1,259",0.28,"564,793","36,022","94,673","18,078",0.33,0.16,0.3194827540332236,0.08
0.82,"3,535","1,325",0.27,"568,328","32,487","95,998","16,753",0.34,0.15,0.28813048221301807,0.07
0.83,"2,873","1,168",0.29,"571,201","29,614","97,166","15,585",0.34,0.14,0.2626495552145879,0.06
0.84,"2,946","1,186",0.29,"574,147","26,668","98,352","14,399",0.35,0.13,0.23652118384759338,0.06
0.85,"2,614","1,058",0.29,"576,761","24,054","99,410","13,341",0.36,0.12,0.2133373539924258,0.05
0.86,"2,226",860,0.28,"578,987","21,828","100,270","12,481",0.36,0.11,0.19359473530168247,0.05
0.87,"2,622","1,225",0.32,"581,609","19,206","101,495","11,256",0.37,0.10,0.17033995263900098,0.04
0.88,"1,789",880,0.33,"583,398","17,417","102,375","10,376",0.37,0.09,0.15447313105870458,0.04
0.89,"1,869",885,0.32,"585,267","15,548","103,260","9,491",0.38,0.08,0.13789678140326916,0.04
0.9,"1,630",778,0.32,"586,897","13,918","104,038","8,713",0.39,0.08,0.12344014687231156,0.03
0.91,"1,523",782,0.34,"588,420","12,395","104,820","7,931",0.39,0.07,0.1099325061418524,0.03
0.92,"1,495",782,0.34,"589,915","10,900","105,602","7,149",0.40,0.06,0.09667320023769191,0.03
0.93,"1,212",696,0.36,"591,127","9,688","106,298","6,453",0.40,0.06,0.0859238498993357,0.02
0.94,"1,082",551,0.34,"592,209","8,606","106,849","5,902",0.41,0.05,0.07632748268308041,0.02
0.95,981,541,0.36,"593,190","7,625","107,390","5,361",0.41,0.05,0.06762689466168814,0.02
0.96,897,488,0.35,"594,087","6,728","107,878","4,873",0.42,0.04,0.05967131111919185,0.02
0.97,785,422,0.35,"594,872","5,943","108,300","4,451",0.43,0.04,0.052709066881890185,0.01
0.98,"1,276",884,0.41,"596,148","4,667","109,184","3,567",0.43,0.03,0.041392094083422766,0.01
0.99,559,334,0.37,"596,707","4,108","109,518","3,233",0.44,0.03,0.036434266658388836,0.01
1.0,"4,108","3,233",0.44,"600,815",0,"112,751",0,nan,0.00,0.0,0.00
