p,Neg,Pos,mPrec,TN,FP,FN,TP,Prec,Rec,FP/P,$\hat{p}$
0.0,"26,109","1,878",0.07,"26,109","574,706","1,878","110,873",0.16,0.98,5.097125524385593,0.96
0.05,"6,051",453,0.07,"32,160","568,655","2,331","110,420",0.16,0.98,5.043458594602265,0.95
0.1,"14,310","1,207",0.08,"46,470","554,345","3,538","109,213",0.16,0.97,4.916541760161772,0.93
0.15,"23,849","1,971",0.08,"70,319","530,496","5,509","107,242",0.17,0.95,4.705022571861891,0.89
0.2,"30,729","2,635",0.08,"101,048","499,767","8,144","104,607",0.17,0.93,4.432483969100052,0.85
0.25,"37,719","3,348",0.08,"138,767","462,048","11,492","101,259",0.18,0.90,4.097950350772942,0.79
0.3,"39,063","3,919",0.09,"177,830","422,985","15,411","97,340",0.19,0.86,3.7514966607834963,0.73
0.35,"40,779","4,850",0.11,"218,609","382,206","20,261","92,490",0.19,0.82,3.3898235935823187,0.67
0.4,"45,976","6,329",0.12,"264,585","336,230","26,590","86,161",0.20,0.76,2.982057808799922,0.59
0.45,"50,061","7,677",0.13,"314,646","286,169","34,267","78,484",0.22,0.70,2.538061746680739,0.51
0.5,"54,399","9,243",0.15,"369,045","231,770","43,510","69,241",0.23,0.61,2.0555915246871423,0.42
0.55,"51,918","10,427",0.17,"420,963","179,852","53,937","58,814",0.25,0.52,1.5951255421237949,0.33
0.6,"43,563","9,910",0.19,"464,526","136,289","63,847","48,904",0.26,0.43,1.208760897907779,0.26
0.65,"38,632","10,351",0.21,"503,158","97,657","74,198","38,553",0.28,0.34,0.8661297904231448,0.19
0.7,"31,822","9,637",0.23,"534,980","65,835","83,835","28,916",0.31,0.26,0.5838972603347199,0.13
0.75,"24,622","8,818",0.26,"559,602","41,213","92,653","20,098",0.33,0.18,0.365522257008807,0.09
0.8,"16,550","6,507",0.28,"576,152","24,663","99,160","13,591",0.36,0.12,0.2187386364644216,0.05
0.85,"10,816","4,911",0.31,"586,968","13,847","104,071","8,680",0.39,0.08,0.12281044070562568,0.03
0.9,"6,551","3,487",0.35,"593,519","7,296","107,558","5,193",0.42,0.05,0.06470896045267892,0.02
0.95,"4,186","2,593",0.38,"597,705","3,110","110,151","2,600",0.46,0.02,0.027582903921029526,0.01
1.0,"3,110","2,600",0.46,"600,815",0,"112,751",0,nan,0.00,0.0,0.00
