p,Neg,Pos,mPrec,TN,FP,FN,TP,Prec,Rec,FP/P,$\hat{p}$
0.0,"26,109","1,878",0.07,"26,109","574,706","1,878","110,873",0.16,0.98,5.097125524385593,0.96
0.1,"20,361","1,660",0.08,"46,470","554,345","3,538","109,213",0.16,0.97,4.916541760161772,0.93
0.2,"54,578","4,606",0.08,"101,048","499,767","8,144","104,607",0.17,0.93,4.432483969100052,0.85
0.3,"76,782","7,267",0.09,"177,830","422,985","15,411","97,340",0.19,0.86,3.7514966607834963,0.73
0.4,"86,755","11,179",0.11,"264,585","336,230","26,590","86,161",0.20,0.76,2.982057808799922,0.59
0.5,"104,460","16,920",0.14,"369,045","231,770","43,510","69,241",0.23,0.61,2.0555915246871423,0.42
0.6,"95,481","20,337",0.18,"464,526","136,289","63,847","48,904",0.26,0.43,1.208760897907779,0.26
0.7,"70,454","19,988",0.22,"534,980","65,835","83,835","28,916",0.31,0.26,0.5838972603347199,0.13
0.8,"41,172","15,325",0.27,"576,152","24,663","99,160","13,591",0.36,0.12,0.2187386364644216,0.05
0.9,"17,367","8,398",0.33,"593,519","7,296","107,558","5,193",0.42,0.05,0.06470896045267892,0.02
1.0,"7,296","5,193",0.42,"600,815",0,"112,751",0,nan,0.00,0.0,0.00
