p,Neg,Pos,mPrec,TN,FP,FN,TP,Prec,Rec,FP/P,$\hat{p}$
0.0,"26,109","1,878",0.07,"26,109","574,706","1,878","110,873",0.16,0.98,5.097125524385593,0.96
0.01,165,6,0.04,"26,274","574,541","1,884","110,867",0.16,0.98,5.0956621227306185,0.96
0.02,799,45,0.05,"27,073","573,742","1,929","110,822",0.16,0.98,5.088575711080168,0.96
0.03,"1,499",124,0.08,"28,572","572,243","2,053","110,698",0.16,0.98,5.0752809287722505,0.96
0.04,"1,980",151,0.07,"30,552","570,263","2,204","110,547",0.16,0.98,5.05772010891256,0.95
0.05,"1,608",127,0.07,"32,160","568,655","2,331","110,420",0.16,0.98,5.043458594602265,0.95
0.06,"3,569",309,0.08,"35,729","565,086","2,640","110,111",0.16,0.98,5.011804773350126,0.95
0.07,"2,879",239,0.08,"38,608","562,207","2,879","109,872",0.16,0.97,4.98627063174606,0.94
0.08,"2,746",212,0.07,"41,354","559,461","3,091","109,660",0.16,0.97,4.961916080566913,0.94
0.09,"2,934",255,0.08,"44,288","556,527","3,346","109,405",0.16,0.97,4.935894138411189,0.93
0.1,"2,182",192,0.08,"46,470","554,345","3,538","109,213",0.16,0.97,4.916541760161772,0.93
0.11,"9,012",778,0.08,"55,482","545,333","4,316","108,435",0.17,0.96,4.836613422497361,0.92
0.12,"3,293",276,0.08,"58,775","542,040","4,592","108,159",0.17,0.96,4.807407473104451,0.91
0.13,"3,098",264,0.08,"61,873","538,942","4,856","107,895",0.17,0.96,4.7799309983946925,0.91
0.14,"3,997",305,0.07,"65,870","534,945","5,161","107,590",0.17,0.95,4.744481201940559,0.90
0.15,"4,449",348,0.07,"70,319","530,496","5,509","107,242",0.17,0.95,4.705022571861891,0.89
0.16,"5,695",514,0.08,"76,014","524,801","6,023","106,728",0.17,0.95,4.6545130420129315,0.89
0.17,"5,372",433,0.07,"81,386","519,429","6,456","106,295",0.17,0.94,4.606868231767346,0.88
0.18,"6,752",606,0.08,"88,138","512,677","7,062","105,689",0.17,0.94,4.546984062225612,0.87
0.19,"7,058",587,0.08,"95,196","505,619","7,649","105,102",0.17,0.93,4.484385947796472,0.86
0.2,"5,852",495,0.08,"101,048","499,767","8,144","104,607",0.17,0.93,4.432483969100052,0.85
0.21,"8,843",830,0.09,"109,891","490,924","8,974","103,777",0.17,0.92,4.354054509494373,0.83
0.22,"6,152",522,0.08,"116,043","484,772","9,496","103,255",0.18,0.92,4.299491800516182,0.82
0.23,"7,428",656,0.08,"123,471","477,344","10,152","102,599",0.18,0.91,4.233612118739523,0.81
0.24,"7,782",640,0.08,"131,253","469,562","10,792","101,959",0.18,0.90,4.164592775230375,0.80
0.25,"7,514",700,0.09,"138,767","462,048","11,492","101,259",0.18,0.90,4.097950350772942,0.79
0.26,"8,055",768,0.09,"146,822","453,993","12,260","100,491",0.18,0.89,4.026509742707382,0.78
0.27,"7,401",708,0.09,"154,223","446,592","12,968","99,783",0.18,0.88,3.960869526656083,0.77
0.28,"8,231",800,0.09,"162,454","438,361","13,768","98,983",0.18,0.88,3.887867956825217,0.75
0.29,"7,861",860,0.10,"170,315","430,500","14,628","98,123",0.19,0.87,3.8181479543418684,0.74
0.3,"7,515",783,0.09,"177,830","422,985","15,411","97,340",0.19,0.86,3.7514966607834963,0.73
0.31,"9,074","1,056",0.10,"186,904","413,911","16,467","96,284",0.19,0.85,3.6710184388608527,0.71
0.32,"7,180",822,0.10,"194,084","406,731","17,289","95,462",0.19,0.85,3.6073382941171253,0.70
0.33,"7,939",941,0.11,"202,023","398,792","18,230","94,521",0.19,0.84,3.5369265017605165,0.69
0.34,"7,617",955,0.11,"209,640","391,175","19,185","93,566",0.19,0.83,3.4693705599063422,0.68
0.35,"8,969","1,076",0.11,"218,609","382,206","20,261","92,490",0.19,0.82,3.3898235935823187,0.67
0.36,"9,733","1,230",0.11,"228,342","372,473","21,491","91,260",0.20,0.81,3.3035006341407174,0.65
0.37,"8,366","1,079",0.11,"236,708","364,107","22,570","90,181",0.20,0.80,3.229301735683054,0.64
0.38,"8,568","1,217",0.12,"245,276","355,539","23,787","88,964",0.20,0.79,3.1533112788356643,0.62
0.39,"9,785","1,409",0.13,"255,061","345,754","25,196","87,555",0.20,0.78,3.0665271261452225,0.61
0.4,"9,524","1,394",0.13,"264,585","336,230","26,590","86,161",0.20,0.76,2.982057808799922,0.59
0.41,"10,854","1,554",0.13,"275,439","325,376","28,144","84,607",0.21,0.75,2.885792587205435,0.57
0.42,"8,978","1,363",0.13,"284,417","316,398","29,507","83,244",0.21,0.74,2.806165798972958,0.56
0.43,"10,558","1,641",0.13,"294,975","305,840","31,148","81,603",0.21,0.72,2.7125258312564857,0.54
0.44,"9,360","1,452",0.13,"304,335","296,480","32,600","80,151",0.21,0.71,2.6295110464652196,0.53
0.45,"10,311","1,667",0.14,"314,646","286,169","34,267","78,484",0.22,0.70,2.538061746680739,0.51
0.46,"11,615","1,830",0.14,"326,261","274,554","36,097","76,654",0.22,0.68,2.435047139271492,0.49
0.47,"10,667","1,811",0.15,"336,928","263,887","37,908","74,843",0.22,0.66,2.3404404395526424,0.47
0.48,"10,419","1,877",0.15,"347,347","253,468","39,785","72,966",0.22,0.65,2.248033276866724,0.46
0.49,"10,841","1,878",0.15,"358,188","242,627","41,663","71,088",0.23,0.63,2.1518833535844473,0.44
0.5,"10,857","1,847",0.15,"369,045","231,770","43,510","69,241",0.23,0.61,2.0555915246871423,0.42
0.51,"10,653","2,020",0.16,"379,698","221,117","45,530","67,221",0.23,0.60,1.9611089923814422,0.40
0.52,"10,768","2,098",0.16,"390,466","210,349","47,628","65,123",0.24,0.58,1.8656065134677298,0.39
0.53,"11,046","2,229",0.17,"401,512","199,303","49,857","62,894",0.24,0.56,1.767638424492909,0.37
0.54,"9,873","2,032",0.17,"411,385","189,430","51,889","60,862",0.24,0.54,1.6800737909198145,0.35
0.55,"9,578","2,048",0.18,"420,963","179,852","53,937","58,814",0.25,0.52,1.5951255421237949,0.33
0.56,"8,642","1,788",0.17,"429,605","171,210","55,725","57,026",0.25,0.51,1.518478771806902,0.32
0.57,"9,505","2,127",0.18,"439,110","161,705","57,852","54,899",0.25,0.49,1.4341779673794468,0.30
0.58,"8,770","1,919",0.18,"447,880","152,935","59,771","52,980",0.26,0.47,1.3563959521423314,0.29
0.59,"8,068","1,935",0.19,"455,948","144,867","61,706","51,045",0.26,0.45,1.2848400457645608,0.27
0.6,"8,578","2,141",0.20,"464,526","136,289","63,847","48,904",0.26,0.43,1.208760897907779,0.26
0.61,"8,030","1,992",0.20,"472,556","128,259","65,839","46,912",0.27,0.42,1.1375420173656996,0.25
0.62,"8,632","2,247",0.21,"481,188","119,627","68,086","44,665",0.27,0.40,1.0609839380581991,0.23
0.63,"7,807","2,073",0.21,"488,995","111,820","70,159","42,592",0.28,0.38,0.9917428670255696,0.22
0.64,"7,213","1,933",0.21,"496,208","104,607","72,092","40,659",0.28,0.36,0.9277700419508474,0.20
0.65,"6,950","2,106",0.23,"503,158","97,657","74,198","38,553",0.28,0.34,0.8661297904231448,0.19
0.66,"6,506","1,819",0.22,"509,664","91,151","76,017","36,734",0.29,0.33,0.8084274197124638,0.18
0.67,"6,590","1,980",0.23,"516,254","84,561","77,997","34,754",0.29,0.31,0.7499800445228867,0.17
0.68,"6,423","1,882",0.23,"522,677","78,138","79,879","32,872",0.30,0.29,0.6930138091901624,0.16
0.69,"6,525","2,067",0.24,"529,202","71,613","81,946","30,805",0.30,0.27,0.6351429255616358,0.14
0.7,"5,778","1,889",0.25,"534,980","65,835","83,835","28,916",0.31,0.26,0.5838972603347199,0.13
0.71,"5,127","1,669",0.25,"540,107","60,708","85,504","27,247",0.31,0.24,0.5384253798192478,0.12
0.72,"5,383","1,857",0.26,"545,490","55,325","87,361","25,390",0.31,0.23,0.4906830094633307,0.11
0.73,"4,742","1,713",0.27,"550,232","50,583","89,074","23,677",0.32,0.21,0.4486257328094651,0.10
0.74,"4,976","1,867",0.27,"555,208","45,607","90,941","21,810",0.32,0.19,0.4044930865358179,0.09
0.75,"4,394","1,712",0.28,"559,602","41,213","92,653","20,098",0.33,0.18,0.365522257008807,0.09
0.76,"3,669","1,407",0.28,"563,271","37,544","94,060","18,691",0.33,0.17,0.3329815256627436,0.08
0.77,"3,723","1,407",0.27,"566,994","33,821","95,467","17,284",0.34,0.15,0.29996186286596127,0.07
0.78,"3,039","1,225",0.29,"570,033","30,782","96,692","16,059",0.34,0.14,0.27300866511161764,0.07
0.79,"2,998","1,215",0.29,"573,031","27,784","97,907","14,844",0.35,0.13,0.24641910049578275,0.06
0.8,"3,121","1,253",0.29,"576,152","24,663","99,160","13,591",0.36,0.12,0.2187386364644216,0.05
0.81,"2,480",961,0.28,"578,632","22,183","100,121","12,630",0.36,0.11,0.1967432661351119,0.05
0.82,"2,813","1,299",0.32,"581,445","19,370","101,420","11,331",0.37,0.10,0.17179448519303597,0.04
0.83,"1,874",919,0.33,"583,319","17,496","102,339","10,412",0.37,0.09,0.15517379003290435,0.04
0.84,"1,945",919,0.32,"585,264","15,551","103,258","9,493",0.38,0.08,0.13792338870608686,0.04
0.85,"1,704",813,0.32,"586,968","13,847","104,071","8,680",0.39,0.08,0.12281044070562568,0.03
0.86,"1,587",798,0.33,"588,555","12,260","104,869","7,882",0.39,0.07,0.10873517751505529,0.03
0.87,"1,597",878,0.35,"590,152","10,663","105,747","7,004",0.40,0.06,0.09457122331509255,0.02
0.88,"1,117",620,0.36,"591,269","9,546","106,367","6,384",0.40,0.06,0.08466443756596394,0.02
0.89,"1,206",614,0.34,"592,475","8,340","106,981","5,770",0.41,0.05,0.07396830183324317,0.02
0.9,"1,044",577,0.36,"593,519","7,296","107,558","5,193",0.42,0.05,0.06470896045267892,0.02
0.91,997,536,0.35,"594,516","6,299","108,094","4,657",0.43,0.04,0.055866466816258835,0.02
0.92,"1,292",861,0.40,"595,808","5,007","108,955","3,796",0.43,0.03,0.04440758840276361,0.01
0.93,674,417,0.38,"596,482","4,333","109,372","3,379",0.44,0.03,0.03842981436971734,0.01
0.94,637,397,0.38,"597,119","3,696","109,769","2,982",0.45,0.03,0.03278019707142287,0.01
0.95,586,382,0.39,"597,705","3,110","110,151","2,600",0.46,0.02,0.027582903921029526,0.01
0.96,475,323,0.40,"598,180","2,635","110,474","2,277",0.46,0.02,0.023370080974891575,0.01
0.97,618,432,0.41,"598,798","2,017","110,906","1,845",0.48,0.02,0.01788897659444262,0.01
0.98,321,246,0.43,"599,119","1,696","111,152","1,599",0.49,0.01,0.01504199519294729,0.00
0.99,387,292,0.43,"599,506","1,309","111,444","1,307",0.50,0.01,0.011609653129462267,0.00
1.0,"1,309","1,307",0.50,"600,815",0,"112,751",0,nan,0.00,0.0,0.00
