p,Neg,Pos,mPrec,TN,FP,FN,TP,Prec,Rec,FP/P,$\hat{p}$
0.0,"15,022",845,0.05,"15,022","585,793",845,"111,906",0.16,0.99,5.195457246498923,0.98
0.01,"2,329",131,0.05,"17,351","583,464",976,"111,775",0.16,0.99,5.174801110411438,0.97
0.02,"2,043",139,0.06,"19,394","581,421","1,115","111,636",0.16,0.99,5.156681537192575,0.97
0.03,"2,361",176,0.07,"21,755","579,060","1,291","111,460",0.16,0.99,5.1357415898750345,0.97
0.04,"2,282",157,0.06,"24,037","576,778","1,448","111,303",0.16,0.99,5.115502301531694,0.96
0.05,"2,949",173,0.06,"26,986","573,829","1,621","111,130",0.16,0.99,5.089347322861881,0.96
0.06,"2,826",188,0.06,"29,812","571,003","1,809","110,942",0.16,0.98,5.064283243607595,0.96
0.07,"3,100",205,0.06,"32,912","567,903","2,014","110,737",0.16,0.98,5.036789030695958,0.95
0.08,"3,084",197,0.06,"35,996","564,819","2,211","110,540",0.16,0.98,5.009436723399349,0.95
0.09,"3,458",215,0.06,"39,454","561,361","2,426","110,325",0.16,0.98,4.978767372351465,0.94
0.1,"3,478",240,0.06,"42,932","557,883","2,666","110,085",0.16,0.98,4.947920639284796,0.94
0.11,"3,459",240,0.06,"46,391","554,424","2,906","109,845",0.17,0.97,4.917242419135972,0.93
0.12,"4,113",309,0.07,"50,504","550,311","3,215","109,536",0.17,0.97,4.880763806972888,0.92
0.13,"4,993",368,0.07,"55,497","545,318","3,583","109,168",0.17,0.97,4.836480385983273,0.92
0.14,"4,326",281,0.06,"59,823","540,992","3,864","108,887",0.17,0.97,4.79811265532013,0.91
0.15,"5,668",405,0.07,"65,491","535,324","4,269","108,482",0.17,0.96,4.74784259119653,0.90
0.16,"6,061",444,0.07,"71,552","529,263","4,713","108,038",0.17,0.96,4.69408697040381,0.89
0.17,"5,556",448,0.07,"77,108","523,707","5,161","107,590",0.17,0.95,4.644810245585405,0.88
0.18,"5,806",414,0.07,"82,914","517,901","5,575","107,176",0.17,0.95,4.593316245532191,0.88
0.19,"5,428",430,0.07,"88,342","512,473","6,005","106,746",0.17,0.95,4.545174765634008,0.87
0.2,"5,758",496,0.08,"94,100","506,715","6,501","106,250",0.17,0.94,4.4941064824258765,0.86
0.21,"6,622",515,0.07,"100,722","500,093","7,016","105,735",0.17,0.94,4.435375296006244,0.85
0.22,"6,489",540,0.08,"107,211","493,604","7,556","105,195",0.18,0.93,4.37782370001153,0.84
0.23,"6,344",590,0.09,"113,555","487,260","8,146","104,605",0.18,0.93,4.321558123653006,0.83
0.24,"6,668",637,0.09,"120,223","480,592","8,783","103,968",0.18,0.92,4.2624189585901675,0.82
0.25,"6,976",605,0.08,"127,199","473,616","9,388","103,363",0.18,0.92,4.200548110438045,0.81
0.26,"7,112",691,0.09,"134,311","466,504","10,079","102,672",0.18,0.91,4.137471064558186,0.80
0.27,"6,971",646,0.08,"141,282","459,533","10,725","102,026",0.18,0.90,4.075644561910759,0.79
0.28,"6,833",677,0.09,"148,115","452,700","11,402","101,349",0.18,0.90,4.015041995192948,0.78
0.29,"6,603",666,0.09,"154,718","446,097","12,068","100,683",0.18,0.89,3.9564793216911602,0.77
0.3,"7,253",728,0.09,"161,971","438,844","12,796","99,955",0.19,0.89,3.8921517325788684,0.76
0.31,"7,115",727,0.09,"169,086","431,729","13,523","99,228",0.19,0.88,3.8290480793961916,0.74
0.32,"7,131",761,0.10,"176,217","424,598","14,284","98,467",0.19,0.87,3.765802520598487,0.73
0.33,"8,336",910,0.10,"184,553","416,262","15,194","97,557",0.19,0.87,3.6918696951690007,0.72
0.34,"7,549",835,0.10,"192,102","408,713","16,029","96,722",0.19,0.86,3.6249168521786945,0.71
0.35,"6,840",824,0.11,"198,942","401,873","16,853","95,898",0.19,0.85,3.564252201754308,0.70
0.36,"8,461",986,0.10,"207,403","393,412","17,839","94,912",0.19,0.84,3.4892107387074174,0.68
0.37,"8,413","1,057",0.11,"215,816","384,999","18,896","93,855",0.20,0.83,3.41459499250561,0.67
0.38,"7,819","1,065",0.12,"223,635","377,180","19,961","92,790",0.20,0.82,3.3452474922617093,0.66
0.39,"9,070","1,136",0.11,"232,705","368,110","21,097","91,654",0.20,0.81,3.2648047467428225,0.64
0.4,"9,164","1,225",0.12,"241,869","358,946","22,322","90,429",0.20,0.80,3.1835283057356474,0.63
0.41,"9,466","1,345",0.12,"251,335","349,480","23,667","89,084",0.20,0.79,3.0995733962448226,0.61
0.42,"8,607","1,219",0.12,"259,942","340,873","24,886","87,865",0.20,0.78,3.023237044460803,0.60
0.43,"9,488","1,287",0.12,"269,430","331,385","26,173","86,578",0.21,0.77,2.939087014749315,0.59
0.44,"9,966","1,507",0.13,"279,396","321,419","27,680","85,071",0.21,0.75,2.850697554788871,0.57
0.45,"10,145","1,571",0.13,"289,541","311,274","29,251","83,500",0.21,0.74,2.760720525760304,0.55
0.46,"9,618","1,505",0.14,"299,159","301,656","30,756","81,995",0.21,0.73,2.675417512926715,0.54
0.47,"9,406","1,458",0.13,"308,565","292,250","32,214","80,537",0.22,0.71,2.591994749492244,0.52
0.48,"9,500","1,497",0.14,"318,065","282,750","33,711","79,040",0.22,0.70,2.507738290569485,0.51
0.49,"10,486","1,742",0.14,"328,551","272,264","35,453","77,298",0.22,0.69,2.4147368981206374,0.49
0.5,"10,379","1,724",0.14,"338,930","261,885","37,177","75,574",0.22,0.67,2.3226844994722886,0.47
0.51,"10,207","1,699",0.14,"349,137","251,678","38,876","73,875",0.23,0.66,2.2321575861854885,0.46
0.52,"10,598","1,914",0.15,"359,735","241,080","40,790","71,961",0.23,0.64,2.1381628544314464,0.44
0.53,"10,427","1,802",0.15,"370,162","230,653","42,592","70,159",0.23,0.62,2.045684738938014,0.42
0.54,"9,712","1,745",0.15,"379,874","220,941","44,337","68,414",0.24,0.61,1.9595480306161364,0.41
0.55,"9,137","1,832",0.17,"389,011","211,804","46,169","66,582",0.24,0.59,1.8785110553343207,0.39
0.56,"8,884","1,728",0.16,"397,895","202,920","47,897","64,854",0.24,0.58,1.7997179625901323,0.38
0.57,"9,134","1,803",0.16,"407,029","193,786","49,700","63,051",0.25,0.56,1.7187075946111343,0.36
0.58,"8,987","1,954",0.18,"416,016","184,799","51,654","61,097",0.25,0.54,1.6390009844702043,0.34
0.59,"7,908","1,692",0.18,"423,924","176,891","53,346","59,405",0.25,0.53,1.5688641342427119,0.33
0.6,"8,645","1,964",0.19,"432,569","168,246","55,310","57,441",0.25,0.51,1.492190756623001,0.32
0.61,"8,131","1,772",0.18,"440,700","160,115","57,082","55,669",0.26,0.49,1.4200760968860586,0.30
0.62,"7,958","1,862",0.19,"448,658","152,157","58,944","53,807",0.26,0.48,1.3494957916116044,0.29
0.63,"7,460","1,823",0.20,"456,118","144,697","60,767","51,984",0.26,0.46,1.2833322986048905,0.28
0.64,"8,098","2,075",0.20,"464,216","136,599","62,842","49,909",0.27,0.44,1.2115103191989427,0.26
0.65,"7,662","1,890",0.20,"471,878","128,937","64,732","48,019",0.27,0.43,1.143555267802503,0.25
0.66,"7,209","1,926",0.21,"479,087","121,728","66,658","46,093",0.27,0.41,1.0796179191315376,0.24
0.67,"7,563","2,058",0.21,"486,650","114,165","68,716","44,035",0.28,0.39,1.0125409087280823,0.22
0.68,"7,129","2,045",0.22,"493,779","107,036","70,761","41,990",0.28,0.37,0.949313088132256,0.21
0.69,"7,143","1,968",0.22,"500,922","99,893","72,729","40,022",0.29,0.35,0.8859611001232806,0.20
0.7,"6,311","1,827",0.22,"507,233","93,582","74,556","38,195",0.29,0.34,0.8299882040957508,0.18
0.71,"5,773","1,703",0.23,"513,006","87,809","76,259","36,492",0.29,0.32,0.778786884373531,0.17
0.72,"6,055","1,734",0.22,"519,061","81,754","77,993","34,758",0.30,0.31,0.7250844781864463,0.16
0.73,"5,917","1,872",0.24,"524,978","75,837","79,865","32,886",0.30,0.29,0.6726060079289763,0.15
0.74,"5,324","1,736",0.25,"530,302","70,513","81,601","31,150",0.31,0.28,0.6253869145284743,0.14
0.75,"5,686","1,853",0.25,"535,988","64,827","83,454","29,297",0.31,0.26,0.5749572065879682,0.13
0.76,"5,005","1,557",0.24,"540,993","59,822","85,011","27,740",0.32,0.25,0.5305673563870831,0.12
0.77,"4,861","1,678",0.26,"545,854","54,961","86,689","26,062",0.32,0.23,0.48745465672144817,0.11
0.78,"4,575","1,634",0.26,"550,429","50,386","88,323","24,428",0.33,0.22,0.4468785199244353,0.10
0.79,"4,591","1,775",0.28,"555,020","45,795","90,098","22,653",0.33,0.20,0.4061604775123946,0.10
0.8,"4,293","1,541",0.26,"559,313","41,502","91,639","21,112",0.34,0.19,0.3680854271802467,0.09
0.81,"3,486","1,362",0.28,"562,799","38,016","93,001","19,750",0.34,0.18,0.3371677413060638,0.08
0.82,"3,708","1,454",0.28,"566,507","34,308","94,455","18,296",0.35,0.16,0.3042811150233701,0.07
0.83,"3,142","1,287",0.29,"569,649","31,166","95,742","17,009",0.35,0.15,0.27641439987228494,0.07
0.84,"3,102","1,280",0.29,"572,751","28,064","97,022","15,729",0.36,0.14,0.24890244875876932,0.06
0.85,"2,954","1,243",0.30,"575,705","25,110","98,265","14,486",0.37,0.13,0.2227031245842609,0.06
0.86,"2,719","1,216",0.31,"578,424","22,391","99,481","13,270",0.37,0.12,0.19858803913047335,0.05
0.87,"2,461","1,090",0.31,"580,885","19,930","100,571","12,180",0.38,0.11,0.17676118171900915,0.04
0.88,"2,108","1,066",0.34,"582,993","17,822","101,637","11,114",0.38,0.10,0.1580651169390959,0.04
0.89,"2,044",922,0.31,"585,037","15,778","102,559","10,192",0.39,0.09,0.13993667461929385,0.04
0.9,"1,812",898,0.33,"586,849","13,966","103,457","9,294",0.40,0.08,0.12386586371739497,0.03
0.91,"1,679",876,0.34,"588,528","12,287","104,333","8,418",0.41,0.07,0.10897464324041473,0.03
0.92,"1,474",750,0.34,"590,002","10,813","105,083","7,668",0.41,0.07,0.09590158845597822,0.03
0.93,"1,390",809,0.37,"591,392","9,423","105,892","6,859",0.42,0.06,0.08357353815043769,0.02
0.94,"1,362",731,0.35,"592,754","8,061","106,623","6,128",0.43,0.05,0.07149382267119582,0.02
0.95,"1,163",678,0.37,"593,917","6,898","107,301","5,450",0.44,0.05,0.061179058278862275,0.02
0.96,"1,046",612,0.37,"594,963","5,852","107,913","4,838",0.45,0.04,0.05190197869641954,0.01
0.97,814,505,0.38,"595,777","5,038","108,418","4,333",0.46,0.04,0.04468253053187998,0.01
0.98,807,538,0.40,"596,584","4,231","108,956","3,795",0.47,0.03,0.03752516607391509,0.01
0.99,723,505,0.41,"597,307","3,508","109,461","3,290",0.48,0.03,0.031112806094846165,0.01
1.0,"3,508","3,290",0.48,"600,815",0,"112,751",0,nan,0.00,0.0,0.00
