p,Neg,Pos,mPrec,TN,FP,FN,TP,Prec,Rec,$\hat{p}$
0.0,"1,859",16,0.01,"1,859","178,386",16,"33,809",0.16,1.00,0.99
0.01,780,4,0.01,"2,639","177,606",20,"33,805",0.16,1.00,0.99
0.02,954,15,0.02,"3,593","176,652",35,"33,790",0.16,1.00,0.98
0.03,"1,121",8,0.01,"4,714","175,531",43,"33,782",0.16,1.00,0.98
0.04,"1,413",15,0.01,"6,127","174,118",58,"33,767",0.16,1.00,0.97
0.05,"1,455",21,0.01,"7,582","172,663",79,"33,746",0.16,1.00,0.96
0.06,"1,711",15,0.01,"9,293","170,952",94,"33,731",0.16,1.00,0.96
0.07,"1,800",23,0.01,"11,093","169,152",117,"33,708",0.17,1.00,0.95
0.08,"1,908",28,0.01,"13,001","167,244",145,"33,680",0.17,1.00,0.94
0.09,"2,099",35,0.02,"15,100","165,145",180,"33,645",0.17,0.99,0.93
0.1,70,2,0.03,"15,170","165,075",182,"33,643",0.17,0.99,0.93
0.11,"2,195",46,0.02,"17,365","162,880",228,"33,597",0.17,0.99,0.92
0.12,"2,499",60,0.02,"19,864","160,381",288,"33,537",0.17,0.99,0.91
0.13,"2,586",47,0.02,"22,450","157,795",335,"33,490",0.18,0.99,0.89
0.14,"2,503",65,0.03,"24,953","155,292",400,"33,425",0.18,0.99,0.88
0.15,"2,652",77,0.03,"27,605","152,640",477,"33,348",0.18,0.99,0.87
0.16,"2,772",84,0.03,"30,377","149,868",561,"33,264",0.18,0.98,0.86
0.17,"2,867",74,0.03,"33,244","147,001",635,"33,190",0.18,0.98,0.84
0.18,"3,044",96,0.03,"36,288","143,957",731,"33,094",0.19,0.98,0.83
0.19,"3,217",124,0.04,"39,505","140,740",855,"32,970",0.19,0.97,0.81
0.2,"3,133",125,0.04,"42,638","137,607",980,"32,845",0.19,0.97,0.80
0.21,"3,389",140,0.04,"46,027","134,218","1,120","32,705",0.20,0.97,0.78
0.22,"3,222",155,0.05,"49,249","130,996","1,275","32,550",0.20,0.96,0.76
0.23,192,5,0.03,"49,441","130,804","1,280","32,545",0.20,0.96,0.76
0.24,"3,233",179,0.05,"52,674","127,571","1,459","32,366",0.20,0.96,0.75
0.25,"3,326",195,0.06,"56,000","124,245","1,654","32,171",0.21,0.95,0.73
0.26,"3,489",212,0.06,"59,489","120,756","1,866","31,959",0.21,0.94,0.71
0.27,"3,352",204,0.06,"62,841","117,404","2,070","31,755",0.21,0.94,0.70
0.28,"3,534",214,0.06,"66,375","113,870","2,284","31,541",0.22,0.93,0.68
0.29,"3,530",248,0.07,"69,905","110,340","2,532","31,293",0.22,0.93,0.66
0.3,"3,516",232,0.06,"73,421","106,824","2,764","31,061",0.23,0.92,0.64
0.31,"3,540",223,0.06,"76,961","103,284","2,987","30,838",0.23,0.91,0.63
0.32,"3,547",274,0.07,"80,508","99,737","3,261","30,564",0.23,0.90,0.61
0.33,"3,457",304,0.08,"83,965","96,280","3,565","30,260",0.24,0.89,0.59
0.34,"3,493",306,0.08,"87,458","92,787","3,871","29,954",0.24,0.89,0.57
0.35,"3,417",312,0.08,"90,875","89,370","4,183","29,642",0.25,0.88,0.56
0.36,"3,473",354,0.09,"94,348","85,897","4,537","29,288",0.25,0.87,0.54
0.37,243,19,0.07,"94,591","85,654","4,556","29,269",0.25,0.87,0.54
0.38,"3,421",365,0.10,"98,012","82,233","4,921","28,904",0.26,0.85,0.52
0.39,"3,313",348,0.10,"101,325","78,920","5,269","28,556",0.27,0.84,0.50
0.4,"3,306",375,0.10,"104,631","75,614","5,644","28,181",0.27,0.83,0.48
0.41,"3,217",409,0.11,"107,848","72,397","6,053","27,772",0.28,0.82,0.47
0.42,"3,281",371,0.10,"111,129","69,116","6,424","27,401",0.28,0.81,0.45
0.43,"3,072",423,0.12,"114,201","66,044","6,847","26,978",0.29,0.80,0.43
0.44,"2,971",394,0.12,"117,172","63,073","7,241","26,584",0.30,0.79,0.42
0.45,"3,010",446,0.13,"120,182","60,063","7,687","26,138",0.30,0.77,0.40
0.46,"2,891",447,0.13,"123,073","57,172","8,134","25,691",0.31,0.76,0.39
0.47,"2,822",449,0.14,"125,895","54,350","8,583","25,242",0.32,0.75,0.37
0.48,"2,851",475,0.14,"128,746","51,499","9,058","24,767",0.32,0.73,0.36
0.49,"2,874",524,0.15,"131,620","48,625","9,582","24,243",0.33,0.72,0.34
0.5,"2,616",479,0.15,"134,236","46,009","10,061","23,764",0.34,0.70,0.33
0.51,218,26,0.11,"134,454","45,791","10,087","23,738",0.34,0.70,0.32
0.52,"2,629",478,0.15,"137,083","43,162","10,565","23,260",0.35,0.69,0.31
0.53,"2,475",533,0.18,"139,558","40,687","11,098","22,727",0.36,0.67,0.30
0.54,"2,337",537,0.19,"141,895","38,350","11,635","22,190",0.37,0.66,0.28
0.55,"2,300",528,0.19,"144,195","36,050","12,163","21,662",0.38,0.64,0.27
0.56,"2,195",527,0.19,"146,390","33,855","12,690","21,135",0.38,0.62,0.26
0.57,"2,003",615,0.23,"148,393","31,852","13,305","20,520",0.39,0.61,0.24
0.58,"2,081",586,0.22,"150,474","29,771","13,891","19,934",0.40,0.59,0.23
0.59,"1,945",584,0.23,"152,419","27,826","14,475","19,350",0.41,0.57,0.22
0.6,"1,907",538,0.22,"154,326","25,919","15,013","18,812",0.42,0.56,0.21
0.61,"1,822",559,0.23,"156,148","24,097","15,572","18,253",0.43,0.54,0.20
0.62,"1,749",603,0.26,"157,897","22,348","16,175","17,650",0.44,0.52,0.19
0.63,"1,658",614,0.27,"159,555","20,690","16,789","17,036",0.45,0.50,0.18
0.64,118,47,0.28,"159,673","20,572","16,836","16,989",0.45,0.50,0.18
0.65,"1,494",584,0.28,"161,167","19,078","17,420","16,405",0.46,0.48,0.17
0.66,"1,402",620,0.31,"162,569","17,676","18,040","15,785",0.47,0.47,0.16
0.67,"1,364",651,0.32,"163,933","16,312","18,691","15,134",0.48,0.45,0.15
0.68,"1,299",580,0.31,"165,232","15,013","19,271","14,554",0.49,0.43,0.14
0.69,"1,227",547,0.31,"166,459","13,786","19,818","14,007",0.50,0.41,0.13
0.7,"1,131",571,0.34,"167,590","12,655","20,389","13,436",0.51,0.40,0.12
0.71,"1,001",557,0.36,"168,591","11,654","20,946","12,879",0.52,0.38,0.11
0.72,"1,005",572,0.36,"169,596","10,649","21,518","12,307",0.54,0.36,0.11
0.73,948,479,0.34,"170,544","9,701","21,997","11,828",0.55,0.35,0.10
0.74,846,549,0.39,"171,390","8,855","22,546","11,279",0.56,0.33,0.09
0.75,768,583,0.43,"172,158","8,087","23,129","10,696",0.57,0.32,0.09
0.76,755,525,0.41,"172,913","7,332","23,654","10,171",0.58,0.30,0.08
0.77,725,573,0.44,"173,638","6,607","24,227","9,598",0.59,0.28,0.08
0.78,55,50,0.48,"173,693","6,552","24,277","9,548",0.59,0.28,0.08
0.79,680,544,0.44,"174,373","5,872","24,821","9,004",0.61,0.27,0.07
0.8,629,530,0.46,"175,002","5,243","25,351","8,474",0.62,0.25,0.06
0.81,553,535,0.49,"175,555","4,690","25,886","7,939",0.63,0.23,0.06
0.82,487,503,0.51,"176,042","4,203","26,389","7,436",0.64,0.22,0.05
0.83,484,500,0.51,"176,526","3,719","26,889","6,936",0.65,0.21,0.05
0.84,428,520,0.55,"176,954","3,291","27,409","6,416",0.66,0.19,0.05
0.85,401,497,0.55,"177,355","2,890","27,906","5,919",0.67,0.17,0.04
0.86,366,501,0.58,"177,721","2,524","28,407","5,418",0.68,0.16,0.04
0.87,352,494,0.58,"178,073","2,172","28,901","4,924",0.69,0.15,0.03
0.88,301,445,0.60,"178,374","1,871","29,346","4,479",0.71,0.13,0.03
0.89,281,477,0.63,"178,655","1,590","29,823","4,002",0.72,0.12,0.03
0.9,233,468,0.67,"178,888","1,357","30,291","3,534",0.72,0.10,0.02
0.91,11,30,0.73,"178,899","1,346","30,321","3,504",0.72,0.10,0.02
0.92,227,421,0.65,"179,126","1,119","30,742","3,083",0.73,0.09,0.02
0.93,183,424,0.70,"179,309",936,"31,166","2,659",0.74,0.08,0.02
0.94,180,451,0.71,"179,489",756,"31,617","2,208",0.74,0.07,0.01
0.95,155,407,0.72,"179,644",601,"32,024","1,801",0.75,0.05,0.01
0.96,147,362,0.71,"179,791",454,"32,386","1,439",0.76,0.04,0.01
0.97,119,343,0.74,"179,910",335,"32,729","1,096",0.77,0.03,0.01
0.98,116,299,0.72,"180,026",219,"33,028",797,0.78,0.02,0.00
0.99,84,279,0.77,"180,110",135,"33,307",518,0.79,0.02,0.00
1.0,135,518,0.79,"180,245",0,"33,825",0,nan,0.00,0.00
