p,Neg,Pos,mPrec,TN,FP,FN,TP,Prec,Rec,$\hat{p}$
0.0,168,2,0.01,168,"180,077",2,"33,823",0.16,1.00,1.00
0.01,265,1,0.00,433,"179,812",3,"33,822",0.16,1.00,1.00
0.02,342,5,0.01,775,"179,470",8,"33,817",0.16,1.00,1.00
0.03,475,3,0.01,"1,250","178,995",11,"33,814",0.16,1.00,0.99
0.04,661,8,0.01,"1,911","178,334",19,"33,806",0.16,1.00,0.99
0.05,821,9,0.01,"2,732","177,513",28,"33,797",0.16,1.00,0.99
0.06,"1,013",7,0.01,"3,745","176,500",35,"33,790",0.16,1.00,0.98
0.07,"1,182",17,0.01,"4,927","175,318",52,"33,773",0.16,1.00,0.98
0.08,"1,326",12,0.01,"6,253","173,992",64,"33,761",0.16,1.00,0.97
0.09,"1,537",10,0.01,"7,790","172,455",74,"33,751",0.16,1.00,0.96
0.1,"1,644",28,0.02,"9,434","170,811",102,"33,723",0.16,1.00,0.96
0.11,"1,870",28,0.01,"11,304","168,941",130,"33,695",0.17,1.00,0.95
0.12,"2,014",36,0.02,"13,318","166,927",166,"33,659",0.17,1.00,0.94
0.13,"2,184",33,0.01,"15,502","164,743",199,"33,626",0.17,0.99,0.93
0.14,"2,406",47,0.02,"17,908","162,337",246,"33,579",0.17,0.99,0.92
0.15,"2,357",48,0.02,"20,265","159,980",294,"33,531",0.17,0.99,0.90
0.16,"2,478",56,0.02,"22,743","157,502",350,"33,475",0.18,0.99,0.89
0.17,"2,607",71,0.03,"25,350","154,895",421,"33,404",0.18,0.99,0.88
0.18,"2,745",77,0.03,"28,095","152,150",498,"33,327",0.18,0.99,0.87
0.19,"2,743",92,0.03,"30,838","149,407",590,"33,235",0.18,0.98,0.85
0.2,"2,922",98,0.03,"33,760","146,485",688,"33,137",0.18,0.98,0.84
0.21,"3,020",104,0.03,"36,780","143,465",792,"33,033",0.19,0.98,0.82
0.22,"3,143",117,0.04,"39,923","140,322",909,"32,916",0.19,0.97,0.81
0.23,"3,170",126,0.04,"43,093","137,152","1,035","32,790",0.19,0.97,0.79
0.24,"3,150",120,0.04,"46,243","134,002","1,155","32,670",0.20,0.97,0.78
0.25,"3,227",143,0.04,"49,470","130,775","1,298","32,527",0.20,0.96,0.76
0.26,"3,276",142,0.04,"52,746","127,499","1,440","32,385",0.20,0.96,0.75
0.27,"3,415",184,0.05,"56,161","124,084","1,624","32,201",0.21,0.95,0.73
0.28,"3,389",195,0.05,"59,550","120,695","1,819","32,006",0.21,0.95,0.71
0.29,"3,332",182,0.05,"62,882","117,363","2,001","31,824",0.21,0.94,0.70
0.3,"3,505",216,0.06,"66,387","113,858","2,217","31,608",0.22,0.93,0.68
0.31,"3,521",228,0.06,"69,908","110,337","2,445","31,380",0.22,0.93,0.66
0.32,"3,509",226,0.06,"73,417","106,828","2,671","31,154",0.23,0.92,0.64
0.33,"3,479",257,0.07,"76,896","103,349","2,928","30,897",0.23,0.91,0.63
0.34,"3,558",283,0.07,"80,454","99,791","3,211","30,614",0.23,0.91,0.61
0.35,"3,447",303,0.08,"83,901","96,344","3,514","30,311",0.24,0.90,0.59
0.36,"3,508",320,0.08,"87,409","92,836","3,834","29,991",0.24,0.89,0.57
0.37,"3,334",330,0.09,"90,743","89,502","4,164","29,661",0.25,0.88,0.56
0.38,"3,516",344,0.09,"94,259","85,986","4,508","29,317",0.25,0.87,0.54
0.39,"3,269",353,0.10,"97,528","82,717","4,861","28,964",0.26,0.86,0.52
0.4,"3,343",361,0.10,"100,871","79,374","5,222","28,603",0.26,0.85,0.50
0.41,"3,217",334,0.09,"104,088","76,157","5,556","28,269",0.27,0.84,0.49
0.42,"3,206",382,0.11,"107,294","72,951","5,938","27,887",0.28,0.82,0.47
0.43,"3,140",438,0.12,"110,434","69,811","6,376","27,449",0.28,0.81,0.45
0.44,"3,191",397,0.11,"113,625","66,620","6,773","27,052",0.29,0.80,0.44
0.45,"3,134",410,0.12,"116,759","63,486","7,183","26,642",0.30,0.79,0.42
0.46,"2,936",453,0.13,"119,695","60,550","7,636","26,189",0.30,0.77,0.41
0.47,"2,973",479,0.14,"122,668","57,577","8,115","25,710",0.31,0.76,0.39
0.48,"2,881",446,0.13,"125,549","54,696","8,561","25,264",0.32,0.75,0.37
0.49,"2,784",486,0.15,"128,333","51,912","9,047","24,778",0.32,0.73,0.36
0.5,"2,744",492,0.15,"131,077","49,168","9,539","24,286",0.33,0.72,0.34
0.51,"2,572",534,0.17,"133,649","46,596","10,073","23,752",0.34,0.70,0.33
0.52,"2,563",523,0.17,"136,212","44,033","10,596","23,229",0.35,0.69,0.31
0.53,"2,525",490,0.16,"138,737","41,508","11,086","22,739",0.35,0.67,0.30
0.54,"2,447",541,0.18,"141,184","39,061","11,627","22,198",0.36,0.66,0.29
0.55,"2,431",577,0.19,"143,615","36,630","12,204","21,621",0.37,0.64,0.27
0.56,"2,241",538,0.19,"145,856","34,389","12,742","21,083",0.38,0.62,0.26
0.57,"2,099",523,0.20,"147,955","32,290","13,265","20,560",0.39,0.61,0.25
0.58,"2,118",551,0.21,"150,073","30,172","13,816","20,009",0.40,0.59,0.23
0.59,"2,019",571,0.22,"152,092","28,153","14,387","19,438",0.41,0.57,0.22
0.6,"1,910",572,0.23,"154,002","26,243","14,959","18,866",0.42,0.56,0.21
0.61,"1,790",622,0.26,"155,792","24,453","15,581","18,244",0.43,0.54,0.20
0.62,"1,729",610,0.26,"157,521","22,724","16,191","17,634",0.44,0.52,0.19
0.63,"1,653",600,0.27,"159,174","21,071","16,791","17,034",0.45,0.50,0.18
0.64,"1,567",575,0.27,"160,741","19,504","17,366","16,459",0.46,0.49,0.17
0.65,"1,422",575,0.29,"162,163","18,082","17,941","15,884",0.47,0.47,0.16
0.66,"1,400",580,0.29,"163,563","16,682","18,521","15,304",0.48,0.45,0.15
0.67,"1,269",573,0.31,"164,832","15,413","19,094","14,731",0.49,0.44,0.14
0.68,"1,279",600,0.32,"166,111","14,134","19,694","14,131",0.50,0.42,0.13
0.69,"1,075",540,0.33,"167,186","13,059","20,234","13,591",0.51,0.40,0.12
0.7,"1,078",562,0.34,"168,264","11,981","20,796","13,029",0.52,0.39,0.12
0.71,969,571,0.37,"169,233","11,012","21,367","12,458",0.53,0.37,0.11
0.72,984,545,0.36,"170,217","10,028","21,912","11,913",0.54,0.35,0.10
0.73,949,535,0.36,"171,166","9,079","22,447","11,378",0.56,0.34,0.10
0.74,821,545,0.40,"171,987","8,258","22,992","10,833",0.57,0.32,0.09
0.75,786,572,0.42,"172,773","7,472","23,564","10,261",0.58,0.30,0.08
0.76,716,517,0.42,"173,489","6,756","24,081","9,744",0.59,0.29,0.08
0.77,674,580,0.46,"174,163","6,082","24,661","9,164",0.60,0.27,0.07
0.78,613,537,0.47,"174,776","5,469","25,198","8,627",0.61,0.26,0.07
0.79,548,520,0.49,"175,324","4,921","25,718","8,107",0.62,0.24,0.06
0.8,547,522,0.49,"175,871","4,374","26,240","7,585",0.63,0.22,0.06
0.81,472,556,0.54,"176,343","3,902","26,796","7,029",0.64,0.21,0.05
0.82,463,526,0.53,"176,806","3,439","27,322","6,503",0.65,0.19,0.05
0.83,431,478,0.53,"177,237","3,008","27,800","6,025",0.67,0.18,0.04
0.84,359,511,0.59,"177,596","2,649","28,311","5,514",0.68,0.16,0.04
0.85,363,481,0.57,"177,959","2,286","28,792","5,033",0.69,0.15,0.03
0.86,298,457,0.61,"178,257","1,988","29,249","4,576",0.70,0.14,0.03
0.87,288,441,0.60,"178,545","1,700","29,690","4,135",0.71,0.12,0.03
0.88,265,470,0.64,"178,810","1,435","30,160","3,665",0.72,0.11,0.02
0.89,234,484,0.67,"179,044","1,201","30,644","3,181",0.73,0.09,0.02
0.9,225,471,0.68,"179,269",976,"31,115","2,710",0.74,0.08,0.02
0.91,178,420,0.70,"179,447",798,"31,535","2,290",0.74,0.07,0.01
0.92,169,427,0.72,"179,616",629,"31,962","1,863",0.75,0.06,0.01
0.93,160,366,0.70,"179,776",469,"32,328","1,497",0.76,0.04,0.01
0.94,140,374,0.73,"179,916",329,"32,702","1,123",0.77,0.03,0.01
0.95,105,308,0.75,"180,021",224,"33,010",815,0.78,0.02,0.00
0.96,86,267,0.76,"180,107",138,"33,277",548,0.80,0.02,0.00
0.97,63,229,0.78,"180,170",75,"33,506",319,0.81,0.01,0.00
0.98,49,165,0.77,"180,219",26,"33,671",154,0.86,0.00,0.00
0.99,19,95,0.83,"180,238",7,"33,766",59,0.89,0.00,0.00
1.0,7,59,0.89,"180,245",0,"33,825",0,nan,0.00,0.00
