p,Neg,Pos,mPrec,TN,FP,FN,TP,Prec,Rec,$\hat{p}$
0.0,151,1,0.01,151,"180,094",1,"33,824",0.16,1.00,1.00
0.01,284,0,0.00,435,"179,810",1,"33,824",0.16,1.00,1.00
0.02,317,5,0.02,752,"179,493",6,"33,819",0.16,1.00,1.00
0.03,471,4,0.01,"1,223","179,022",10,"33,815",0.16,1.00,0.99
0.04,632,6,0.01,"1,855","178,390",16,"33,809",0.16,1.00,0.99
0.05,776,4,0.01,"2,631","177,614",20,"33,805",0.16,1.00,0.99
0.06,949,15,0.02,"3,580","176,665",35,"33,790",0.16,1.00,0.98
0.07,"1,127",8,0.01,"4,707","175,538",43,"33,782",0.16,1.00,0.98
0.08,"1,413",15,0.01,"6,120","174,125",58,"33,767",0.16,1.00,0.97
0.09,"1,457",21,0.01,"7,577","172,668",79,"33,746",0.16,1.00,0.96
0.1,"1,716",15,0.01,"9,293","170,952",94,"33,731",0.16,1.00,0.96
0.11,"1,798",23,0.01,"11,091","169,154",117,"33,708",0.17,1.00,0.95
0.12,"1,910",28,0.01,"13,001","167,244",145,"33,680",0.17,1.00,0.94
0.13,"2,099",35,0.02,"15,100","165,145",180,"33,645",0.17,0.99,0.93
0.14,"2,163",48,0.02,"17,263","162,982",228,"33,597",0.17,0.99,0.92
0.15,"2,488",55,0.02,"19,751","160,494",283,"33,542",0.17,0.99,0.91
0.16,"2,590",51,0.02,"22,341","157,904",334,"33,491",0.17,0.99,0.89
0.17,"2,529",66,0.03,"24,870","155,375",400,"33,425",0.18,0.99,0.88
0.18,"2,629",75,0.03,"27,499","152,746",475,"33,350",0.18,0.99,0.87
0.19,"2,782",81,0.03,"30,281","149,964",556,"33,269",0.18,0.98,0.86
0.2,"2,904",78,0.03,"33,185","147,060",634,"33,191",0.18,0.98,0.84
0.21,"3,057",97,0.03,"36,242","144,003",731,"33,094",0.19,0.98,0.83
0.22,"3,244",124,0.04,"39,486","140,759",855,"32,970",0.19,0.97,0.81
0.23,"3,143",125,0.04,"42,629","137,616",980,"32,845",0.19,0.97,0.80
0.24,"3,397",140,0.04,"46,026","134,219","1,120","32,705",0.20,0.97,0.78
0.25,"3,223",155,0.05,"49,249","130,996","1,275","32,550",0.20,0.96,0.76
0.26,"3,223",173,0.05,"52,472","127,773","1,448","32,377",0.20,0.96,0.75
0.27,"3,343",195,0.06,"55,815","124,430","1,643","32,182",0.21,0.95,0.73
0.28,"3,447",214,0.06,"59,262","120,983","1,857","31,968",0.21,0.95,0.71
0.29,"3,368",204,0.06,"62,630","117,615","2,061","31,764",0.21,0.94,0.70
0.3,"3,557",213,0.06,"66,187","114,058","2,274","31,551",0.22,0.93,0.68
0.31,"3,560",249,0.07,"69,747","110,498","2,523","31,302",0.22,0.93,0.66
0.32,"3,603",233,0.06,"73,350","106,895","2,756","31,069",0.23,0.92,0.64
0.33,"3,538",226,0.06,"76,888","103,357","2,982","30,843",0.23,0.91,0.63
0.34,"3,585",276,0.07,"80,473","99,772","3,258","30,567",0.23,0.90,0.61
0.35,"3,469",307,0.08,"83,942","96,303","3,565","30,260",0.24,0.89,0.59
0.36,"3,509",306,0.08,"87,451","92,794","3,871","29,954",0.24,0.89,0.57
0.37,"3,421",312,0.08,"90,872","89,373","4,183","29,642",0.25,0.88,0.56
0.38,"3,476",354,0.09,"94,348","85,897","4,537","29,288",0.25,0.87,0.54
0.39,"3,414",357,0.09,"97,762","82,483","4,894","28,931",0.26,0.86,0.52
0.4,"3,338",351,0.10,"101,100","79,145","5,245","28,580",0.27,0.84,0.50
0.41,"3,288",374,0.10,"104,388","75,857","5,619","28,206",0.27,0.83,0.49
0.42,"3,266",409,0.11,"107,654","72,591","6,028","27,797",0.28,0.82,0.47
0.43,"3,309",382,0.10,"110,963","69,282","6,410","27,415",0.28,0.81,0.45
0.44,"3,054",415,0.12,"114,017","66,228","6,825","27,000",0.29,0.80,0.44
0.45,"3,079",409,0.12,"117,096","63,149","7,234","26,591",0.30,0.79,0.42
0.46,"3,003",442,0.13,"120,099","60,146","7,676","26,149",0.30,0.77,0.40
0.47,"2,949",454,0.13,"123,048","57,197","8,130","25,695",0.31,0.76,0.39
0.48,"2,836",453,0.14,"125,884","54,361","8,583","25,242",0.32,0.75,0.37
0.49,"2,861",474,0.14,"128,745","51,500","9,057","24,768",0.32,0.73,0.36
0.5,"2,874",524,0.15,"131,619","48,626","9,581","24,244",0.33,0.72,0.34
0.51,"2,617",480,0.15,"134,236","46,009","10,061","23,764",0.34,0.70,0.33
0.52,"2,636",457,0.15,"136,872","43,373","10,518","23,307",0.35,0.69,0.31
0.53,"2,465",546,0.18,"139,337","40,908","11,064","22,761",0.36,0.67,0.30
0.54,"2,390",530,0.18,"141,727","38,518","11,594","22,231",0.37,0.66,0.28
0.55,"2,328",525,0.18,"144,055","36,190","12,119","21,706",0.37,0.64,0.27
0.56,"2,213",534,0.19,"146,268","33,977","12,653","21,172",0.38,0.63,0.26
0.57,"2,076",629,0.23,"148,344","31,901","13,282","20,543",0.39,0.61,0.24
0.58,"2,078",590,0.22,"150,422","29,823","13,872","19,953",0.40,0.59,0.23
0.59,"1,960",591,0.23,"152,382","27,863","14,463","19,362",0.41,0.57,0.22
0.6,"1,921",549,0.22,"154,303","25,942","15,012","18,813",0.42,0.56,0.21
0.61,"1,838",560,0.23,"156,141","24,104","15,572","18,253",0.43,0.54,0.20
0.62,"1,754",603,0.26,"157,895","22,350","16,175","17,650",0.44,0.52,0.19
0.63,"1,660",614,0.27,"159,555","20,690","16,789","17,036",0.45,0.50,0.18
0.64,"1,483",588,0.28,"161,038","19,207","17,377","16,448",0.46,0.49,0.17
0.65,"1,402",613,0.30,"162,440","17,805","17,990","15,835",0.47,0.47,0.16
0.66,"1,389",646,0.32,"163,829","16,416","18,636","15,189",0.48,0.45,0.15
0.67,"1,318",596,0.31,"165,147","15,098","19,232","14,593",0.49,0.43,0.14
0.68,"1,242",543,0.30,"166,389","13,856","19,775","14,050",0.50,0.42,0.13
0.69,"1,144",589,0.34,"167,533","12,712","20,364","13,461",0.51,0.40,0.12
0.7,"1,037",561,0.35,"168,570","11,675","20,925","12,900",0.52,0.38,0.11
0.71,"1,009",578,0.36,"169,579","10,666","21,503","12,322",0.54,0.36,0.11
0.72,957,486,0.34,"170,536","9,709","21,989","11,836",0.55,0.35,0.10
0.73,843,553,0.40,"171,379","8,866","22,542","11,283",0.56,0.33,0.09
0.74,777,586,0.43,"172,156","8,089","23,128","10,697",0.57,0.32,0.09
0.75,756,525,0.41,"172,912","7,333","23,653","10,172",0.58,0.30,0.08
0.76,726,574,0.44,"173,638","6,607","24,227","9,598",0.59,0.28,0.08
0.77,668,543,0.45,"174,306","5,939","24,770","9,055",0.60,0.27,0.07
0.78,659,544,0.45,"174,965","5,280","25,314","8,511",0.62,0.25,0.06
0.79,556,521,0.48,"175,521","4,724","25,835","7,990",0.63,0.24,0.06
0.8,504,530,0.51,"176,025","4,220","26,365","7,460",0.64,0.22,0.05
0.81,482,487,0.50,"176,507","3,738","26,852","6,973",0.65,0.21,0.05
0.82,440,553,0.56,"176,947","3,298","27,405","6,420",0.66,0.19,0.05
0.83,398,485,0.55,"177,345","2,900","27,890","5,935",0.67,0.18,0.04
0.84,368,507,0.58,"177,713","2,532","28,397","5,428",0.68,0.16,0.04
0.85,357,499,0.58,"178,070","2,175","28,896","4,929",0.69,0.15,0.03
0.86,304,447,0.60,"178,374","1,871","29,343","4,482",0.71,0.13,0.03
0.87,281,480,0.63,"178,655","1,590","29,823","4,002",0.72,0.12,0.03
0.88,233,468,0.67,"178,888","1,357","30,291","3,534",0.72,0.10,0.02
0.89,229,427,0.65,"179,117","1,128","30,718","3,107",0.73,0.09,0.02
0.9,184,418,0.69,"179,301",944,"31,136","2,689",0.74,0.08,0.02
0.91,178,456,0.72,"179,479",766,"31,592","2,233",0.74,0.07,0.01
0.92,160,420,0.72,"179,639",606,"32,012","1,813",0.75,0.05,0.01
0.93,152,360,0.70,"179,791",454,"32,372","1,453",0.76,0.04,0.01
0.94,116,350,0.75,"179,907",338,"32,722","1,103",0.77,0.03,0.01
0.95,117,301,0.72,"180,024",221,"33,023",802,0.78,0.02,0.00
0.96,86,281,0.77,"180,110",135,"33,304",521,0.79,0.02,0.00
0.97,65,213,0.77,"180,175",70,"33,517",308,0.81,0.01,0.00
0.98,42,166,0.80,"180,217",28,"33,683",142,0.84,0.00,0.00
0.99,18,89,0.83,"180,235",10,"33,772",53,0.84,0.00,0.00
1.0,10,53,0.84,"180,245",0,"33,825",0,nan,0.00,0.00
