p,Neg,Pos,mPrec,TN,FP,FN,TP,Prec,Rec,$\hat{p}$
0.0,504,0,0.00,504,"420,066",0,"78,926",0.16,1.00,1.00
0.01,692,0,0.00,"1,196","419,374",0,"78,926",0.16,1.00,1.00
0.02,"1,008",0,0.00,"2,204","418,366",0,"78,926",0.16,1.00,1.00
0.03,"1,402",0,0.00,"3,606","416,964",0,"78,926",0.16,1.00,0.99
0.04,"1,882",0,0.00,"5,488","415,082",0,"78,926",0.16,1.00,0.99
0.05,"2,274",0,0.00,"7,762","412,808",0,"78,926",0.16,1.00,0.98
0.06,"2,838",0,0.00,"10,600","409,970",0,"78,926",0.16,1.00,0.98
0.07,"3,276",0,0.00,"13,876","406,694",0,"78,926",0.16,1.00,0.97
0.08,"3,823",0,0.00,"17,699","402,871",0,"78,926",0.16,1.00,0.96
0.09,"4,217",0,0.00,"21,916","398,654",0,"78,926",0.17,1.00,0.96
0.1,"4,845",0,0.00,"26,761","393,809",0,"78,926",0.17,1.00,0.95
0.11,"5,275",0,0.00,"32,036","388,534",0,"78,926",0.17,1.00,0.94
0.12,"5,773",0,0.00,"37,809","382,761",0,"78,926",0.17,1.00,0.92
0.13,"6,018",0,0.00,"43,827","376,743",0,"78,926",0.17,1.00,0.91
0.14,"6,534",0,0.00,"50,361","370,209",0,"78,926",0.18,1.00,0.90
0.15,"6,876",0,0.00,"57,237","363,333",0,"78,926",0.18,1.00,0.89
0.16,"7,213",0,0.00,"64,450","356,120",0,"78,926",0.18,1.00,0.87
0.17,"7,384",0,0.00,"71,834","348,736",0,"78,926",0.18,1.00,0.86
0.18,"7,781",0,0.00,"79,615","340,955",0,"78,926",0.19,1.00,0.84
0.19,"8,152",0,0.00,"87,767","332,803",0,"78,926",0.19,1.00,0.82
0.2,"8,206",0,0.00,"95,973","324,597",0,"78,926",0.20,1.00,0.81
0.21,"8,324",0,0.00,"104,297","316,273",0,"78,926",0.20,1.00,0.79
0.22,"8,557",0,0.00,"112,854","307,716",0,"78,926",0.20,1.00,0.77
0.23,"8,860",0,0.00,"121,714","298,856",0,"78,926",0.21,1.00,0.76
0.24,"8,981",0,0.00,"130,695","289,875",0,"78,926",0.21,1.00,0.74
0.25,"9,100",0,0.00,"139,795","280,775",0,"78,926",0.22,1.00,0.72
0.26,"9,166",0,0.00,"148,961","271,609",0,"78,926",0.23,1.00,0.70
0.27,"9,195",0,0.00,"158,156","262,414",0,"78,926",0.23,1.00,0.68
0.28,"9,330",0,0.00,"167,486","253,084",0,"78,926",0.24,1.00,0.66
0.29,"9,548",0,0.00,"177,034","243,536",0,"78,926",0.24,1.00,0.65
0.3,"9,226",0,0.00,"186,260","234,310",0,"78,926",0.25,1.00,0.63
0.31,"9,469",0,0.00,"195,729","224,841",0,"78,926",0.26,1.00,0.61
0.32,"9,522",0,0.00,"205,251","215,319",0,"78,926",0.27,1.00,0.59
0.33,"9,322",0,0.00,"214,573","205,997",0,"78,926",0.28,1.00,0.57
0.34,"9,326",0,0.00,"223,899","196,671",0,"78,926",0.29,1.00,0.55
0.35,"8,985",0,0.00,"232,884","187,686",0,"78,926",0.30,1.00,0.53
0.36,"9,143",0,0.00,"242,027","178,543",0,"78,926",0.31,1.00,0.52
0.37,"9,035",0,0.00,"251,062","169,508",0,"78,926",0.32,1.00,0.50
0.38,"8,915",0,0.00,"259,977","160,593",0,"78,926",0.33,1.00,0.48
0.39,"8,448",0,0.00,"268,425","152,145",0,"78,926",0.34,1.00,0.46
0.4,"8,302",0,0.00,"276,727","143,843",0,"78,926",0.35,1.00,0.45
0.41,"8,065",0,0.00,"284,792","135,778",0,"78,926",0.37,1.00,0.43
0.42,"7,912",0,0.00,"292,704","127,866",0,"78,926",0.38,1.00,0.41
0.43,"7,760",0,0.00,"300,464","120,106",0,"78,926",0.40,1.00,0.40
0.44,"7,461",0,0.00,"307,925","112,645",0,"78,926",0.41,1.00,0.38
0.45,"7,094",0,0.00,"315,019","105,551",0,"78,926",0.43,1.00,0.37
0.46,"6,979",0,0.00,"321,998","98,572",0,"78,926",0.44,1.00,0.36
0.47,"6,614",0,0.00,"328,612","91,958",0,"78,926",0.46,1.00,0.34
0.48,"6,280",0,0.00,"334,892","85,678",0,"78,926",0.48,1.00,0.33
0.49,"6,124",0,0.00,"341,016","79,554",0,"78,926",0.50,1.00,0.32
0.5,"5,844",1,0.00,"346,860","73,710",1,"78,925",0.52,1.00,0.31
0.51,"5,624",0,0.00,"352,484","68,086",1,"78,925",0.54,1.00,0.29
0.52,"5,295",0,0.00,"357,779","62,791",1,"78,925",0.56,1.00,0.28
0.53,"4,969",1,0.00,"362,748","57,822",2,"78,924",0.58,1.00,0.27
0.54,"4,793",3,0.00,"367,541","53,029",5,"78,921",0.60,1.00,0.26
0.55,"4,375",4,0.00,"371,916","48,654",9,"78,917",0.62,1.00,0.26
0.56,"4,198",2,0.00,"376,114","44,456",11,"78,915",0.64,1.00,0.25
0.57,"3,875",5,0.00,"379,989","40,581",16,"78,910",0.66,1.00,0.24
0.58,"3,640",13,0.00,"383,629","36,941",29,"78,897",0.68,1.00,0.23
0.59,"3,428",22,0.01,"387,057","33,513",51,"78,875",0.70,1.00,0.23
0.6,"3,155",31,0.01,"390,212","30,358",82,"78,844",0.72,1.00,0.22
0.61,"2,937",49,0.02,"393,149","27,421",131,"78,795",0.74,1.00,0.21
0.62,"2,744",50,0.02,"395,893","24,677",181,"78,745",0.76,1.00,0.21
0.63,"2,503",95,0.04,"398,396","22,174",276,"78,650",0.78,1.00,0.20
0.64,"2,239",129,0.05,"400,635","19,935",405,"78,521",0.80,0.99,0.20
0.65,"2,173",190,0.08,"402,808","17,762",595,"78,331",0.82,0.99,0.19
0.66,"2,012",236,0.10,"404,820","15,750",831,"78,095",0.83,0.99,0.19
0.67,"1,754",320,0.15,"406,574","13,996","1,151","77,775",0.85,0.99,0.18
0.68,"1,615",408,0.20,"408,189","12,381","1,559","77,367",0.86,0.98,0.18
0.69,"1,450",496,0.25,"409,639","10,931","2,055","76,871",0.88,0.97,0.18
0.7,"1,315",637,0.33,"410,954","9,616","2,692","76,234",0.89,0.97,0.17
0.71,"1,177",739,0.39,"412,131","8,439","3,431","75,495",0.90,0.96,0.17
0.72,"1,131",962,0.46,"413,262","7,308","4,393","74,533",0.91,0.94,0.16
0.73,"1,013","1,103",0.52,"414,275","6,295","5,496","73,430",0.92,0.93,0.16
0.74,858,"1,277",0.60,"415,133","5,437","6,773","72,153",0.93,0.91,0.16
0.75,812,"1,482",0.65,"415,945","4,625","8,255","70,671",0.94,0.90,0.15
0.76,685,"1,741",0.72,"416,630","3,940","9,996","68,930",0.95,0.87,0.15
0.77,663,"1,998",0.75,"417,293","3,277","11,994","66,932",0.95,0.85,0.14
0.78,542,"2,220",0.80,"417,835","2,735","14,214","64,712",0.96,0.82,0.14
0.79,464,"2,391",0.84,"418,299","2,271","16,605","62,321",0.96,0.79,0.13
0.8,460,"2,589",0.85,"418,759","1,811","19,194","59,732",0.97,0.76,0.12
0.81,381,"2,828",0.88,"419,140","1,430","22,022","56,904",0.98,0.72,0.12
0.82,329,"3,168",0.91,"419,469","1,101","25,190","53,736",0.98,0.68,0.11
0.83,250,"3,369",0.93,"419,719",851,"28,559","50,367",0.98,0.64,0.10
0.84,210,"3,390",0.94,"419,929",641,"31,949","46,977",0.99,0.60,0.10
0.85,174,"3,532",0.95,"420,103",467,"35,481","43,445",0.99,0.55,0.09
0.86,132,"3,654",0.97,"420,235",335,"39,135","39,791",0.99,0.50,0.08
0.87,105,"3,741",0.97,"420,340",230,"42,876","36,050",0.99,0.46,0.07
0.88,77,"3,807",0.98,"420,417",153,"46,683","32,243",1.00,0.41,0.06
0.89,47,"3,655",0.99,"420,464",106,"50,338","28,588",1.00,0.36,0.06
0.9,37,"3,544",0.99,"420,501",69,"53,882","25,044",1.00,0.32,0.05
0.91,23,"3,497",0.99,"420,524",46,"57,379","21,547",1.00,0.27,0.04
0.92,16,"3,333",1.00,"420,540",30,"60,712","18,214",1.00,0.23,0.04
0.93,13,"3,166",1.00,"420,553",17,"63,878","15,048",1.00,0.19,0.03
0.94,7,"3,137",1.00,"420,560",10,"67,015","11,911",1.00,0.15,0.02
0.95,6,"2,997",1.00,"420,566",4,"70,012","8,914",1.00,0.11,0.02
0.96,1,"2,750",1.00,"420,567",3,"72,762","6,164",1.00,0.08,0.01
0.97,2,"2,333",1.00,"420,569",1,"75,095","3,831",1.00,0.05,0.01
0.98,1,"1,879",1.00,"420,570",0,"76,974","1,952",1.00,0.02,0.00
0.99,0,"1,330",1.00,"420,570",0,"78,304",622,1.00,0.01,0.00
1.0,0,622,1.00,"420,570",0,"78,926",0,nan,0.00,0.00
