p,Neg,Pos,mPrec,TN,FP,FN,TP,Prec,Rec,$\hat{p}$
0.0,"10,742",0,0.00,"10,742","409,828",0,"78,926",0.16,1.00,0.98
0.1,"51,237",0,0.00,"61,979","358,591",0,"78,926",0.18,1.00,0.88
0.2,"80,087",0,0.00,"142,066","278,504",0,"78,926",0.22,1.00,0.72
0.3,"87,126",0,0.00,"229,192","191,378",0,"78,926",0.29,1.00,0.54
0.4,"75,679",0,0.00,"304,871","115,699",0,"78,926",0.41,1.00,0.39
0.5,"55,022",0,0.00,"359,893","60,677",0,"78,926",0.57,1.00,0.28
0.6,"35,674",119,0.00,"395,567","25,003",119,"78,807",0.76,1.00,0.21
0.7,"15,907","2,887",0.15,"411,474","9,096","3,006","75,920",0.89,0.96,0.17
0.8,"6,835","15,411",0.69,"418,309","2,261","18,417","60,509",0.96,0.77,0.13
0.9,"2,057","29,906",0.94,"420,366",204,"48,323","30,603",0.99,0.39,0.06
1.0,204,"30,603",0.99,"420,570",0,"78,926",0,nan,0.00,0.00
