p,Neg,Pos,mPrec,TN,FP,FN,TP,Prec,Rec,FP/P,$\hat{p}$
0.0,608,0,0.00,608,"600,207",0,"112,751",0.16,1.00,5.32,1.00
0.01,870,2,0.00,"1,478","599,337",2,"112,749",0.16,1.00,5.32,1.00
0.02,"1,236",13,0.01,"2,714","598,101",15,"112,736",0.16,1.00,5.30,1.00
0.03,"1,608",16,0.01,"4,322","596,493",31,"112,720",0.16,1.00,5.29,0.99
0.04,"1,984",17,0.01,"6,306","594,509",48,"112,703",0.16,1.00,5.27,0.99
0.05,"2,645",26,0.01,"8,951","591,864",74,"112,677",0.16,1.00,5.25,0.99
0.06,"3,070",38,0.01,"12,021","588,794",112,"112,639",0.16,1.00,5.22,0.98
0.07,"3,743",47,0.01,"15,764","585,051",159,"112,592",0.16,1.00,5.19,0.98
0.08,"4,452",59,0.01,"20,216","580,599",218,"112,533",0.16,1.00,5.15,0.97
0.09,"4,945",67,0.01,"25,161","575,654",285,"112,466",0.16,1.00,5.11,0.96
0.1,"5,427",89,0.02,"30,588","570,227",374,"112,377",0.16,1.00,5.06,0.96
0.11,"6,162",96,0.02,"36,750","564,065",470,"112,281",0.17,1.00,5.00,0.95
0.12,"6,580",112,0.02,"43,330","557,485",582,"112,169",0.17,0.99,4.94,0.94
0.13,"7,199",133,0.02,"50,529","550,286",715,"112,036",0.17,0.99,4.88,0.93
0.14,"7,485",169,0.02,"58,014","542,801",884,"111,867",0.17,0.99,4.81,0.92
0.15,"7,846",171,0.02,"65,860","534,955","1,055","111,696",0.17,0.99,4.74,0.91
0.16,"8,420",196,0.02,"74,280","526,535","1,251","111,500",0.17,0.99,4.67,0.89
0.17,"8,703",210,0.02,"82,983","517,832","1,461","111,290",0.18,0.99,4.59,0.88
0.18,"8,979",257,0.03,"91,962","508,853","1,718","111,033",0.18,0.98,4.51,0.87
0.19,"9,281",305,0.03,"101,243","499,572","2,023","110,728",0.18,0.98,4.43,0.86
0.2,"9,660",289,0.03,"110,903","489,912","2,312","110,439",0.18,0.98,4.35,0.84
0.21,"10,046",306,0.03,"120,949","479,866","2,618","110,133",0.19,0.98,4.26,0.83
0.22,"10,141",361,0.03,"131,090","469,725","2,979","109,772",0.19,0.97,4.17,0.81
0.23,"10,484",430,0.04,"141,574","459,241","3,409","109,342",0.19,0.97,4.07,0.80
0.24,"10,840",455,0.04,"152,414","448,401","3,864","108,887",0.20,0.97,3.98,0.78
0.25,"10,989",465,0.04,"163,403","437,412","4,329","108,422",0.20,0.96,3.88,0.76
0.26,"11,005",506,0.04,"174,408","426,407","4,835","107,916",0.20,0.96,3.78,0.75
0.27,"11,402",560,0.05,"185,810","415,005","5,395","107,356",0.21,0.95,3.68,0.73
0.28,"11,441",633,0.05,"197,251","403,564","6,028","106,723",0.21,0.95,3.58,0.72
0.29,"11,444",616,0.05,"208,695","392,120","6,644","106,107",0.21,0.94,3.48,0.70
0.3,"11,708",692,0.06,"220,403","380,412","7,336","105,415",0.22,0.93,3.37,0.68
0.31,"11,668",756,0.06,"232,071","368,744","8,092","104,659",0.22,0.93,3.27,0.66
0.32,"11,740",762,0.06,"243,811","357,004","8,854","103,897",0.23,0.92,3.17,0.65
0.33,"11,923",787,0.06,"255,734","345,081","9,641","103,110",0.23,0.91,3.06,0.63
0.34,"11,883",886,0.07,"267,617","333,198","10,527","102,224",0.23,0.91,2.96,0.61
0.35,"11,807",961,0.08,"279,424","321,391","11,488","101,263",0.24,0.90,2.85,0.59
0.36,"11,744","1,002",0.08,"291,168","309,647","12,490","100,261",0.24,0.89,2.75,0.57
0.37,"11,723","1,033",0.08,"302,891","297,924","13,523","99,228",0.25,0.88,2.64,0.56
0.38,"11,550","1,118",0.09,"314,441","286,374","14,641","98,110",0.26,0.87,2.54,0.54
0.39,"11,431","1,076",0.09,"325,872","274,943","15,717","97,034",0.26,0.86,2.44,0.52
0.4,"11,538","1,175",0.09,"337,410","263,405","16,892","95,859",0.27,0.85,2.34,0.50
0.41,"11,161","1,212",0.10,"348,571","252,244","18,104","94,647",0.27,0.84,2.24,0.49
0.42,"11,241","1,290",0.10,"359,812","241,003","19,394","93,357",0.28,0.83,2.14,0.47
0.43,"11,005","1,359",0.11,"370,817","229,998","20,753","91,998",0.29,0.82,2.04,0.45
0.44,"10,725","1,413",0.12,"381,542","219,273","22,166","90,585",0.29,0.80,1.94,0.43
0.45,"10,421","1,465",0.12,"391,963","208,852","23,631","89,120",0.30,0.79,1.85,0.42
0.46,"10,517","1,491",0.12,"402,480","198,335","25,122","87,629",0.31,0.78,1.76,0.40
0.47,"9,962","1,626",0.14,"412,442","188,373","26,748","86,003",0.31,0.76,1.67,0.38
0.48,"9,788","1,595",0.14,"422,230","178,585","28,343","84,408",0.32,0.75,1.58,0.37
0.49,"9,461","1,626",0.15,"431,691","169,124","29,969","82,782",0.33,0.73,1.50,0.35
0.5,"9,363","1,676",0.15,"441,054","159,761","31,645","81,106",0.34,0.72,1.42,0.34
0.51,"9,080","1,729",0.16,"450,134","150,681","33,374","79,377",0.35,0.70,1.34,0.32
0.52,"8,838","1,858",0.17,"458,972","141,843","35,232","77,519",0.35,0.69,1.26,0.31
0.53,"8,337","1,835",0.18,"467,309","133,506","37,067","75,684",0.36,0.67,1.18,0.29
0.54,"8,308","1,836",0.18,"475,617","125,198","38,903","73,848",0.37,0.65,1.11,0.28
0.55,"7,805","1,875",0.19,"483,422","117,393","40,778","71,973",0.38,0.64,1.04,0.27
0.56,"7,601","2,000",0.21,"491,023","109,792","42,778","69,973",0.39,0.62,0.97,0.25
0.57,"7,234","1,937",0.21,"498,257","102,558","44,715","68,036",0.40,0.60,0.91,0.24
0.58,"6,876","1,954",0.22,"505,133","95,682","46,669","66,082",0.41,0.59,0.85,0.23
0.59,"6,554","2,113",0.24,"511,687","89,128","48,782","63,969",0.42,0.57,0.79,0.21
0.6,"6,418","2,045",0.24,"518,105","82,710","50,827","61,924",0.43,0.55,0.73,0.20
0.61,"6,060","1,968",0.25,"524,165","76,650","52,795","59,956",0.44,0.53,0.68,0.19
0.62,"5,705","1,988",0.26,"529,870","70,945","54,783","57,968",0.45,0.51,0.63,0.18
0.63,"5,544","2,050",0.27,"535,414","65,401","56,833","55,918",0.46,0.50,0.58,0.17
0.64,"5,069","2,049",0.29,"540,483","60,332","58,882","53,869",0.47,0.48,0.54,0.16
0.65,"4,895","2,082",0.30,"545,378","55,437","60,964","51,787",0.48,0.46,0.49,0.15
0.66,"4,542","2,029",0.31,"549,920","50,895","62,993","49,758",0.49,0.44,0.45,0.14
0.67,"4,318","2,083",0.33,"554,238","46,577","65,076","47,675",0.51,0.42,0.41,0.13
0.68,"4,028","1,966",0.33,"558,266","42,549","67,042","45,709",0.52,0.41,0.38,0.12
0.69,"3,808","2,024",0.35,"562,074","38,741","69,066","43,685",0.53,0.39,0.34,0.12
0.7,"3,413","1,887",0.36,"565,487","35,328","70,953","41,798",0.54,0.37,0.31,0.11
0.71,"3,224","1,948",0.38,"568,711","32,104","72,901","39,850",0.55,0.35,0.28,0.10
0.72,"3,020","1,928",0.39,"571,731","29,084","74,829","37,922",0.57,0.34,0.26,0.09
0.73,"2,705","1,916",0.41,"574,436","26,379","76,745","36,006",0.58,0.32,0.23,0.09
0.74,"2,513","1,846",0.42,"576,949","23,866","78,591","34,160",0.59,0.30,0.21,0.08
0.75,"2,394","1,803",0.43,"579,343","21,472","80,394","32,357",0.60,0.29,0.19,0.08
0.76,"2,154","1,834",0.46,"581,497","19,318","82,228","30,523",0.61,0.27,0.17,0.07
0.77,"2,014","1,856",0.48,"583,511","17,304","84,084","28,667",0.62,0.25,0.15,0.06
0.78,"1,777","1,687",0.49,"585,288","15,527","85,771","26,980",0.63,0.24,0.14,0.06
0.79,"1,754","1,734",0.50,"587,042","13,773","87,505","25,246",0.65,0.22,0.12,0.05
0.8,"1,511","1,701",0.53,"588,553","12,262","89,206","23,545",0.66,0.21,0.11,0.05
0.81,"1,511","1,740",0.54,"590,064","10,751","90,946","21,805",0.67,0.19,0.10,0.05
0.82,"1,300","1,663",0.56,"591,364","9,451","92,609","20,142",0.68,0.18,0.08,0.04
0.83,"1,202","1,680",0.58,"592,566","8,249","94,289","18,462",0.69,0.16,0.07,0.04
0.84,"1,145","1,688",0.60,"593,711","7,104","95,977","16,774",0.70,0.15,0.06,0.03
0.85,988,"1,591",0.62,"594,699","6,116","97,568","15,183",0.71,0.13,0.05,0.03
0.86,949,"1,568",0.62,"595,648","5,167","99,136","13,615",0.72,0.12,0.05,0.03
0.87,804,"1,530",0.66,"596,452","4,363","100,666","12,085",0.73,0.11,0.04,0.02
0.88,718,"1,537",0.68,"597,170","3,645","102,203","10,548",0.74,0.09,0.03,0.02
0.89,624,"1,481",0.70,"597,794","3,021","103,684","9,067",0.75,0.08,0.03,0.02
0.9,576,"1,412",0.71,"598,370","2,445","105,096","7,655",0.76,0.07,0.02,0.01
0.91,507,"1,278",0.72,"598,877","1,938","106,374","6,377",0.77,0.06,0.02,0.01
0.92,435,"1,236",0.74,"599,312","1,503","107,610","5,141",0.77,0.05,0.01,0.01
0.93,408,"1,169",0.74,"599,720","1,095","108,779","3,972",0.78,0.04,0.01,0.01
0.94,323,"1,062",0.77,"600,043",772,"109,841","2,910",0.79,0.03,0.01,0.01
0.95,268,856,0.76,"600,311",504,"110,697","2,054",0.80,0.02,0.00,0.00
0.96,206,756,0.79,"600,517",298,"111,453","1,298",0.81,0.01,0.00,0.00
0.97,153,524,0.77,"600,670",145,"111,977",774,0.84,0.01,0.00,0.00
0.98,83,390,0.82,"600,753",62,"112,367",384,0.86,0.00,0.00,0.00
0.99,42,238,0.85,"600,795",20,"112,605",146,0.88,0.00,0.00,0.00
1.0,20,146,0.88,"600,815",0,"112,751",0,nan,0.00,0.00,0.00
