p,Neg,Pos,mPrec,TN,FP,FN,TP,Prec,Rec,$\hat{p}$
0.0,81,0,0.00,81,"180,164",0,"33,825",0.16,1.00,1.00
0.1,"5,518",159,0.03,"5,599","174,646",159,"33,666",0.16,1.00,0.97
0.2,"18,754",806,0.04,"24,353","155,892",965,"32,860",0.17,0.97,0.88
0.3,"31,374","2,256",0.07,"55,727","124,518","3,221","30,604",0.20,0.90,0.72
0.4,"36,173","3,860",0.10,"91,900","88,345","7,081","26,744",0.23,0.79,0.54
0.5,"31,873","5,073",0.14,"123,773","56,472","12,154","21,671",0.28,0.64,0.37
0.6,"23,235","5,379",0.19,"147,008","33,237","17,533","16,292",0.33,0.48,0.23
0.7,"15,258","5,250",0.26,"162,266","17,979","22,783","11,042",0.38,0.33,0.14
0.8,"10,417","5,054",0.33,"172,683","7,562","27,837","5,988",0.44,0.18,0.06
0.9,"5,908","4,196",0.42,"178,591","1,654","32,033","1,792",0.52,0.05,0.02
1.0,"1,654","1,792",0.52,"180,245",0,"33,825",0,nan,0.00,0.00
