p,Neg,Pos,mPrec,TN,FP,FN,TP,Prec,Rec,FP/P,$\hat{p}$
0.0,"6,330",38,0.01,"6,330","594,485",38,"112,713",0.16,1.00,5.27,0.99
0.05,"14,089",175,0.01,"20,419","580,396",213,"112,538",0.16,1.00,5.15,0.97
0.1,"29,908",503,0.02,"50,327","550,488",716,"112,035",0.17,0.99,4.88,0.93
0.15,"32,772",736,0.02,"83,099","517,716","1,452","111,299",0.18,0.99,4.59,0.88
0.2,"48,508","1,542",0.03,"131,607","469,208","2,994","109,757",0.19,0.97,4.16,0.81
0.25,"54,084","2,394",0.04,"185,691","415,124","5,388","107,363",0.21,0.95,3.68,0.73
0.3,"47,482","2,719",0.05,"233,173","367,642","8,107","104,644",0.22,0.93,3.26,0.66
0.35,"58,827","4,446",0.07,"292,000","308,815","12,553","100,198",0.24,0.89,2.74,0.57
0.4,"56,537","5,747",0.09,"348,537","252,278","18,300","94,451",0.27,0.84,2.24,0.49
0.45,"44,355","5,659",0.11,"392,892","207,923","23,959","88,792",0.30,0.79,1.84,0.42
0.5,"48,357","7,878",0.14,"441,249","159,566","31,837","80,914",0.34,0.72,1.42,0.34
0.55,"42,076","8,957",0.18,"483,325","117,490","40,794","71,957",0.38,0.64,1.04,0.27
0.6,"29,026","8,113",0.22,"512,351","88,464","48,907","63,844",0.42,0.57,0.78,0.21
0.65,"28,113","10,036",0.26,"540,464","60,351","58,943","53,808",0.47,0.48,0.54,0.16
0.7,"21,302","10,031",0.32,"561,766","39,049","68,974","43,777",0.53,0.39,0.35,0.12
0.75,"12,672","7,848",0.38,"574,438","26,377","76,822","35,929",0.58,0.32,0.23,0.09
0.8,"10,858","8,812",0.45,"585,296","15,519","85,634","27,117",0.64,0.24,0.14,0.06
0.85,"7,350","8,601",0.54,"592,646","8,169","94,235","18,516",0.69,0.16,0.07,0.04
0.9,"3,831","6,462",0.63,"596,477","4,338","100,697","12,054",0.74,0.11,0.04,0.02
0.95,"2,821","6,963",0.71,"599,298","1,517","107,660","5,091",0.77,0.05,0.01,0.01
1.0,"1,517","5,091",0.77,"600,815",0,"112,751",0,nan,0.00,0.00,0.00
