p,Neg,Pos,Neg/Pos,TN,FP,FN,TP,FP/TP,Prec.,Rec.,$\hat{p}$
0.0,342,0,inf,342,"420,228",0,"78,926",5.32,0.16,1.00,1.00
0.05,"7,318",0,inf,"7,660","412,910",0,"78,926",5.23,0.16,1.00,0.98
0.1,"22,610",0,inf,"30,270","390,300",0,"78,926",4.95,0.17,1.00,0.94
0.15,"36,190",0,inf,"66,460","354,110",0,"78,926",4.49,0.18,1.00,0.87
0.2,"44,220",0,inf,"110,680","309,890",0,"78,926",3.93,0.20,1.00,0.78
0.25,"47,911",0,inf,"158,591","261,979",0,"78,926",3.32,0.23,1.00,0.68
0.3,"48,713",0,inf,"207,304","213,266",0,"78,926",2.70,0.27,1.00,0.58
0.35,"46,057",0,inf,"253,361","167,209",0,"78,926",2.12,0.32,1.00,0.49
0.4,"40,548",0,inf,"293,909","126,661",0,"78,926",1.60,0.38,1.00,0.41
0.45,"34,323",0,inf,"328,232","92,338",0,"78,926",1.17,0.46,1.00,0.34
0.5,"27,955",0,inf,"356,187","64,383",0,"78,926",0.82,0.55,1.00,0.29
0.55,"21,716",7,3102.29,"377,903","42,667",7,"78,919",0.54,0.65,1.00,0.24
0.6,"15,684",84,186.71,"393,587","26,983",91,"78,835",0.34,0.75,1.00,0.21
0.65,"10,866",658,16.51,"404,453","16,117",749,"78,177",0.21,0.83,0.99,0.19
0.7,"7,046","2,479",2.84,"411,499","9,071","3,228","75,698",0.12,0.89,0.96,0.17
0.75,"4,560","6,588",0.69,"416,059","4,511","9,816","69,110",0.07,0.94,0.88,0.15
0.8,"2,703","12,150",0.22,"418,762","1,808","21,966","56,960",0.03,0.97,0.72,0.12
0.85,"1,242","16,315",0.08,"420,004",566,"38,281","40,645",0.01,0.99,0.51,0.08
0.9,438,"17,065",0.03,"420,442",128,"55,346","23,580",0.01,0.99,0.30,0.05
0.95,103,"15,021",0.01,"420,545",25,"70,367","8,559",0.00,1.00,0.11,0.02
1.0,25,"8,559",0.00,"420,570",0,"78,926",0,nan,nan,0.00,0.00
