p,Neg,Pos,Neg/Pos,TN,FP,FN,TP,FP/TP,Prec.,Rec.,$\hat{p}$
0.0,74,0,inf,74,"180,171",0,"33,825",5.33,0.16,1.00,1.00
0.05,"1,388",36,38.56,"1,462","178,783",36,"33,789",5.29,0.16,1.00,0.99
0.1,"3,917",131,29.90,"5,379","174,866",167,"33,658",5.20,0.16,1.00,0.97
0.15,"7,515",292,25.74,"12,894","167,351",459,"33,366",5.02,0.17,0.99,0.94
0.2,"11,025",548,20.12,"23,919","156,326","1,007","32,818",4.76,0.17,0.97,0.88
0.25,"14,239",869,16.39,"38,158","142,087","1,876","31,949",4.45,0.18,0.94,0.81
0.3,"16,720","1,301",12.85,"54,878","125,367","3,177","30,648",4.09,0.20,0.91,0.73
0.35,"18,040","1,660",10.87,"72,918","107,327","4,837","28,988",3.70,0.21,0.86,0.64
0.4,"17,949","2,078",8.64,"90,867","89,378","6,915","26,910",3.32,0.23,0.80,0.54
0.45,"17,046","2,430",7.01,"107,913","72,332","9,345","24,480",2.95,0.25,0.72,0.45
0.5,"15,236","2,683",5.68,"123,149","57,096","12,028","21,797",2.62,0.28,0.64,0.37
0.55,"13,178","2,790",4.72,"136,327","43,918","14,818","19,007",2.31,0.30,0.56,0.29
0.6,"10,948","2,818",3.89,"147,275","32,970","17,636","16,189",2.04,0.33,0.48,0.23
0.65,"8,869","2,716",3.27,"156,144","24,101","20,352","13,473",1.79,0.36,0.40,0.18
0.7,"6,944","2,623",2.65,"163,088","17,157","22,975","10,850",1.58,0.39,0.32,0.13
0.75,"5,784","2,569",2.25,"168,872","11,373","25,544","8,281",1.37,0.42,0.24,0.09
0.8,"4,541","2,464",1.84,"173,413","6,832","28,008","5,817",1.17,0.46,0.17,0.06
0.85,"3,378","2,363",1.43,"176,791","3,454","30,371","3,454",1.00,0.50,0.10,0.03
0.9,"2,181","1,768",1.23,"178,972","1,273","32,139","1,686",0.76,0.57,0.05,0.01
0.95,"1,018","1,196",0.85,"179,990",255,"33,335",490,0.52,0.66,0.01,0.00
1.0,255,490,0.52,"180,245",0,"33,825",0,nan,nan,0.00,0.00
