p,Neg,Pos,mPrec,TN,FP,FN,TP,Prec,Rec,$\hat{p}$
0.0,"3,364",187,0.05,"3,364","176,881",187,"33,638",0.16,0.99,0.98
0.01,440,39,0.08,"3,804","176,441",226,"33,599",0.16,0.99,0.98
0.02,406,32,0.07,"4,210","176,035",258,"33,567",0.16,0.99,0.98
0.03,541,42,0.07,"4,751","175,494",300,"33,525",0.16,0.99,0.98
0.04,572,43,0.07,"5,323","174,922",343,"33,482",0.16,0.99,0.97
0.05,411,35,0.08,"5,734","174,511",378,"33,447",0.16,0.99,0.97
0.06,486,44,0.08,"6,220","174,025",422,"33,403",0.16,0.99,0.97
0.07,537,40,0.07,"6,757","173,488",462,"33,363",0.16,0.99,0.97
0.08,463,36,0.07,"7,220","173,025",498,"33,327",0.16,0.99,0.96
0.09,468,49,0.09,"7,688","172,557",547,"33,278",0.16,0.98,0.96
0.1,508,37,0.07,"8,196","172,049",584,"33,241",0.16,0.98,0.96
0.11,484,39,0.07,"8,680","171,565",623,"33,202",0.16,0.98,0.96
0.12,487,40,0.08,"9,167","171,078",663,"33,162",0.16,0.98,0.95
0.13,580,46,0.07,"9,747","170,498",709,"33,116",0.16,0.98,0.95
0.14,510,46,0.08,"10,257","169,988",755,"33,070",0.16,0.98,0.95
0.15,506,47,0.08,"10,763","169,482",802,"33,023",0.16,0.98,0.95
0.16,524,42,0.07,"11,287","168,958",844,"32,981",0.16,0.98,0.94
0.17,567,51,0.08,"11,854","168,391",895,"32,930",0.16,0.97,0.94
0.18,579,43,0.07,"12,433","167,812",938,"32,887",0.16,0.97,0.94
0.19,662,58,0.08,"13,095","167,150",996,"32,829",0.16,0.97,0.93
0.2,666,60,0.08,"13,761","166,484","1,056","32,769",0.16,0.97,0.93
0.21,604,55,0.08,"14,365","165,880","1,111","32,714",0.16,0.97,0.93
0.22,562,61,0.10,"14,927","165,318","1,172","32,653",0.16,0.97,0.92
0.23,579,60,0.09,"15,506","164,739","1,232","32,593",0.17,0.96,0.92
0.24,598,66,0.10,"16,104","164,141","1,298","32,527",0.17,0.96,0.92
0.25,695,64,0.08,"16,799","163,446","1,362","32,463",0.17,0.96,0.92
0.26,598,69,0.10,"17,397","162,848","1,431","32,394",0.17,0.96,0.91
0.27,724,64,0.08,"18,121","162,124","1,495","32,330",0.17,0.96,0.91
0.28,831,60,0.07,"18,952","161,293","1,555","32,270",0.17,0.95,0.90
0.29,696,51,0.07,"19,648","160,597","1,606","32,219",0.17,0.95,0.90
0.3,827,56,0.06,"20,475","159,770","1,662","32,163",0.17,0.95,0.90
0.31,672,65,0.09,"21,147","159,098","1,727","32,098",0.17,0.95,0.89
0.32,688,46,0.06,"21,835","158,410","1,773","32,052",0.17,0.95,0.89
0.33,839,65,0.07,"22,674","157,571","1,838","31,987",0.17,0.95,0.89
0.34,776,98,0.11,"23,450","156,795","1,936","31,889",0.17,0.94,0.88
0.35,956,92,0.09,"24,406","155,839","2,028","31,797",0.17,0.94,0.88
0.36,806,88,0.10,"25,212","155,033","2,116","31,709",0.17,0.94,0.87
0.37,798,96,0.11,"26,010","154,235","2,212","31,613",0.17,0.93,0.87
0.38,859,73,0.08,"26,869","153,376","2,285","31,540",0.17,0.93,0.86
0.39,975,118,0.11,"27,844","152,401","2,403","31,422",0.17,0.93,0.86
0.4,942,87,0.08,"28,786","151,459","2,490","31,335",0.17,0.93,0.85
0.41,745,79,0.10,"29,531","150,714","2,569","31,256",0.17,0.92,0.85
0.42,886,109,0.11,"30,417","149,828","2,678","31,147",0.17,0.92,0.85
0.43,"1,057",108,0.09,"31,474","148,771","2,786","31,039",0.17,0.92,0.84
0.44,"1,238",122,0.09,"32,712","147,533","2,908","30,917",0.17,0.91,0.83
0.45,"1,168",152,0.12,"33,880","146,365","3,060","30,765",0.17,0.91,0.83
0.46,"1,381",149,0.10,"35,261","144,984","3,209","30,616",0.17,0.91,0.82
0.47,864,126,0.13,"36,125","144,120","3,335","30,490",0.17,0.90,0.82
0.48,"1,192",131,0.10,"37,317","142,928","3,466","30,359",0.18,0.90,0.81
0.49,"1,193",140,0.11,"38,510","141,735","3,606","30,219",0.18,0.89,0.80
0.5,"1,224",142,0.10,"39,734","140,511","3,748","30,077",0.18,0.89,0.80
0.51,"1,139",137,0.11,"40,873","139,372","3,885","29,940",0.18,0.89,0.79
0.52,"1,393",152,0.10,"42,266","137,979","4,037","29,788",0.18,0.88,0.78
0.53,"1,352",140,0.09,"43,618","136,627","4,177","29,648",0.18,0.88,0.78
0.54,"1,576",187,0.11,"45,194","135,051","4,364","29,461",0.18,0.87,0.77
0.55,"1,891",210,0.10,"47,085","133,160","4,574","29,251",0.18,0.86,0.76
0.56,"1,961",181,0.08,"49,046","131,199","4,755","29,070",0.18,0.86,0.75
0.57,"1,359",148,0.10,"50,405","129,840","4,903","28,922",0.18,0.86,0.74
0.58,"1,736",208,0.11,"52,141","128,104","5,111","28,714",0.18,0.85,0.73
0.59,"1,781",208,0.10,"53,922","126,323","5,319","28,506",0.18,0.84,0.72
0.6,"1,684",215,0.11,"55,606","124,639","5,534","28,291",0.18,0.84,0.71
0.61,"2,102",216,0.09,"57,708","122,537","5,750","28,075",0.19,0.83,0.70
0.62,"2,087",246,0.11,"59,795","120,450","5,996","27,829",0.19,0.82,0.69
0.63,"2,353",268,0.10,"62,148","118,097","6,264","27,561",0.19,0.81,0.68
0.64,"2,017",278,0.12,"64,165","116,080","6,542","27,283",0.19,0.81,0.67
0.65,"1,690",235,0.12,"65,855","114,390","6,777","27,048",0.19,0.80,0.66
0.66,"1,637",205,0.11,"67,492","112,753","6,982","26,843",0.19,0.79,0.65
0.67,"2,780",385,0.12,"70,272","109,973","7,367","26,458",0.19,0.78,0.64
0.68,"2,047",276,0.12,"72,319","107,926","7,643","26,182",0.20,0.77,0.63
0.69,"3,042",374,0.11,"75,361","104,884","8,017","25,808",0.20,0.76,0.61
0.7,"2,814",459,0.14,"78,175","102,070","8,476","25,349",0.20,0.75,0.60
0.71,"2,706",378,0.12,"80,881","99,364","8,854","24,971",0.20,0.74,0.58
0.72,"2,236",336,0.13,"83,117","97,128","9,190","24,635",0.20,0.73,0.57
0.73,"2,798",478,0.15,"85,915","94,330","9,668","24,157",0.20,0.71,0.55
0.74,"3,147",532,0.14,"89,062","91,183","10,200","23,625",0.21,0.70,0.54
0.75,"3,264",527,0.14,"92,326","87,919","10,727","23,098",0.21,0.68,0.52
0.76,"3,947",664,0.14,"96,273","83,972","11,391","22,434",0.21,0.66,0.50
0.77,"3,027",518,0.15,"99,300","80,945","11,909","21,916",0.21,0.65,0.48
0.78,"4,202",762,0.15,"103,502","76,743","12,671","21,154",0.22,0.63,0.46
0.79,"4,298",751,0.15,"107,800","72,445","13,422","20,403",0.22,0.60,0.43
0.8,"3,778",685,0.15,"111,578","68,667","14,107","19,718",0.22,0.58,0.41
0.81,"4,184",713,0.15,"115,762","64,483","14,820","19,005",0.23,0.56,0.39
0.82,"5,021",923,0.16,"120,783","59,462","15,743","18,082",0.23,0.53,0.36
0.83,"5,166","1,028",0.17,"125,949","54,296","16,771","17,054",0.24,0.50,0.33
0.84,"4,655",953,0.17,"130,604","49,641","17,724","16,101",0.24,0.48,0.31
0.85,"5,352","1,093",0.17,"135,956","44,289","18,817","15,008",0.25,0.44,0.28
0.86,"4,913","1,123",0.19,"140,869","39,376","19,940","13,885",0.26,0.41,0.25
0.87,"5,396","1,239",0.19,"146,265","33,980","21,179","12,646",0.27,0.37,0.22
0.88,"4,901","1,355",0.22,"151,166","29,079","22,534","11,291",0.28,0.33,0.19
0.89,"4,204","1,241",0.23,"155,370","24,875","23,775","10,050",0.29,0.30,0.16
0.9,"4,433","1,318",0.23,"159,803","20,442","25,093","8,732",0.30,0.26,0.14
0.91,"4,127","1,321",0.24,"163,930","16,315","26,414","7,411",0.31,0.22,0.11
0.92,"3,677","1,341",0.27,"167,607","12,638","27,755","6,070",0.32,0.18,0.09
0.93,"3,645","1,392",0.28,"171,252","8,993","29,147","4,678",0.34,0.14,0.06
0.94,"2,780","1,183",0.30,"174,032","6,213","30,330","3,495",0.36,0.10,0.05
0.95,"2,214","1,007",0.31,"176,246","3,999","31,337","2,488",0.38,0.07,0.03
0.96,"1,644",814,0.33,"177,890","2,355","32,151","1,674",0.42,0.05,0.02
0.97,"1,036",583,0.36,"178,926","1,319","32,734","1,091",0.45,0.03,0.01
0.98,659,449,0.41,"179,585",660,"33,183",642,0.49,0.02,0.01
0.99,427,366,0.46,"180,012",233,"33,549",276,0.54,0.01,0.00
1.0,233,276,0.54,"180,245",0,"33,825",0,nan,0.00,0.00
