p,Neg,Pos,mPrec,TN,FP,FN,TP,Prec,Rec,$\hat{p}$
0.0,"13,187",0,0.00,"13,187","407,383",0,"78,926",0.16,1.00,0.97
0.01,63,0,0.00,"13,250","407,320",0,"78,926",0.16,1.00,0.97
0.02,"3,868",0,0.00,"17,118","403,452",0,"78,926",0.16,1.00,0.97
0.03,"4,331",0,0.00,"21,449","399,121",0,"78,926",0.17,1.00,0.96
0.04,"4,847",0,0.00,"26,296","394,274",0,"78,926",0.17,1.00,0.95
0.05,"5,192",0,0.00,"31,488","389,082",0,"78,926",0.17,1.00,0.94
0.06,"5,707",0,0.00,"37,195","383,375",0,"78,926",0.17,1.00,0.93
0.07,"6,006",0,0.00,"43,201","377,369",0,"78,926",0.17,1.00,0.91
0.08,"6,433",0,0.00,"49,634","370,936",0,"78,926",0.18,1.00,0.90
0.09,"6,770",0,0.00,"56,404","364,166",0,"78,926",0.18,1.00,0.89
0.1,"7,074",0,0.00,"63,478","357,092",0,"78,926",0.18,1.00,0.87
0.11,"7,516",0,0.00,"70,994","349,576",0,"78,926",0.18,1.00,0.86
0.12,345,0,0.00,"71,339","349,231",0,"78,926",0.18,1.00,0.86
0.13,"7,884",0,0.00,"79,223","341,347",0,"78,926",0.19,1.00,0.84
0.14,"7,959",0,0.00,"87,182","333,388",0,"78,926",0.19,1.00,0.83
0.15,"8,308",0,0.00,"95,490","325,080",0,"78,926",0.20,1.00,0.81
0.16,"8,490",0,0.00,"103,980","316,590",0,"78,926",0.20,1.00,0.79
0.17,"8,505",0,0.00,"112,485","308,085",0,"78,926",0.20,1.00,0.77
0.18,"8,832",0,0.00,"121,317","299,253",0,"78,926",0.21,1.00,0.76
0.19,"8,928",0,0.00,"130,245","290,325",0,"78,926",0.21,1.00,0.74
0.2,"9,202",0,0.00,"139,447","281,123",0,"78,926",0.22,1.00,0.72
0.21,"9,207",0,0.00,"148,654","271,916",0,"78,926",0.22,1.00,0.70
0.22,"9,422",0,0.00,"158,076","262,494",0,"78,926",0.23,1.00,0.68
0.23,556,0,0.00,"158,632","261,938",0,"78,926",0.23,1.00,0.68
0.24,"9,411",0,0.00,"168,043","252,527",0,"78,926",0.24,1.00,0.66
0.25,"9,432",0,0.00,"177,475","243,095",0,"78,926",0.25,1.00,0.64
0.26,"9,376",0,0.00,"186,851","233,719",0,"78,926",0.25,1.00,0.63
0.27,"9,390",0,0.00,"196,241","224,329",0,"78,926",0.26,1.00,0.61
0.28,"9,063",0,0.00,"205,304","215,266",0,"78,926",0.27,1.00,0.59
0.29,"9,244",0,0.00,"214,548","206,022",0,"78,926",0.28,1.00,0.57
0.3,"9,021",0,0.00,"223,569","197,001",0,"78,926",0.29,1.00,0.55
0.31,"9,037",0,0.00,"232,606","187,964",0,"78,926",0.30,1.00,0.53
0.32,"9,025",0,0.00,"241,631","178,939",0,"78,926",0.31,1.00,0.52
0.33,"8,925",0,0.00,"250,556","170,014",0,"78,926",0.32,1.00,0.50
0.34,626,0,0.00,"251,182","169,388",0,"78,926",0.32,1.00,0.50
0.35,"8,822",0,0.00,"260,004","160,566",0,"78,926",0.33,1.00,0.48
0.36,"8,414",0,0.00,"268,418","152,152",0,"78,926",0.34,1.00,0.46
0.37,"8,234",0,0.00,"276,652","143,918",0,"78,926",0.35,1.00,0.45
0.38,"8,221",0,0.00,"284,873","135,697",0,"78,926",0.37,1.00,0.43
0.39,"7,685",0,0.00,"292,558","128,012",0,"78,926",0.38,1.00,0.41
0.4,"7,653",0,0.00,"300,211","120,359",0,"78,926",0.40,1.00,0.40
0.41,"7,281",0,0.00,"307,492","113,078",0,"78,926",0.41,1.00,0.38
0.42,"7,208",0,0.00,"314,700","105,870",0,"78,926",0.43,1.00,0.37
0.43,"6,819",0,0.00,"321,519","99,051",0,"78,926",0.44,1.00,0.36
0.44,"6,813",0,0.00,"328,332","92,238",0,"78,926",0.46,1.00,0.34
0.45,530,0,0.00,"328,862","91,708",0,"78,926",0.46,1.00,0.34
0.46,"6,388",0,0.00,"335,250","85,320",0,"78,926",0.48,1.00,0.33
0.47,"6,146",1,0.00,"341,396","79,174",1,"78,925",0.50,1.00,0.32
0.48,"5,794",2,0.00,"347,190","73,380",3,"78,923",0.52,1.00,0.30
0.49,"5,337",0,0.00,"352,527","68,043",3,"78,923",0.54,1.00,0.29
0.5,"5,134",1,0.00,"357,661","62,909",4,"78,922",0.56,1.00,0.28
0.51,"4,937",2,0.00,"362,598","57,972",6,"78,920",0.58,1.00,0.27
0.52,"4,715",3,0.00,"367,313","53,257",9,"78,917",0.60,1.00,0.26
0.53,"4,557",3,0.00,"371,870","48,700",12,"78,914",0.62,1.00,0.26
0.54,"4,219",7,0.00,"376,089","44,481",19,"78,907",0.64,1.00,0.25
0.55,"3,986",8,0.00,"380,075","40,495",27,"78,899",0.66,1.00,0.24
0.56,292,1,0.00,"380,367","40,203",28,"78,898",0.66,1.00,0.24
0.57,"3,642",11,0.00,"384,009","36,561",39,"78,887",0.68,1.00,0.23
0.58,"3,365",24,0.01,"387,374","33,196",63,"78,863",0.70,1.00,0.22
0.59,"3,175",30,0.01,"390,549","30,021",93,"78,833",0.72,1.00,0.22
0.6,"2,895",54,0.02,"393,444","27,126",147,"78,779",0.74,1.00,0.21
0.61,"2,726",75,0.03,"396,170","24,400",222,"78,704",0.76,1.00,0.21
0.62,"2,443",128,0.05,"398,613","21,957",350,"78,576",0.78,1.00,0.20
0.63,"2,259",144,0.06,"400,872","19,698",494,"78,432",0.80,0.99,0.20
0.64,"2,070",165,0.07,"402,942","17,628",659,"78,267",0.82,0.99,0.19
0.65,"1,957",258,0.12,"404,899","15,671",917,"78,009",0.83,0.99,0.19
0.66,"1,757",332,0.16,"406,656","13,914","1,249","77,677",0.85,0.98,0.18
0.67,140,32,0.19,"406,796","13,774","1,281","77,645",0.85,0.98,0.18
0.68,"1,589",445,0.22,"408,385","12,185","1,726","77,200",0.86,0.98,0.18
0.69,"1,451",512,0.26,"409,836","10,734","2,238","76,688",0.88,0.97,0.18
0.7,"1,297",642,0.33,"411,133","9,437","2,880","76,046",0.89,0.96,0.17
0.71,"1,182",797,0.40,"412,315","8,255","3,677","75,249",0.90,0.95,0.17
0.72,"1,003",916,0.48,"413,318","7,252","4,593","74,333",0.91,0.94,0.16
0.73,947,"1,041",0.52,"414,265","6,305","5,634","73,292",0.92,0.93,0.16
0.74,931,"1,334",0.59,"415,196","5,374","6,968","71,958",0.93,0.91,0.15
0.75,791,"1,488",0.65,"415,987","4,583","8,456","70,470",0.94,0.89,0.15
0.76,691,"1,683",0.71,"416,678","3,892","10,139","68,787",0.95,0.87,0.15
0.77,578,"1,874",0.76,"417,256","3,314","12,013","66,913",0.95,0.85,0.14
0.78,88,111,0.56,"417,344","3,226","12,124","66,802",0.95,0.85,0.14
0.79,522,"2,075",0.80,"417,866","2,704","14,199","64,727",0.96,0.82,0.13
0.8,487,"2,407",0.83,"418,353","2,217","16,606","62,320",0.97,0.79,0.13
0.81,438,"2,690",0.86,"418,791","1,779","19,296","59,630",0.97,0.76,0.12
0.82,394,"2,965",0.88,"419,185","1,385","22,261","56,665",0.98,0.72,0.12
0.83,327,"3,063",0.90,"419,512","1,058","25,324","53,602",0.98,0.68,0.11
0.84,262,"3,220",0.92,"419,774",796,"28,544","50,382",0.98,0.64,0.10
0.85,219,"3,405",0.94,"419,993",577,"31,949","46,977",0.99,0.60,0.10
0.86,141,"3,520",0.96,"420,134",436,"35,469","43,457",0.99,0.55,0.09
0.87,125,"3,691",0.97,"420,259",311,"39,160","39,766",0.99,0.50,0.08
0.88,85,"3,651",0.98,"420,344",226,"42,811","36,115",0.99,0.46,0.07
0.89,24,157,0.87,"420,368",202,"42,968","35,958",0.99,0.46,0.07
0.9,64,"3,673",0.98,"420,432",138,"46,641","32,285",1.00,0.41,0.06
0.91,45,"3,639",0.99,"420,477",93,"50,280","28,646",1.00,0.36,0.06
0.92,29,"3,568",0.99,"420,506",64,"53,848","25,078",1.00,0.32,0.05
0.93,23,"3,438",0.99,"420,529",41,"57,286","21,640",1.00,0.27,0.04
0.94,17,"3,432",1.00,"420,546",24,"60,718","18,208",1.00,0.23,0.04
0.95,3,"3,166",1.00,"420,549",21,"63,884","15,042",1.00,0.19,0.03
0.96,9,"3,054",1.00,"420,558",12,"66,938","11,988",1.00,0.15,0.02
0.97,4,"2,956",1.00,"420,562",8,"69,894","9,032",1.00,0.11,0.02
0.98,7,"2,807",1.00,"420,569",1,"72,701","6,225",1.00,0.08,0.01
0.99,1,"2,405",1.00,"420,570",0,"75,106","3,820",1.00,0.05,0.01
1.0,0,"3,820",1.00,"420,570",0,"78,926",0,nan,0.00,0.00
