p,Neg,Pos,Neg/Pos,TN,FP,FN,TP,FP/TP,Prec.,Rec.,$\hat{p}$
0.0,144,1,144.00,144,"180,101",1,"33,824",5.32,0.16,1.00,1.00
0.01,191,0,inf,335,"179,910",1,"33,824",5.32,0.16,1.00,1.00
0.02,353,4,88.25,688,"179,557",5,"33,820",5.31,0.16,1.00,1.00
0.03,465,4,116.25,"1,153","179,092",9,"33,816",5.30,0.16,1.00,0.99
0.04,616,5,123.20,"1,769","178,476",14,"33,811",5.28,0.16,1.00,0.99
0.05,834,6,139.00,"2,603","177,642",20,"33,805",5.25,0.16,1.00,0.99
0.06,922,3,307.33,"3,525","176,720",23,"33,802",5.23,0.16,1.00,0.98
0.07,"1,058",12,88.17,"4,583","175,662",35,"33,790",5.20,0.16,1.00,0.98
0.08,"1,325",16,82.81,"5,908","174,337",51,"33,774",5.16,0.16,1.00,0.97
0.09,"1,516",15,101.07,"7,424","172,821",66,"33,759",5.12,0.16,1.00,0.97
0.1,"1,676",25,67.04,"9,100","171,145",91,"33,734",5.07,0.16,1.00,0.96
0.11,"1,881",23,81.78,"10,981","169,264",114,"33,711",5.02,0.17,1.00,0.95
0.12,"1,998",32,62.44,"12,979","167,266",146,"33,679",4.97,0.17,1.00,0.94
0.13,"2,253",44,51.20,"15,232","165,013",190,"33,635",4.91,0.17,0.99,0.93
0.14,"2,395",59,40.59,"17,627","162,618",249,"33,576",4.84,0.17,0.99,0.92
0.15,"2,484",58,42.83,"20,111","160,134",307,"33,518",4.78,0.17,0.99,0.90
0.16,"2,637",65,40.57,"22,748","157,497",372,"33,453",4.71,0.18,0.99,0.89
0.17,"2,685",77,34.87,"25,433","154,812",449,"33,376",4.64,0.18,0.99,0.88
0.18,"2,827",70,40.39,"28,260","151,985",519,"33,306",4.56,0.18,0.98,0.87
0.19,"2,966",94,31.55,"31,226","149,019",613,"33,212",4.49,0.18,0.98,0.85
0.2,"3,060",96,31.88,"34,286","145,959",709,"33,116",4.41,0.18,0.98,0.84
0.21,"3,158",126,25.06,"37,444","142,801",835,"32,990",4.33,0.19,0.98,0.82
0.22,"3,330",108,30.83,"40,774","139,471",943,"32,882",4.24,0.19,0.97,0.81
0.23,"3,261",130,25.08,"44,035","136,210","1,073","32,752",4.16,0.19,0.97,0.79
0.24,"3,479",143,24.33,"47,514","132,731","1,216","32,609",4.07,0.20,0.96,0.77
0.25,"3,511",163,21.54,"51,025","129,220","1,379","32,446",3.98,0.20,0.96,0.76
0.26,"3,584",162,22.12,"54,609","125,636","1,541","32,284",3.89,0.20,0.95,0.74
0.27,"3,671",194,18.92,"58,280","121,965","1,735","32,090",3.80,0.21,0.95,0.72
0.28,"3,644",210,17.35,"61,924","118,321","1,945","31,880",3.71,0.21,0.94,0.70
0.29,"3,710",221,16.79,"65,634","114,611","2,166","31,659",3.62,0.22,0.94,0.68
0.3,"3,668",237,15.48,"69,302","110,943","2,403","31,422",3.53,0.22,0.93,0.67
0.31,"3,616",227,15.93,"72,918","107,327","2,630","31,195",3.44,0.23,0.92,0.65
0.32,"3,687",271,13.61,"76,605","103,640","2,901","30,924",3.35,0.23,0.91,0.63
0.33,"3,731",311,12.00,"80,336","99,909","3,212","30,613",3.26,0.23,0.91,0.61
0.34,"3,575",305,11.72,"83,911","96,334","3,517","30,308",3.18,0.24,0.90,0.59
0.35,"3,636",343,10.60,"87,547","92,698","3,860","29,965",3.09,0.24,0.89,0.57
0.36,"3,627",340,10.67,"91,174","89,071","4,200","29,625",3.01,0.25,0.88,0.55
0.37,"3,570",347,10.29,"94,744","85,501","4,547","29,278",2.92,0.26,0.87,0.54
0.38,"3,370",342,9.85,"98,114","82,131","4,889","28,936",2.84,0.26,0.86,0.52
0.39,"3,549",409,8.68,"101,663","78,582","5,298","28,527",2.75,0.27,0.84,0.50
0.4,"3,430",401,8.55,"105,093","75,152","5,699","28,126",2.67,0.27,0.83,0.48
0.41,"3,422",411,8.33,"108,515","71,730","6,110","27,715",2.59,0.28,0.82,0.46
0.42,"3,331",410,8.12,"111,846","68,399","6,520","27,305",2.50,0.29,0.81,0.45
0.43,"3,222",468,6.88,"115,068","65,177","6,988","26,837",2.43,0.29,0.79,0.43
0.44,"3,155",438,7.20,"118,223","62,022","7,426","26,399",2.35,0.30,0.78,0.41
0.45,"3,116",443,7.03,"121,339","58,906","7,869","25,956",2.27,0.31,0.77,0.40
0.46,"2,992",477,6.27,"124,331","55,914","8,346","25,479",2.19,0.31,0.75,0.38
0.47,"2,877",493,5.84,"127,208","53,037","8,839","24,986",2.12,0.32,0.74,0.36
0.48,"2,992",553,5.41,"130,200","50,045","9,392","24,433",2.05,0.33,0.72,0.35
0.49,"2,793",572,4.88,"132,993","47,252","9,964","23,861",1.98,0.34,0.71,0.33
0.5,"2,624",524,5.01,"135,617","44,628","10,488","23,337",1.91,0.34,0.69,0.32
0.51,"2,575",540,4.77,"138,192","42,053","11,028","22,797",1.84,0.35,0.67,0.30
0.52,"2,358",559,4.22,"140,550","39,695","11,587","22,238",1.79,0.36,0.66,0.29
0.53,"2,455",558,4.40,"143,005","37,240","12,145","21,680",1.72,0.37,0.64,0.28
0.54,"2,384",536,4.45,"145,389","34,856","12,681","21,144",1.65,0.38,0.63,0.26
0.55,"2,280",512,4.45,"147,669","32,576","13,193","20,632",1.58,0.39,0.61,0.25
0.56,"2,125",563,3.77,"149,794","30,451","13,756","20,069",1.52,0.40,0.59,0.24
0.57,"2,009",617,3.26,"151,803","28,442","14,373","19,452",1.46,0.41,0.58,0.22
0.58,"1,961",611,3.21,"153,764","26,481","14,984","18,841",1.41,0.42,0.56,0.21
0.59,"1,927",578,3.33,"155,691","24,554","15,562","18,263",1.34,0.43,0.54,0.20
0.6,"1,770",611,2.90,"157,461","22,784","16,173","17,652",1.29,0.44,0.52,0.19
0.61,"1,708",571,2.99,"159,169","21,076","16,744","17,081",1.23,0.45,0.50,0.18
0.62,"1,558",604,2.58,"160,727","19,518","17,348","16,477",1.18,0.46,0.49,0.17
0.63,"1,498",592,2.53,"162,225","18,020","17,940","15,885",1.13,0.47,0.47,0.16
0.64,"1,427",559,2.55,"163,652","16,593","18,499","15,326",1.08,0.48,0.45,0.15
0.65,"1,311",570,2.30,"164,963","15,282","19,069","14,756",1.04,0.49,0.44,0.14
0.66,"1,232",564,2.18,"166,195","14,050","19,633","14,192",0.99,0.50,0.42,0.13
0.67,"1,140",564,2.02,"167,335","12,910","20,197","13,628",0.95,0.51,0.40,0.12
0.68,"1,082",560,1.93,"168,417","11,828","20,757","13,068",0.91,0.52,0.39,0.12
0.69,"1,027",589,1.74,"169,444","10,801","21,346","12,479",0.87,0.54,0.37,0.11
0.7,911,552,1.65,"170,355","9,890","21,898","11,927",0.83,0.55,0.35,0.10
0.71,879,596,1.47,"171,234","9,011","22,494","11,331",0.80,0.56,0.33,0.10
0.72,868,517,1.68,"172,102","8,143","23,011","10,814",0.75,0.57,0.32,0.09
0.73,803,565,1.42,"172,905","7,340","23,576","10,249",0.72,0.58,0.30,0.08
0.74,719,545,1.32,"173,624","6,621","24,121","9,704",0.68,0.59,0.29,0.08
0.75,623,535,1.16,"174,247","5,998","24,656","9,169",0.65,0.60,0.27,0.07
0.76,601,560,1.07,"174,848","5,397","25,216","8,609",0.63,0.61,0.25,0.07
0.77,552,520,1.06,"175,400","4,845","25,736","8,089",0.60,0.63,0.24,0.06
0.78,535,509,1.05,"175,935","4,310","26,245","7,580",0.57,0.64,0.22,0.06
0.79,477,496,0.96,"176,412","3,833","26,741","7,084",0.54,0.65,0.21,0.05
0.8,464,501,0.93,"176,876","3,369","27,242","6,583",0.51,0.66,0.19,0.05
0.81,428,509,0.84,"177,304","2,941","27,751","6,074",0.48,0.67,0.18,0.04
0.82,372,532,0.70,"177,676","2,569","28,283","5,542",0.46,0.68,0.16,0.04
0.83,329,476,0.69,"178,005","2,240","28,759","5,066",0.44,0.69,0.15,0.03
0.84,319,465,0.69,"178,324","1,921","29,224","4,601",0.42,0.71,0.14,0.03
0.85,278,476,0.58,"178,602","1,643","29,700","4,125",0.40,0.72,0.12,0.03
0.86,252,461,0.55,"178,854","1,391","30,161","3,664",0.38,0.72,0.11,0.02
0.87,234,436,0.54,"179,088","1,157","30,597","3,228",0.36,0.74,0.10,0.02
0.88,192,405,0.47,"179,280",965,"31,002","2,823",0.34,0.75,0.08,0.02
0.89,168,400,0.42,"179,448",797,"31,402","2,423",0.33,0.75,0.07,0.02
0.9,136,351,0.39,"179,584",661,"31,753","2,072",0.32,0.76,0.06,0.01
0.91,144,356,0.40,"179,728",517,"32,109","1,716",0.30,0.77,0.05,0.01
0.92,125,351,0.36,"179,853",392,"32,460","1,365",0.29,0.78,0.04,0.01
0.93,114,316,0.36,"179,967",278,"32,776","1,049",0.27,0.79,0.03,0.01
0.94,89,278,0.32,"180,056",189,"33,054",771,0.25,0.80,0.02,0.00
0.95,72,236,0.31,"180,128",117,"33,290",535,0.22,0.82,0.02,0.00
0.96,53,192,0.28,"180,181",64,"33,482",343,0.19,0.84,0.01,0.00
0.97,39,161,0.24,"180,220",25,"33,643",182,0.14,0.88,0.01,0.00
0.98,16,93,0.17,"180,236",9,"33,736",89,0.10,0.91,0.00,0.00
0.99,7,50,0.14,"180,243",2,"33,786",39,0.05,0.95,0.00,0.00
1.0,2,39,0.05,"180,245",0,"33,825",0,nan,nan,0.00,0.00
