p,Neg,Pos,mPrec,TN,FP,FN,TP,Prec,Rec,$\hat{p}$
0.0,"5,338",0,0.00,"5,338","415,232",0,"78,926",0.16,1.00,0.99
0.1,"41,918",0,0.00,"47,256","373,314",0,"78,926",0.17,1.00,0.91
0.2,"85,122",0,0.00,"132,378","288,192",0,"78,926",0.21,1.00,0.73
0.3,"87,448",0,0.00,"219,826","200,744",0,"78,926",0.28,1.00,0.56
0.4,"84,836",0,0.00,"304,662","115,908",0,"78,926",0.41,1.00,0.39
0.5,"54,851",0,0.00,"359,513","61,057",0,"78,926",0.56,1.00,0.28
0.6,"36,050",119,0.00,"395,563","25,007",119,"78,807",0.76,1.00,0.21
0.7,"15,915","2,890",0.15,"411,478","9,092","3,009","75,917",0.89,0.96,0.17
0.8,"7,211","18,144",0.72,"418,689","1,881","21,153","57,773",0.97,0.73,0.12
0.9,"1,739","30,578",0.95,"420,428",142,"51,731","27,195",0.99,0.34,0.05
1.0,142,"27,195",0.99,"420,570",0,"78,926",0,nan,0.00,0.00
