p,Neg,Pos,mPrec,TN,FP,FN,TP,Prec,Rec,$\hat{p}$
0.0,"2,369",0,0.00,"2,369","418,201",0,"78,926",0.16,1.00,1.00
0.05,"7,306",0,0.00,"9,675","410,895",0,"78,926",0.16,1.00,0.98
0.1,"6,806",0,0.00,"16,481","404,089",0,"78,926",0.16,1.00,0.97
0.15,"7,052",0,0.00,"23,533","397,037",0,"78,926",0.17,1.00,0.95
0.2,"7,084",1,0.00,"30,617","389,953",1,"78,925",0.17,1.00,0.94
0.25,"8,271",12,0.00,"38,888","381,682",13,"78,913",0.17,1.00,0.92
0.3,"8,537",29,0.00,"47,425","373,145",42,"78,884",0.17,1.00,0.90
0.35,"9,735",86,0.01,"57,160","363,410",128,"78,798",0.18,1.00,0.89
0.4,"10,407",158,0.01,"67,567","353,003",286,"78,640",0.18,1.00,0.86
0.45,"10,685",246,0.02,"78,252","342,318",532,"78,394",0.19,0.99,0.84
0.5,"14,906",528,0.03,"93,158","327,412","1,060","77,866",0.19,0.99,0.81
0.55,"15,493",773,0.05,"108,651","311,919","1,833","77,093",0.20,0.98,0.78
0.6,"20,709","1,305",0.06,"129,360","291,210","3,138","75,788",0.21,0.96,0.73
0.65,"24,933","2,085",0.08,"154,293","266,277","5,223","73,703",0.22,0.93,0.68
0.7,"27,063","2,974",0.10,"181,356","239,214","8,197","70,729",0.23,0.90,0.62
0.75,"33,859","4,572",0.12,"215,215","205,355","12,769","66,157",0.24,0.84,0.54
0.8,"45,941","7,637",0.14,"261,156","159,414","20,406","58,520",0.27,0.74,0.44
0.85,"58,576","12,580",0.18,"319,732","100,838","32,986","45,940",0.31,0.58,0.29
0.9,"56,961","17,428",0.23,"376,693","43,877","50,414","28,512",0.39,0.36,0.14
0.95,"37,645","19,570",0.34,"414,338","6,232","69,984","8,942",0.59,0.11,0.03
1.0,"6,232","8,942",0.59,"420,570",0,"78,926",0,nan,0.00,0.00
