p,Neg,Pos,mPrec,TN,FP,FN,TP,Prec,Rec,$\hat{p}$
0.0,926,45,0.05,926,"179,319",45,"33,780",0.16,1.00,1.00
0.1,"8,175",526,0.06,"9,101","171,144",571,"33,254",0.16,0.98,0.95
0.2,"14,864","1,095",0.07,"23,965","156,280","1,666","32,159",0.17,0.95,0.88
0.3,"22,643","2,029",0.08,"46,608","133,637","3,695","30,130",0.18,0.89,0.77
0.4,"27,508","3,299",0.11,"74,116","106,129","6,994","26,831",0.20,0.79,0.62
0.5,"33,446","5,265",0.14,"107,562","72,683","12,259","21,566",0.23,0.64,0.44
0.6,"30,668","6,551",0.18,"138,230","42,015","18,810","15,015",0.26,0.44,0.27
0.7,"21,855","6,263",0.22,"160,085","20,160","25,073","8,752",0.30,0.26,0.14
0.8,"13,307","4,825",0.27,"173,392","6,853","29,898","3,927",0.36,0.12,0.05
0.9,"5,488","2,833",0.34,"178,880","1,365","32,731","1,094",0.44,0.03,0.01
1.0,"1,365","1,094",0.44,"180,245",0,"33,825",0,nan,0.00,0.00
