p,Neg,Pos,mPrec,TN,FP,FN,TP,Prec,Rec,$\hat{p}$
0.0,"1,805",86,0.05,"1,805","178,440",86,"33,739",0.16,1.00,0.99
0.01,689,30,0.04,"2,494","177,751",116,"33,709",0.16,1.00,0.99
0.02,623,48,0.07,"3,117","177,128",164,"33,661",0.16,1.00,0.98
0.03,800,51,0.06,"3,917","176,328",215,"33,610",0.16,0.99,0.98
0.04,652,39,0.06,"4,569","175,676",254,"33,571",0.16,0.99,0.98
0.05,828,47,0.05,"5,397","174,848",301,"33,524",0.16,0.99,0.97
0.06,893,69,0.07,"6,290","173,955",370,"33,455",0.16,0.99,0.97
0.07,769,61,0.07,"7,059","173,186",431,"33,394",0.16,0.99,0.97
0.08,788,52,0.06,"7,847","172,398",483,"33,342",0.16,0.99,0.96
0.09,933,70,0.07,"8,780","171,465",553,"33,272",0.16,0.98,0.96
0.1,993,58,0.06,"9,773","170,472",611,"33,214",0.16,0.98,0.95
0.11,"1,112",79,0.07,"10,885","169,360",690,"33,135",0.16,0.98,0.95
0.12,"1,194",72,0.06,"12,079","168,166",762,"33,063",0.16,0.98,0.94
0.13,"1,145",81,0.07,"13,224","167,021",843,"32,982",0.16,0.98,0.93
0.14,"1,362",111,0.08,"14,586","165,659",954,"32,871",0.17,0.97,0.93
0.15,"1,374",101,0.07,"15,960","164,285","1,055","32,770",0.17,0.97,0.92
0.16,"1,839",140,0.07,"17,799","162,446","1,195","32,630",0.17,0.96,0.91
0.17,"1,162",114,0.09,"18,961","161,284","1,309","32,516",0.17,0.96,0.91
0.18,"1,494",129,0.08,"20,455","159,790","1,438","32,387",0.17,0.96,0.90
0.19,"1,479",88,0.06,"21,934","158,311","1,526","32,299",0.17,0.95,0.89
0.2,"2,289",152,0.06,"24,223","156,022","1,678","32,147",0.17,0.95,0.88
0.21,"2,092",168,0.07,"26,315","153,930","1,846","31,979",0.17,0.95,0.87
0.22,"2,085",139,0.06,"28,400","151,845","1,985","31,840",0.17,0.94,0.86
0.23,"1,884",144,0.07,"30,284","149,961","2,129","31,696",0.17,0.94,0.85
0.24,"1,957",155,0.07,"32,241","148,004","2,284","31,541",0.18,0.93,0.84
0.25,"2,268",201,0.08,"34,509","145,736","2,485","31,340",0.18,0.93,0.83
0.26,"1,776",157,0.08,"36,285","143,960","2,642","31,183",0.18,0.92,0.82
0.27,"2,238",224,0.09,"38,523","141,722","2,866","30,959",0.18,0.92,0.81
0.28,"1,951",217,0.10,"40,474","139,771","3,083","30,742",0.18,0.91,0.80
0.29,"2,872",269,0.09,"43,346","136,899","3,352","30,473",0.18,0.90,0.78
0.3,"2,320",228,0.09,"45,666","134,579","3,580","30,245",0.18,0.89,0.77
0.31,"2,120",262,0.11,"47,786","132,459","3,842","29,983",0.18,0.89,0.76
0.32,"2,370",254,0.10,"50,156","130,089","4,096","29,729",0.19,0.88,0.75
0.33,"2,441",259,0.10,"52,597","127,648","4,355","29,470",0.19,0.87,0.73
0.34,"2,702",305,0.10,"55,299","124,946","4,660","29,165",0.19,0.86,0.72
0.35,"2,480",278,0.10,"57,779","122,466","4,938","28,887",0.19,0.85,0.71
0.36,"2,877",329,0.10,"60,656","119,589","5,267","28,558",0.19,0.84,0.69
0.37,"2,722",338,0.11,"63,378","116,867","5,605","28,220",0.19,0.83,0.68
0.38,"2,719",322,0.11,"66,097","114,148","5,927","27,898",0.20,0.82,0.66
0.39,"2,234",341,0.13,"68,331","111,914","6,268","27,557",0.20,0.81,0.65
0.4,"2,799",360,0.11,"71,130","109,115","6,628","27,197",0.20,0.80,0.64
0.41,"2,805",345,0.11,"73,935","106,310","6,973","26,852",0.20,0.79,0.62
0.42,"2,601",319,0.11,"76,536","103,709","7,292","26,533",0.20,0.78,0.61
0.43,"3,083",443,0.13,"79,619","100,626","7,735","26,090",0.21,0.77,0.59
0.44,"3,155",483,0.13,"82,774","97,471","8,218","25,607",0.21,0.76,0.57
0.45,"2,787",470,0.14,"85,561","94,684","8,688","25,137",0.21,0.74,0.56
0.46,"3,228",501,0.13,"88,789","91,456","9,189","24,636",0.21,0.73,0.54
0.47,"2,972",490,0.14,"91,761","88,484","9,679","24,146",0.21,0.71,0.53
0.48,"3,251",517,0.14,"95,012","85,233","10,196","23,629",0.22,0.70,0.51
0.49,"3,853",648,0.14,"98,865","81,380","10,844","22,981",0.22,0.68,0.49
0.5,"3,257",544,0.14,"102,122","78,123","11,388","22,437",0.22,0.66,0.47
0.51,"3,467",552,0.14,"105,589","74,656","11,940","21,885",0.23,0.65,0.45
0.52,"3,404",609,0.15,"108,993","71,252","12,549","21,276",0.23,0.63,0.43
0.53,"3,177",547,0.15,"112,170","68,075","13,096","20,729",0.23,0.61,0.41
0.54,"2,807",519,0.16,"114,977","65,268","13,615","20,210",0.24,0.60,0.40
0.55,"3,018",605,0.17,"117,995","62,250","14,220","19,605",0.24,0.58,0.38
0.56,"3,165",653,0.17,"121,160","59,085","14,873","18,952",0.24,0.56,0.36
0.57,"3,066",673,0.18,"124,226","56,019","15,546","18,279",0.25,0.54,0.35
0.58,"2,788",588,0.17,"127,014","53,231","16,134","17,691",0.25,0.52,0.33
0.59,"2,776",606,0.18,"129,790","50,455","16,740","17,085",0.25,0.51,0.32
0.6,"2,408",621,0.21,"132,198","48,047","17,361","16,464",0.26,0.49,0.30
0.61,"2,740",637,0.19,"134,938","45,307","17,998","15,827",0.26,0.47,0.29
0.62,"2,766",684,0.20,"137,704","42,541","18,682","15,143",0.26,0.45,0.27
0.63,"2,683",646,0.19,"140,387","39,858","19,328","14,497",0.27,0.43,0.25
0.64,"2,102",546,0.21,"142,489","37,756","19,874","13,951",0.27,0.41,0.24
0.65,"2,474",617,0.20,"144,963","35,282","20,491","13,334",0.27,0.39,0.23
0.66,"2,047",526,0.20,"147,010","33,235","21,017","12,808",0.28,0.38,0.22
0.67,"2,191",676,0.24,"149,201","31,044","21,693","12,132",0.28,0.36,0.20
0.68,"2,316",702,0.23,"151,517","28,728","22,395","11,430",0.28,0.34,0.19
0.69,"1,585",476,0.23,"153,102","27,143","22,871","10,954",0.29,0.32,0.18
0.7,"1,913",613,0.24,"155,015","25,230","23,484","10,341",0.29,0.31,0.17
0.71,"1,787",581,0.25,"156,802","23,443","24,065","9,760",0.29,0.29,0.16
0.72,"1,951",564,0.22,"158,753","21,492","24,629","9,196",0.30,0.27,0.14
0.73,"1,611",536,0.25,"160,364","19,881","25,165","8,660",0.30,0.26,0.13
0.74,"1,894",652,0.26,"162,258","17,987","25,817","8,008",0.31,0.24,0.12
0.75,"1,625",542,0.25,"163,883","16,362","26,359","7,466",0.31,0.22,0.11
0.76,"1,326",445,0.25,"165,209","15,036","26,804","7,021",0.32,0.21,0.10
0.77,"1,416",515,0.27,"166,625","13,620","27,319","6,506",0.32,0.19,0.09
0.78,"1,317",469,0.26,"167,942","12,303","27,788","6,037",0.33,0.18,0.09
0.79,"1,238",444,0.26,"169,180","11,065","28,232","5,593",0.34,0.17,0.08
0.8,"1,062",452,0.30,"170,242","10,003","28,684","5,141",0.34,0.15,0.07
0.81,"1,153",392,0.25,"171,395","8,850","29,076","4,749",0.35,0.14,0.06
0.82,868,345,0.28,"172,263","7,982","29,421","4,404",0.36,0.13,0.06
0.83,860,371,0.30,"173,123","7,122","29,792","4,033",0.36,0.12,0.05
0.84,763,331,0.30,"173,886","6,359","30,123","3,702",0.37,0.11,0.05
0.85,706,327,0.32,"174,592","5,653","30,450","3,375",0.37,0.10,0.04
0.86,629,273,0.30,"175,221","5,024","30,723","3,102",0.38,0.09,0.04
0.87,637,295,0.32,"175,858","4,387","31,018","2,807",0.39,0.08,0.03
0.88,532,312,0.37,"176,390","3,855","31,330","2,495",0.39,0.07,0.03
0.89,523,317,0.38,"176,913","3,332","31,647","2,178",0.40,0.06,0.03
0.9,501,232,0.32,"177,414","2,831","31,879","1,946",0.41,0.06,0.02
0.91,422,253,0.37,"177,836","2,409","32,132","1,693",0.41,0.05,0.02
0.92,433,199,0.31,"178,269","1,976","32,331","1,494",0.43,0.04,0.02
0.93,314,192,0.38,"178,583","1,662","32,523","1,302",0.44,0.04,0.01
0.94,321,224,0.41,"178,904","1,341","32,747","1,078",0.45,0.03,0.01
0.95,220,125,0.36,"179,124","1,121","32,872",953,0.46,0.03,0.01
0.96,178,125,0.41,"179,302",943,"32,997",828,0.47,0.02,0.01
0.97,190,137,0.42,"179,492",753,"33,134",691,0.48,0.02,0.01
0.98,140,130,0.48,"179,632",613,"33,264",561,0.48,0.02,0.01
0.99,160,125,0.44,"179,792",453,"33,389",436,0.49,0.01,0.00
1.0,453,436,0.49,"180,245",0,"33,825",0,nan,0.00,0.00
