p,Neg,Pos,mPrec,TN,FP,FN,TP,Prec,Rec,$\hat{p}$
0.0,"1,920",45,0.02,"1,920","178,325",45,"33,780",0.16,1.00,0.99
0.01,285,8,0.03,"2,205","178,040",53,"33,772",0.16,1.00,0.99
0.02,688,20,0.03,"2,893","177,352",73,"33,752",0.16,1.00,0.99
0.03,823,26,0.03,"3,716","176,529",99,"33,726",0.16,1.00,0.98
0.04,942,32,0.03,"4,658","175,587",131,"33,694",0.16,1.00,0.98
0.05,"1,097",32,0.03,"5,755","174,490",163,"33,662",0.16,1.00,0.97
0.06,"1,192",40,0.03,"6,947","173,298",203,"33,622",0.16,0.99,0.97
0.07,"1,389",45,0.03,"8,336","171,909",248,"33,577",0.16,0.99,0.96
0.08,"1,494",69,0.04,"9,830","170,415",317,"33,508",0.16,0.99,0.95
0.09,"1,502",60,0.04,"11,332","168,913",377,"33,448",0.17,0.99,0.95
0.1,"1,799",71,0.04,"13,131","167,114",448,"33,377",0.17,0.99,0.94
0.11,"1,139",46,0.04,"14,270","165,975",494,"33,331",0.17,0.99,0.93
0.12,"1,914",94,0.05,"16,184","164,061",588,"33,237",0.17,0.98,0.92
0.13,"1,850",98,0.05,"18,034","162,211",686,"33,139",0.17,0.98,0.91
0.14,"2,008",93,0.04,"20,042","160,203",779,"33,046",0.17,0.98,0.90
0.15,"2,332",96,0.04,"22,374","157,871",875,"32,950",0.17,0.97,0.89
0.16,"2,385",108,0.04,"24,759","155,486",983,"32,842",0.17,0.97,0.88
0.17,"2,575",173,0.06,"27,334","152,911","1,156","32,669",0.18,0.97,0.87
0.18,"2,649",162,0.06,"29,983","150,262","1,318","32,507",0.18,0.96,0.85
0.19,"2,820",175,0.06,"32,803","147,442","1,493","32,332",0.18,0.96,0.84
0.2,"2,989",217,0.07,"35,792","144,453","1,710","32,115",0.18,0.95,0.82
0.21,"3,187",202,0.06,"38,979","141,266","1,912","31,913",0.18,0.94,0.81
0.22,"2,015",142,0.07,"40,994","139,251","2,054","31,771",0.19,0.94,0.80
0.23,"2,938",205,0.07,"43,932","136,313","2,259","31,566",0.19,0.93,0.78
0.24,"2,828",233,0.08,"46,760","133,485","2,492","31,333",0.19,0.93,0.77
0.25,"3,066",253,0.08,"49,826","130,419","2,745","31,080",0.19,0.92,0.75
0.26,"3,220",244,0.07,"53,046","127,199","2,989","30,836",0.20,0.91,0.74
0.27,"3,348",292,0.08,"56,394","123,851","3,281","30,544",0.20,0.90,0.72
0.28,"3,386",324,0.09,"59,780","120,465","3,605","30,220",0.20,0.89,0.70
0.29,"3,469",331,0.09,"63,249","116,996","3,936","29,889",0.20,0.88,0.69
0.3,"3,490",325,0.09,"66,739","113,506","4,261","29,564",0.21,0.87,0.67
0.31,"3,647",368,0.09,"70,386","109,859","4,629","29,196",0.21,0.86,0.65
0.32,"3,594",362,0.09,"73,980","106,265","4,991","28,834",0.21,0.85,0.63
0.33,"2,466",273,0.10,"76,446","103,799","5,264","28,561",0.22,0.84,0.62
0.34,"3,382",355,0.09,"79,828","100,417","5,619","28,206",0.22,0.83,0.60
0.35,"3,153",364,0.10,"82,981","97,264","5,983","27,842",0.22,0.82,0.58
0.36,"3,192",371,0.10,"86,173","94,072","6,354","27,471",0.23,0.81,0.57
0.37,"3,225",400,0.11,"89,398","90,847","6,754","27,071",0.23,0.80,0.55
0.38,"3,238",433,0.12,"92,636","87,609","7,187","26,638",0.23,0.79,0.53
0.39,"3,379",412,0.11,"96,015","84,230","7,599","26,226",0.24,0.78,0.52
0.4,"3,271",441,0.12,"99,286","80,959","8,040","25,785",0.24,0.76,0.50
0.41,"3,197",498,0.13,"102,483","77,762","8,538","25,287",0.25,0.75,0.48
0.42,"3,218",477,0.13,"105,701","74,544","9,015","24,810",0.25,0.73,0.46
0.43,"3,231",552,0.15,"108,932","71,313","9,567","24,258",0.25,0.72,0.45
0.44,"2,293",366,0.14,"111,225","69,020","9,933","23,892",0.26,0.71,0.43
0.45,"2,808",468,0.14,"114,033","66,212","10,401","23,424",0.26,0.69,0.42
0.46,"2,569",453,0.15,"116,602","63,643","10,854","22,971",0.27,0.68,0.40
0.47,"2,600",473,0.15,"119,202","61,043","11,327","22,498",0.27,0.67,0.39
0.48,"2,604",476,0.15,"121,806","58,439","11,803","22,022",0.27,0.65,0.38
0.49,"2,599",464,0.15,"124,405","55,840","12,267","21,558",0.28,0.64,0.36
0.5,"2,506",551,0.18,"126,911","53,334","12,818","21,007",0.28,0.62,0.35
0.51,"2,459",515,0.17,"129,370","50,875","13,333","20,492",0.29,0.61,0.33
0.52,"2,488",517,0.17,"131,858","48,387","13,850","19,975",0.29,0.59,0.32
0.53,"2,373",568,0.19,"134,231","46,014","14,418","19,407",0.30,0.57,0.31
0.54,"2,280",489,0.18,"136,511","43,734","14,907","18,918",0.30,0.56,0.29
0.55,"1,603",345,0.18,"138,114","42,131","15,252","18,573",0.31,0.55,0.28
0.56,"2,028",454,0.18,"140,142","40,103","15,706","18,119",0.31,0.54,0.27
0.57,"1,766",425,0.19,"141,908","38,337","16,131","17,694",0.32,0.52,0.26
0.58,"1,941",527,0.21,"143,849","36,396","16,658","17,167",0.32,0.51,0.25
0.59,"1,783",472,0.21,"145,632","34,613","17,130","16,695",0.33,0.49,0.24
0.6,"1,760",505,0.22,"147,392","32,853","17,635","16,190",0.33,0.48,0.23
0.61,"1,750",509,0.23,"149,142","31,103","18,144","15,681",0.34,0.46,0.22
0.62,"1,655",523,0.24,"150,797","29,448","18,667","15,158",0.34,0.45,0.21
0.63,"1,630",510,0.24,"152,427","27,818","19,177","14,648",0.34,0.43,0.20
0.64,"1,561",517,0.25,"153,988","26,257","19,694","14,131",0.35,0.42,0.19
0.65,"1,485",524,0.26,"155,473","24,772","20,218","13,607",0.35,0.40,0.18
0.66,988,338,0.25,"156,461","23,784","20,556","13,269",0.36,0.39,0.17
0.67,"1,261",469,0.27,"157,722","22,523","21,025","12,800",0.36,0.38,0.17
0.68,"1,198",420,0.26,"158,920","21,325","21,445","12,380",0.37,0.37,0.16
0.69,"1,211",482,0.28,"160,131","20,114","21,927","11,898",0.37,0.35,0.15
0.7,"1,208",456,0.27,"161,339","18,906","22,383","11,442",0.38,0.34,0.14
0.71,"1,196",490,0.29,"162,535","17,710","22,873","10,952",0.38,0.32,0.13
0.72,"1,128",478,0.30,"163,663","16,582","23,351","10,474",0.39,0.31,0.13
0.73,"1,101",532,0.33,"164,764","15,481","23,883","9,942",0.39,0.29,0.12
0.74,"1,105",483,0.30,"165,869","14,376","24,366","9,459",0.40,0.28,0.11
0.75,"1,059",512,0.33,"166,928","13,317","24,878","8,947",0.40,0.26,0.10
0.76,"1,010",486,0.32,"167,938","12,307","25,364","8,461",0.41,0.25,0.10
0.77,617,262,0.30,"168,555","11,690","25,626","8,199",0.41,0.24,0.09
0.78,913,455,0.33,"169,468","10,777","26,081","7,744",0.42,0.23,0.09
0.79,889,426,0.32,"170,357","9,888","26,507","7,318",0.43,0.22,0.08
0.8,856,496,0.37,"171,213","9,032","27,003","6,822",0.43,0.20,0.07
0.81,855,451,0.35,"172,068","8,177","27,454","6,371",0.44,0.19,0.07
0.82,785,446,0.36,"172,853","7,392","27,900","5,925",0.44,0.18,0.06
0.83,773,467,0.38,"173,626","6,619","28,367","5,458",0.45,0.16,0.06
0.84,694,455,0.40,"174,320","5,925","28,822","5,003",0.46,0.15,0.05
0.85,682,464,0.40,"175,002","5,243","29,286","4,539",0.46,0.13,0.05
0.86,665,441,0.40,"175,667","4,578","29,727","4,098",0.47,0.12,0.04
0.87,617,473,0.43,"176,284","3,961","30,200","3,625",0.48,0.11,0.04
0.88,400,205,0.34,"176,684","3,561","30,405","3,420",0.49,0.10,0.03
0.89,474,411,0.46,"177,158","3,087","30,816","3,009",0.49,0.09,0.03
0.9,387,308,0.44,"177,545","2,700","31,124","2,701",0.50,0.08,0.03
0.91,438,354,0.45,"177,983","2,262","31,478","2,347",0.51,0.07,0.02
0.92,344,319,0.48,"178,327","1,918","31,797","2,028",0.51,0.06,0.02
0.93,331,262,0.44,"178,658","1,587","32,059","1,766",0.53,0.05,0.02
0.94,292,268,0.48,"178,950","1,295","32,327","1,498",0.54,0.04,0.01
0.95,307,283,0.48,"179,257",988,"32,610","1,215",0.55,0.04,0.01
0.96,219,246,0.53,"179,476",769,"32,856",969,0.56,0.03,0.01
0.97,201,220,0.52,"179,677",568,"33,076",749,0.57,0.02,0.01
0.98,190,189,0.50,"179,867",378,"33,265",560,0.60,0.02,0.00
0.99,93,69,0.43,"179,960",285,"33,334",491,0.63,0.01,0.00
1.0,285,491,0.63,"180,245",0,"33,825",0,nan,0.00,0.00
