p,Neg,Pos,Neg/Pos,TN,FP,FN,TP,FP/TP,Prec.,Rec.,$\hat{p}$
0.0,926,45,20.58,926,"179,319",45,"33,780",5.31,0.16,1.00,1.00
0.01,786,35,22.46,"1,712","178,533",80,"33,745",5.29,0.16,1.00,0.99
0.02,732,33,22.18,"2,444","177,801",113,"33,712",5.27,0.16,1.00,0.99
0.03,664,46,14.43,"3,108","177,137",159,"33,666",5.26,0.16,1.00,0.98
0.04,850,59,14.41,"3,958","176,287",218,"33,607",5.25,0.16,0.99,0.98
0.05,668,42,15.90,"4,626","175,619",260,"33,565",5.23,0.16,0.99,0.98
0.06,927,50,18.54,"5,553","174,692",310,"33,515",5.21,0.16,0.99,0.97
0.07,899,72,12.49,"6,452","173,793",382,"33,443",5.20,0.16,0.99,0.97
0.08,803,57,14.09,"7,255","172,990",439,"33,386",5.18,0.16,0.99,0.96
0.09,837,56,14.95,"8,092","172,153",495,"33,330",5.17,0.16,0.99,0.96
0.1,"1,009",76,13.28,"9,101","171,144",571,"33,254",5.15,0.16,0.98,0.95
0.11,"1,119",69,16.22,"10,220","170,025",640,"33,185",5.12,0.16,0.98,0.95
0.12,"1,205",79,15.25,"11,425","168,820",719,"33,106",5.10,0.16,0.98,0.94
0.13,"1,327",88,15.08,"12,752","167,493",807,"33,018",5.07,0.16,0.98,0.94
0.14,"1,305",99,13.18,"14,057","166,188",906,"32,919",5.05,0.17,0.97,0.93
0.15,"1,384",114,12.14,"15,441","164,804","1,020","32,805",5.02,0.17,0.97,0.92
0.16,"1,797",131,13.72,"17,238","163,007","1,151","32,674",4.99,0.17,0.97,0.91
0.17,"1,488",134,11.10,"18,726","161,519","1,285","32,540",4.96,0.17,0.96,0.91
0.18,"1,304",112,11.64,"20,030","160,215","1,397","32,428",4.94,0.17,0.96,0.90
0.19,"1,711",119,14.38,"21,741","158,504","1,516","32,309",4.91,0.17,0.96,0.89
0.2,"2,224",150,14.83,"23,965","156,280","1,666","32,159",4.86,0.17,0.95,0.88
0.21,"2,334",179,13.04,"26,299","153,946","1,845","31,980",4.81,0.17,0.95,0.87
0.22,"2,287",156,14.66,"28,586","151,659","2,001","31,824",4.77,0.17,0.94,0.86
0.23,"1,859",138,13.47,"30,445","149,800","2,139","31,686",4.73,0.17,0.94,0.85
0.24,"2,126",177,12.01,"32,571","147,674","2,316","31,509",4.69,0.18,0.93,0.84
0.25,"2,398",204,11.75,"34,969","145,276","2,520","31,305",4.64,0.18,0.93,0.82
0.26,"1,990",192,10.36,"36,959","143,286","2,712","31,113",4.61,0.18,0.92,0.81
0.27,"2,184",213,10.25,"39,143","141,102","2,925","30,900",4.57,0.18,0.91,0.80
0.28,"2,246",251,8.95,"41,389","138,856","3,176","30,649",4.53,0.18,0.91,0.79
0.29,"2,911",268,10.86,"44,300","135,945","3,444","30,381",4.47,0.18,0.90,0.78
0.3,"2,308",251,9.20,"46,608","133,637","3,695","30,130",4.44,0.18,0.89,0.77
0.31,"2,664",322,8.27,"49,272","130,973","4,017","29,808",4.39,0.19,0.88,0.75
0.32,"2,345",253,9.27,"51,617","128,628","4,270","29,555",4.35,0.19,0.87,0.74
0.33,"2,765",273,10.13,"54,382","125,863","4,543","29,282",4.30,0.19,0.87,0.72
0.34,"2,561",319,8.03,"56,943","123,302","4,862","28,963",4.26,0.19,0.86,0.71
0.35,"3,087",320,9.65,"60,030","120,215","5,182","28,643",4.20,0.19,0.85,0.70
0.36,"2,917",373,7.82,"62,947","117,298","5,555","28,270",4.15,0.19,0.84,0.68
0.37,"2,789",329,8.48,"65,736","114,509","5,884","27,941",4.10,0.20,0.83,0.67
0.38,"2,427",362,6.70,"68,163","112,082","6,246","27,579",4.06,0.20,0.82,0.65
0.39,"3,040",392,7.76,"71,203","109,042","6,638","27,187",4.01,0.20,0.80,0.64
0.4,"2,913",356,8.18,"74,116","106,129","6,994","26,831",3.96,0.20,0.79,0.62
0.41,"2,686",342,7.85,"76,802","103,443","7,336","26,489",3.91,0.20,0.78,0.61
0.42,"3,380",484,6.98,"80,182","100,063","7,820","26,005",3.85,0.21,0.77,0.59
0.43,"3,112",496,6.27,"83,294","96,951","8,316","25,509",3.80,0.21,0.75,0.57
0.44,"3,278",541,6.06,"86,572","93,673","8,857","24,968",3.75,0.21,0.74,0.55
0.45,"3,205",485,6.61,"89,777","90,468","9,342","24,483",3.70,0.21,0.72,0.54
0.46,"3,017",504,5.99,"92,794","87,451","9,846","23,979",3.65,0.22,0.71,0.52
0.47,"3,862",619,6.24,"96,656","83,589","10,465","23,360",3.58,0.22,0.69,0.50
0.48,"4,199",723,5.81,"100,855","79,390","11,188","22,637",3.51,0.22,0.67,0.48
0.49,"3,320",539,6.16,"104,175","76,070","11,727","22,098",3.44,0.23,0.65,0.46
0.5,"3,387",532,6.37,"107,562","72,683","12,259","21,566",3.37,0.23,0.64,0.44
0.51,"3,488",654,5.33,"111,050","69,195","12,913","20,912",3.31,0.23,0.62,0.42
0.52,"3,194",559,5.71,"114,244","66,001","13,472","20,353",3.24,0.24,0.60,0.40
0.53,"3,268",640,5.11,"117,512","62,733","14,112","19,713",3.18,0.24,0.58,0.39
0.54,"3,269",696,4.70,"120,781","59,464","14,808","19,017",3.13,0.24,0.56,0.37
0.55,"3,190",682,4.68,"123,971","56,274","15,490","18,335",3.07,0.25,0.54,0.35
0.56,"2,971",632,4.70,"126,942","53,303","16,122","17,703",3.01,0.25,0.52,0.33
0.57,"2,951",641,4.60,"129,893","50,352","16,763","17,062",2.95,0.25,0.50,0.31
0.58,"2,572",650,3.96,"132,465","47,780","17,413","16,412",2.91,0.26,0.49,0.30
0.59,"2,782",666,4.18,"135,247","44,998","18,079","15,746",2.86,0.26,0.47,0.28
0.6,"2,983",731,4.08,"138,230","42,015","18,810","15,015",2.80,0.26,0.44,0.27
0.61,"2,700",649,4.16,"140,930","39,315","19,459","14,366",2.74,0.27,0.42,0.25
0.62,"2,411",628,3.84,"143,341","36,904","20,087","13,738",2.69,0.27,0.41,0.24
0.63,"2,388",591,4.04,"145,729","34,516","20,678","13,147",2.63,0.28,0.39,0.22
0.64,"2,240",630,3.56,"147,969","32,276","21,308","12,517",2.58,0.28,0.37,0.21
0.65,"2,307",708,3.26,"150,276","29,969","22,016","11,809",2.54,0.28,0.35,0.20
0.66,"2,055",617,3.33,"152,331","27,914","22,633","11,192",2.49,0.29,0.33,0.18
0.67,"1,970",607,3.25,"154,301","25,944","23,240","10,585",2.45,0.29,0.31,0.17
0.68,"1,780",585,3.04,"156,081","24,164","23,825","10,000",2.42,0.29,0.30,0.16
0.69,"2,241",661,3.39,"158,322","21,923","24,486","9,339",2.35,0.30,0.28,0.15
0.7,"1,763",587,3.00,"160,085","20,160","25,073","8,752",2.30,0.30,0.26,0.14
0.71,"1,732",600,2.89,"161,817","18,428","25,673","8,152",2.26,0.31,0.24,0.12
0.72,"1,864",639,2.92,"163,681","16,564","26,312","7,513",2.20,0.31,0.22,0.11
0.73,"1,390",445,3.12,"165,071","15,174","26,757","7,068",2.15,0.32,0.21,0.10
0.74,"1,554",562,2.77,"166,625","13,620","27,319","6,506",2.09,0.32,0.19,0.09
0.75,"1,372",483,2.84,"167,997","12,248","27,802","6,023",2.03,0.33,0.18,0.09
0.76,"1,278",477,2.68,"169,275","10,970","28,279","5,546",1.98,0.34,0.16,0.08
0.77,"1,195",470,2.54,"170,470","9,775","28,749","5,076",1.93,0.34,0.15,0.07
0.78,"1,120",408,2.75,"171,590","8,655","29,157","4,668",1.85,0.35,0.14,0.06
0.79,921,378,2.44,"172,511","7,734","29,535","4,290",1.80,0.36,0.13,0.06
0.8,881,363,2.43,"173,392","6,853","29,898","3,927",1.75,0.36,0.12,0.05
0.81,754,346,2.18,"174,146","6,099","30,244","3,581",1.70,0.37,0.11,0.05
0.82,790,340,2.32,"174,936","5,309","30,584","3,241",1.64,0.38,0.10,0.04
0.83,593,297,2.00,"175,529","4,716","30,881","2,944",1.60,0.38,0.09,0.04
0.84,624,308,2.03,"176,153","4,092","31,189","2,636",1.55,0.39,0.08,0.03
0.85,591,360,1.64,"176,744","3,501","31,549","2,276",1.54,0.39,0.07,0.03
0.86,491,259,1.90,"177,235","3,010","31,808","2,017",1.49,0.40,0.06,0.02
0.87,528,290,1.82,"177,763","2,482","32,098","1,727",1.44,0.41,0.05,0.02
0.88,434,200,2.17,"178,197","2,048","32,298","1,527",1.34,0.43,0.05,0.02
0.89,336,179,1.88,"178,533","1,712","32,477","1,348",1.27,0.44,0.04,0.01
0.9,347,254,1.37,"178,880","1,365","32,731","1,094",1.25,0.44,0.03,0.01
0.91,238,136,1.75,"179,118","1,127","32,867",958,1.18,0.46,0.03,0.01
0.92,188,138,1.36,"179,306",939,"33,005",820,1.15,0.47,0.02,0.01
0.93,198,138,1.43,"179,504",741,"33,143",682,1.09,0.48,0.02,0.01
0.94,166,137,1.21,"179,670",575,"33,280",545,1.06,0.49,0.02,0.01
0.95,149,133,1.12,"179,819",426,"33,413",412,1.03,0.49,0.01,0.00
0.96,106,96,1.10,"179,925",320,"33,509",316,1.01,0.50,0.01,0.00
0.97,105,99,1.06,"180,030",215,"33,608",217,0.99,0.50,0.01,0.00
0.98,105,98,1.07,"180,135",110,"33,706",119,0.92,0.52,0.00,0.00
0.99,52,52,1.00,"180,187",58,"33,758",67,0.87,0.54,0.00,0.00
1.0,58,67,0.87,"180,245",0,"33,825",0,nan,nan,0.00,0.00
