p,Neg,Pos,mPrec,TN,FP,FN,TP,Prec,Rec,$\hat{p}$
0.0,404,0,0.00,404,"398,651",0,"78,926",0.17,1.00,1.00
0.01,705,0,0.00,"1,109","397,946",0,"78,926",0.17,1.00,1.00
0.02,"1,078",0,0.00,"2,187","396,868",0,"78,926",0.17,1.00,1.00
0.03,"1,522",0,0.00,"3,709","395,346",0,"78,926",0.17,1.00,0.99
0.04,"1,983",0,0.00,"5,692","393,363",0,"78,926",0.17,1.00,0.99
0.05,"2,625",0,0.00,"8,317","390,738",0,"78,926",0.17,1.00,0.98
0.06,"3,304",0,0.00,"11,621","387,434",0,"78,926",0.17,1.00,0.98
0.07,"3,979",0,0.00,"15,600","383,455",0,"78,926",0.17,1.00,0.97
0.08,"4,502",0,0.00,"20,102","378,953",0,"78,926",0.17,1.00,0.96
0.09,"5,094",0,0.00,"25,196","373,859",0,"78,926",0.17,1.00,0.95
0.1,"5,693",0,0.00,"30,889","368,166",0,"78,926",0.18,1.00,0.94
0.11,"6,208",0,0.00,"37,097","361,958",0,"78,926",0.18,1.00,0.92
0.12,"6,652",0,0.00,"43,749","355,306",0,"78,926",0.18,1.00,0.91
0.13,"6,999",0,0.00,"50,748","348,307",0,"78,926",0.18,1.00,0.89
0.14,"7,519",0,0.00,"58,267","340,788",0,"78,926",0.19,1.00,0.88
0.15,"7,810",0,0.00,"66,077","332,978",0,"78,926",0.19,1.00,0.86
0.16,"7,959",0,0.00,"74,036","325,019",0,"78,926",0.20,1.00,0.85
0.17,"8,303",0,0.00,"82,339","316,716",0,"78,926",0.20,1.00,0.83
0.18,"8,605",0,0.00,"90,944","308,111",0,"78,926",0.20,1.00,0.81
0.19,"8,852",0,0.00,"99,796","299,259",0,"78,926",0.21,1.00,0.79
0.2,"8,738",0,0.00,"108,534","290,521",0,"78,926",0.21,1.00,0.77
0.21,"8,973",0,0.00,"117,507","281,548",0,"78,926",0.22,1.00,0.75
0.22,"9,259",0,0.00,"126,766","272,289",0,"78,926",0.22,1.00,0.73
0.23,"9,166",0,0.00,"135,932","263,123",0,"78,926",0.23,1.00,0.72
0.24,"9,488",0,0.00,"145,420","253,635",0,"78,926",0.24,1.00,0.70
0.25,"9,460",0,0.00,"154,880","244,175",0,"78,926",0.24,1.00,0.68
0.26,"9,628",0,0.00,"164,508","234,547",0,"78,926",0.25,1.00,0.66
0.27,"9,587",0,0.00,"174,095","224,960",0,"78,926",0.26,1.00,0.64
0.28,"9,305",0,0.00,"183,400","215,655",0,"78,926",0.27,1.00,0.62
0.29,"9,433",0,0.00,"192,833","206,222",0,"78,926",0.28,1.00,0.60
0.3,"9,195",0,0.00,"202,028","197,027",0,"78,926",0.29,1.00,0.58
0.31,"9,163",0,0.00,"211,191","187,864",0,"78,926",0.30,1.00,0.56
0.32,"9,073",0,0.00,"220,264","178,791",0,"78,926",0.31,1.00,0.54
0.33,"8,764",0,0.00,"229,028","170,027",0,"78,926",0.32,1.00,0.52
0.34,"8,529",0,0.00,"237,557","161,498",0,"78,926",0.33,1.00,0.50
0.35,"8,553",0,0.00,"246,110","152,945",0,"78,926",0.34,1.00,0.49
0.36,"8,137",0,0.00,"254,247","144,808",0,"78,926",0.35,1.00,0.47
0.37,"7,894",0,0.00,"262,141","136,914",0,"78,926",0.37,1.00,0.45
0.38,"7,891",0,0.00,"270,032","129,023",0,"78,926",0.38,1.00,0.44
0.39,"7,559",0,0.00,"277,591","121,464",0,"78,926",0.39,1.00,0.42
0.4,"7,213",0,0.00,"284,804","114,251",0,"78,926",0.41,1.00,0.40
0.41,"6,885",0,0.00,"291,689","107,366",0,"78,926",0.42,1.00,0.39
0.42,"6,831",0,0.00,"298,520","100,535",0,"78,926",0.44,1.00,0.38
0.43,"6,589",0,0.00,"305,109","93,946",0,"78,926",0.46,1.00,0.36
0.44,"6,209",0,0.00,"311,318","87,737",0,"78,926",0.47,1.00,0.35
0.45,"5,977",0,0.00,"317,295","81,760",0,"78,926",0.49,1.00,0.34
0.46,"5,751",0,0.00,"323,046","76,009",0,"78,926",0.51,1.00,0.32
0.47,"5,424",1,0.00,"328,470","70,585",1,"78,925",0.53,1.00,0.31
0.48,"5,134",0,0.00,"333,604","65,451",1,"78,925",0.55,1.00,0.30
0.49,"4,774",0,0.00,"338,378","60,677",1,"78,925",0.57,1.00,0.29
0.5,"4,653",0,0.00,"343,031","56,024",1,"78,925",0.58,1.00,0.28
0.51,"4,412",0,0.00,"347,443","51,612",1,"78,925",0.60,1.00,0.27
0.52,"4,285",1,0.00,"351,728","47,327",2,"78,924",0.63,1.00,0.26
0.53,"3,875",3,0.00,"355,603","43,452",5,"78,921",0.64,1.00,0.26
0.54,"3,705",1,0.00,"359,308","39,747",6,"78,920",0.67,1.00,0.25
0.55,"3,422",3,0.00,"362,730","36,325",9,"78,917",0.68,1.00,0.24
0.56,"3,232",4,0.00,"365,962","33,093",13,"78,913",0.70,1.00,0.23
0.57,"2,933",7,0.00,"368,895","30,160",20,"78,906",0.72,1.00,0.23
0.58,"2,786",19,0.01,"371,681","27,374",39,"78,887",0.74,1.00,0.22
0.59,"2,579",23,0.01,"374,260","24,795",62,"78,864",0.76,1.00,0.22
0.6,"2,404",38,0.02,"376,664","22,391",100,"78,826",0.78,1.00,0.21
0.61,"2,293",52,0.02,"378,957","20,098",152,"78,774",0.80,1.00,0.21
0.62,"1,935",70,0.03,"380,892","18,163",222,"78,704",0.81,1.00,0.20
0.63,"1,847",113,0.06,"382,739","16,316",335,"78,591",0.83,1.00,0.20
0.64,"1,708",140,0.08,"384,447","14,608",475,"78,451",0.84,0.99,0.19
0.65,"1,600",208,0.12,"386,047","13,008",683,"78,243",0.86,0.99,0.19
0.66,"1,384",320,0.19,"387,431","11,624","1,003","77,923",0.87,0.99,0.19
0.67,"1,249",355,0.22,"388,680","10,375","1,358","77,568",0.88,0.98,0.18
0.68,"1,102",406,0.27,"389,782","9,273","1,764","77,162",0.89,0.98,0.18
0.69,"1,040",545,0.34,"390,822","8,233","2,309","76,617",0.90,0.97,0.18
0.7,942,671,0.42,"391,764","7,291","2,980","75,946",0.91,0.96,0.17
0.71,887,874,0.50,"392,651","6,404","3,854","75,072",0.92,0.95,0.17
0.72,845,"1,011",0.54,"393,496","5,559","4,865","74,061",0.93,0.94,0.17
0.73,744,"1,187",0.61,"394,240","4,815","6,052","72,874",0.94,0.92,0.16
0.74,643,"1,390",0.68,"394,883","4,172","7,442","71,484",0.94,0.91,0.16
0.75,610,"1,532",0.72,"395,493","3,562","8,974","69,952",0.95,0.89,0.15
0.76,494,"1,864",0.79,"395,987","3,068","10,838","68,088",0.96,0.86,0.15
0.77,463,"1,971",0.81,"396,450","2,605","12,809","66,117",0.96,0.84,0.14
0.78,430,"2,275",0.84,"396,880","2,175","15,084","63,842",0.97,0.81,0.14
0.79,383,"2,467",0.87,"397,263","1,792","17,551","61,375",0.97,0.78,0.13
0.8,339,"2,659",0.89,"397,602","1,453","20,210","58,716",0.98,0.74,0.13
0.81,296,"2,916",0.91,"397,898","1,157","23,126","55,800",0.98,0.71,0.12
0.82,240,"2,982",0.93,"398,138",917,"26,108","52,818",0.98,0.67,0.11
0.83,183,"3,182",0.95,"398,321",734,"29,290","49,636",0.99,0.63,0.11
0.84,145,"3,188",0.96,"398,466",589,"32,478","46,448",0.99,0.59,0.10
0.85,126,"3,412",0.96,"398,592",463,"35,890","43,036",0.99,0.55,0.09
0.86,107,"3,360",0.97,"398,699",356,"39,250","39,676",0.99,0.50,0.08
0.87,90,"3,422",0.97,"398,789",266,"42,672","36,254",0.99,0.46,0.08
0.88,58,"3,515",0.98,"398,847",208,"46,187","32,739",0.99,0.41,0.07
0.89,62,"3,563",0.98,"398,909",146,"49,750","29,176",1.00,0.37,0.06
0.9,44,"3,377",0.99,"398,953",102,"53,127","25,799",1.00,0.33,0.05
0.91,31,"3,373",0.99,"398,984",71,"56,500","22,426",1.00,0.28,0.05
0.92,15,"3,236",1.00,"398,999",56,"59,736","19,190",1.00,0.24,0.04
0.93,20,"3,178",0.99,"399,019",36,"62,914","16,012",1.00,0.20,0.03
0.94,6,"3,065",1.00,"399,025",30,"65,979","12,947",1.00,0.16,0.03
0.95,9,"2,940",1.00,"399,034",21,"68,919","10,007",1.00,0.13,0.02
0.96,10,"2,785",1.00,"399,044",11,"71,704","7,222",1.00,0.09,0.02
0.97,7,"2,544",1.00,"399,051",4,"74,248","4,678",1.00,0.06,0.01
0.98,4,"2,216",1.00,"399,055",0,"76,464","2,462",1.00,0.03,0.01
0.99,0,"1,613",1.00,"399,055",0,"78,077",849,1.00,0.01,0.00
1.0,0,849,1.00,"399,055",0,"78,926",0,nan,0.00,0.00
