p,Neg,Pos,mPrec,TN,FP,FN,TP,Prec,Rec,$\hat{p}$
0.0,"4,611",0,0.00,"4,611","415,959",0,"78,926",0.16,1.00,0.99
0.01,803,0,0.00,"5,414","415,156",0,"78,926",0.16,1.00,0.99
0.02,"1,856",0,0.00,"7,270","413,300",0,"78,926",0.16,1.00,0.99
0.03,"2,237",0,0.00,"9,507","411,063",0,"78,926",0.16,1.00,0.98
0.04,"2,748",0,0.00,"12,255","408,315",0,"78,926",0.16,1.00,0.98
0.05,"2,954",0,0.00,"15,209","405,361",0,"78,926",0.16,1.00,0.97
0.06,"3,191",0,0.00,"18,400","402,170",0,"78,926",0.16,1.00,0.96
0.07,"3,649",0,0.00,"22,049","398,521",0,"78,926",0.17,1.00,0.96
0.08,"4,152",0,0.00,"26,201","394,369",0,"78,926",0.17,1.00,0.95
0.09,"3,952",0,0.00,"30,153","390,417",0,"78,926",0.17,1.00,0.94
0.1,"4,929",0,0.00,"35,082","385,488",0,"78,926",0.17,1.00,0.93
0.11,"5,266",0,0.00,"40,348","380,222",0,"78,926",0.17,1.00,0.92
0.12,"5,407",0,0.00,"45,755","374,815",0,"78,926",0.17,1.00,0.91
0.13,"5,909",0,0.00,"51,664","368,906",0,"78,926",0.18,1.00,0.90
0.14,"6,277",0,0.00,"57,941","362,629",0,"78,926",0.18,1.00,0.88
0.15,"6,867",0,0.00,"64,808","355,762",0,"78,926",0.18,1.00,0.87
0.16,"7,200",0,0.00,"72,008","348,562",0,"78,926",0.18,1.00,0.86
0.17,"4,404",0,0.00,"76,412","344,158",0,"78,926",0.19,1.00,0.85
0.18,"7,896",0,0.00,"84,308","336,262",0,"78,926",0.19,1.00,0.83
0.19,"8,122",1,0.00,"92,430","328,140",1,"78,925",0.19,1.00,0.81
0.2,"8,118",0,0.00,"100,548","320,022",1,"78,925",0.20,1.00,0.80
0.21,"8,179",0,0.00,"108,727","311,843",1,"78,925",0.20,1.00,0.78
0.22,"8,722",2,0.00,"117,449","303,121",3,"78,923",0.21,1.00,0.76
0.23,"8,488",0,0.00,"125,937","294,633",3,"78,923",0.21,1.00,0.75
0.24,"9,032",3,0.00,"134,969","285,601",6,"78,920",0.22,1.00,0.73
0.25,"9,278",1,0.00,"144,247","276,323",7,"78,919",0.22,1.00,0.71
0.26,"7,913",1,0.00,"152,160","268,410",8,"78,918",0.23,1.00,0.70
0.27,"9,313",0,0.00,"161,473","259,097",8,"78,918",0.23,1.00,0.68
0.28,"8,820",0,0.00,"170,293","250,277",8,"78,918",0.24,1.00,0.66
0.29,"9,351",3,0.00,"179,644","240,926",11,"78,915",0.25,1.00,0.64
0.3,"9,100",2,0.00,"188,744","231,826",13,"78,913",0.25,1.00,0.62
0.31,"9,122",7,0.00,"197,866","222,704",20,"78,906",0.26,1.00,0.60
0.32,"9,155",0,0.00,"207,021","213,549",20,"78,906",0.27,1.00,0.59
0.33,"9,425",4,0.00,"216,446","204,124",24,"78,902",0.28,1.00,0.57
0.34,"5,892",1,0.00,"222,338","198,232",25,"78,901",0.28,1.00,0.55
0.35,"8,875",2,0.00,"231,213","189,357",27,"78,899",0.29,1.00,0.54
0.36,"8,761",4,0.00,"239,974","180,596",31,"78,895",0.30,1.00,0.52
0.37,"8,303",6,0.00,"248,277","172,293",37,"78,889",0.31,1.00,0.50
0.38,"8,295",14,0.00,"256,572","163,998",51,"78,875",0.32,1.00,0.49
0.39,"7,743",8,0.00,"264,315","156,255",59,"78,867",0.34,1.00,0.47
0.4,"8,169",11,0.00,"272,484","148,086",70,"78,856",0.35,1.00,0.45
0.41,"7,693",20,0.00,"280,177","140,393",90,"78,836",0.36,1.00,0.44
0.42,"6,535",11,0.00,"286,712","133,858",101,"78,825",0.37,1.00,0.43
0.43,"7,554",22,0.00,"294,266","126,304",123,"78,803",0.38,1.00,0.41
0.44,"6,999",16,0.00,"301,265","119,305",139,"78,787",0.40,1.00,0.40
0.45,"6,374",26,0.00,"307,639","112,931",165,"78,761",0.41,1.00,0.38
0.46,"6,515",30,0.00,"314,154","106,416",195,"78,731",0.43,1.00,0.37
0.47,"6,513",33,0.01,"320,667","99,903",228,"78,698",0.44,1.00,0.36
0.48,"5,932",27,0.00,"326,599","93,971",255,"78,671",0.46,1.00,0.35
0.49,"5,580",53,0.01,"332,179","88,391",308,"78,618",0.47,1.00,0.33
0.5,"5,473",45,0.01,"337,652","82,918",353,"78,573",0.49,1.00,0.32
0.51,"3,276",50,0.02,"340,928","79,642",403,"78,523",0.50,0.99,0.32
0.52,"5,094",69,0.01,"346,022","74,548",472,"78,454",0.51,0.99,0.31
0.53,"4,785",86,0.02,"350,807","69,763",558,"78,368",0.53,0.99,0.30
0.54,"4,466",66,0.01,"355,273","65,297",624,"78,302",0.55,0.99,0.29
0.55,"4,205",85,0.02,"359,478","61,092",709,"78,217",0.56,0.99,0.28
0.56,"3,837",115,0.03,"363,315","57,255",824,"78,102",0.58,0.99,0.27
0.57,"3,791",139,0.04,"367,106","53,464",963,"77,963",0.59,0.99,0.26
0.58,"3,816",184,0.05,"370,922","49,648","1,147","77,779",0.61,0.99,0.26
0.59,"3,097",199,0.06,"374,019","46,551","1,346","77,580",0.62,0.98,0.25
0.6,"3,256",212,0.06,"377,275","43,295","1,558","77,368",0.64,0.98,0.24
0.61,"3,129",261,0.08,"380,404","40,166","1,819","77,107",0.66,0.98,0.23
0.62,"2,814",316,0.10,"383,218","37,352","2,135","76,791",0.67,0.97,0.23
0.63,"2,697",367,0.12,"385,915","34,655","2,502","76,424",0.69,0.97,0.22
0.64,"2,557",435,0.15,"388,472","32,098","2,937","75,989",0.70,0.96,0.22
0.65,"2,615",529,0.17,"391,087","29,483","3,466","75,460",0.72,0.96,0.21
0.66,"2,452",624,0.20,"393,539","27,031","4,090","74,836",0.73,0.95,0.20
0.67,"1,560",550,0.26,"395,099","25,471","4,640","74,286",0.74,0.94,0.20
0.68,"2,327",832,0.26,"397,426","23,144","5,472","73,454",0.76,0.93,0.19
0.69,"2,081",926,0.31,"399,507","21,063","6,398","72,528",0.77,0.92,0.19
0.7,"1,920",982,0.34,"401,427","19,143","7,380","71,546",0.79,0.91,0.18
0.71,"1,869","1,136",0.38,"403,296","17,274","8,516","70,410",0.80,0.89,0.18
0.72,"1,906","1,437",0.43,"405,202","15,368","9,953","68,973",0.82,0.87,0.17
0.73,"1,574","1,401",0.47,"406,776","13,794","11,354","67,572",0.83,0.86,0.16
0.74,"1,583","1,710",0.52,"408,359","12,211","13,064","65,862",0.84,0.83,0.16
0.75,"1,475","1,921",0.57,"409,834","10,736","14,985","63,941",0.86,0.81,0.15
0.76,"1,305","1,864",0.59,"411,139","9,431","16,849","62,077",0.87,0.79,0.14
0.77,"1,211","2,145",0.64,"412,350","8,220","18,994","59,932",0.88,0.76,0.14
0.78,"1,073","2,275",0.68,"413,423","7,147","21,269","57,657",0.89,0.73,0.13
0.79,"1,009","2,599",0.72,"414,432","6,138","23,868","55,058",0.90,0.70,0.12
0.8,978,"2,644",0.73,"415,410","5,160","26,512","52,414",0.91,0.66,0.12
0.81,799,"2,776",0.78,"416,209","4,361","29,288","49,638",0.92,0.63,0.11
0.82,696,"2,944",0.81,"416,905","3,665","32,232","46,694",0.93,0.59,0.10
0.83,603,"3,037",0.83,"417,508","3,062","35,269","43,657",0.93,0.55,0.09
0.84,498,"1,527",0.75,"418,006","2,564","36,796","42,130",0.94,0.53,0.09
0.85,457,"3,025",0.87,"418,463","2,107","39,821","39,105",0.95,0.50,0.08
0.86,419,"3,069",0.88,"418,882","1,688","42,890","36,036",0.96,0.46,0.08
0.87,354,"3,147",0.90,"419,236","1,334","46,037","32,889",0.96,0.42,0.07
0.88,263,"3,027",0.92,"419,499","1,071","49,064","29,862",0.97,0.38,0.06
0.89,276,"3,062",0.92,"419,775",795,"52,126","26,800",0.97,0.34,0.06
0.9,205,"3,202",0.94,"419,980",590,"55,328","23,598",0.98,0.30,0.05
0.91,165,"3,064",0.95,"420,145",425,"58,392","20,534",0.98,0.26,0.04
0.92,109,"2,746",0.96,"420,254",316,"61,138","17,788",0.98,0.23,0.04
0.93,113,"3,067",0.96,"420,367",203,"64,205","14,721",0.99,0.19,0.03
0.94,74,"2,802",0.97,"420,441",129,"67,007","11,919",0.99,0.15,0.02
0.95,65,"2,658",0.98,"420,506",64,"69,665","9,261",0.99,0.12,0.02
0.96,30,"2,323",0.99,"420,536",34,"71,988","6,938",1.00,0.09,0.01
0.97,18,"2,114",0.99,"420,554",16,"74,102","4,824",1.00,0.06,0.01
0.98,11,"1,934",0.99,"420,565",5,"76,036","2,890",1.00,0.04,0.01
0.99,2,"1,386",1.00,"420,567",3,"77,422","1,504",1.00,0.02,0.00
1.0,3,"1,504",1.00,"420,570",0,"78,926",0,nan,0.00,0.00
