p,Neg,Pos,mPrec,TN,FP,FN,TP,Prec,Rec,$\hat{p}$
0.0,"3,651",0,0.00,"3,651","399,068",0,"78,926",0.17,1.00,0.99
0.05,"14,952",0,0.00,"18,603","384,116",0,"78,926",0.17,1.00,0.96
0.1,"27,131",0,0.00,"45,734","356,985",0,"78,926",0.18,1.00,0.91
0.15,"36,213",0,0.00,"81,947","320,772",0,"78,926",0.20,1.00,0.83
0.2,"42,340",0,0.00,"124,287","278,432",0,"78,926",0.22,1.00,0.74
0.25,"45,308",0,0.00,"169,595","233,124",0,"78,926",0.25,1.00,0.65
0.3,"37,149",0,0.00,"206,744","195,975",0,"78,926",0.29,1.00,0.57
0.35,"43,450",0,0.00,"250,194","152,525",0,"78,926",0.34,1.00,0.48
0.4,"38,990",0,0.00,"289,184","113,535",0,"78,926",0.41,1.00,0.40
0.45,"32,816",1,0.00,"322,000","80,719",1,"78,925",0.49,1.00,0.33
0.5,"26,570",5,0.00,"348,570","54,149",6,"78,920",0.59,1.00,0.28
0.55,"20,074",22,0.00,"368,644","34,075",28,"78,898",0.70,1.00,0.23
0.6,"13,918",201,0.01,"382,562","20,157",229,"78,697",0.80,1.00,0.21
0.65,"8,933","1,072",0.11,"391,495","11,224","1,301","77,625",0.87,0.98,0.18
0.7,"5,428","3,126",0.37,"396,923","5,796","4,427","74,499",0.93,0.94,0.17
0.75,"2,788","5,530",0.66,"399,711","3,008","9,957","68,969",0.96,0.87,0.15
0.8,"1,928","11,494",0.86,"401,639","1,080","21,451","57,475",0.98,0.73,0.12
0.85,851,"16,314",0.95,"402,490",229,"37,765","41,161",0.99,0.52,0.09
0.9,197,"17,818",0.99,"402,687",32,"55,583","23,343",1.00,0.30,0.05
0.95,31,"15,981",1.00,"402,718",1,"71,564","7,362",1.00,0.09,0.02
1.0,1,"7,362",1.00,"402,719",0,"78,926",0,nan,0.00,0.00
