p,Neg,Pos,mPrec,TN,FP,FN,TP,Prec,Rec,$\hat{p}$
0.0,"1,920",19,0.01,"1,920","178,325",19,"33,806",0.16,1.00,0.99
0.05,"5,880",55,0.01,"7,800","172,445",74,"33,751",0.16,1.00,0.96
0.1,"7,796",125,0.02,"15,596","164,649",199,"33,626",0.17,0.99,0.93
0.15,"12,592",302,0.02,"28,188","152,057",501,"33,324",0.18,0.99,0.87
0.2,"14,912",534,0.03,"43,100","137,145","1,035","32,790",0.19,0.97,0.79
0.25,"13,266",596,0.04,"56,366","123,879","1,631","32,194",0.21,0.95,0.73
0.3,"17,132","1,042",0.06,"73,498","106,747","2,673","31,152",0.23,0.92,0.64
0.35,"17,247","1,491",0.08,"90,745","89,500","4,164","29,661",0.25,0.88,0.56
0.4,"13,586","1,415",0.09,"104,331","75,914","5,579","28,246",0.27,0.84,0.49
0.45,"15,426","2,072",0.12,"119,757","60,488","7,651","26,174",0.30,0.77,0.40
0.5,"13,892","2,422",0.15,"133,649","46,596","10,073","23,752",0.34,0.70,0.33
0.55,"10,127","2,162",0.18,"143,776","36,469","12,235","21,590",0.37,0.64,0.27
0.6,"10,242","2,729",0.21,"154,018","26,227","14,964","18,861",0.42,0.56,0.21
0.65,"6,848","2,460",0.26,"160,866","19,379","17,424","16,401",0.46,0.48,0.17
0.7,"6,385","2,835",0.31,"167,251","12,994","20,259","13,566",0.51,0.40,0.12
0.75,"4,736","2,733",0.37,"171,987","8,258","22,992","10,833",0.57,0.32,0.09
0.8,"2,831","2,250",0.44,"174,818","5,427","25,242","8,583",0.61,0.25,0.07
0.85,"2,427","2,574",0.51,"177,245","3,000","27,816","6,009",0.67,0.18,0.04
0.9,"1,565","2,344",0.60,"178,810","1,435","30,160","3,665",0.72,0.11,0.02
0.95,812,"1,822",0.69,"179,622",623,"31,982","1,843",0.75,0.05,0.01
1.0,623,"1,843",0.75,"180,245",0,"33,825",0,nan,0.00,0.00
