p,Neg,Pos,mPrec,TN,FP,FN,TP,Prec,Rec,$\hat{p}$
0.0,"3,364",187,0.05,"3,364","176,881",187,"33,638",0.16,0.99,0.98
0.05,"2,370",191,0.07,"5,734","174,511",378,"33,447",0.16,0.99,0.97
0.1,"2,462",206,0.08,"8,196","172,049",584,"33,241",0.16,0.98,0.96
0.15,"2,567",218,0.08,"10,763","169,482",802,"33,023",0.16,0.98,0.95
0.2,"2,998",254,0.08,"13,761","166,484","1,056","32,769",0.16,0.97,0.93
0.25,"3,038",306,0.09,"16,799","163,446","1,362","32,463",0.17,0.96,0.92
0.3,"3,676",300,0.08,"20,475","159,770","1,662","32,163",0.17,0.95,0.90
0.35,"3,931",366,0.09,"24,406","155,839","2,028","31,797",0.17,0.94,0.88
0.4,"4,380",462,0.10,"28,786","151,459","2,490","31,335",0.17,0.93,0.85
0.45,"5,094",570,0.10,"33,880","146,365","3,060","30,765",0.17,0.91,0.83
0.5,"5,854",688,0.11,"39,734","140,511","3,748","30,077",0.18,0.89,0.80
0.55,"7,351",826,0.10,"47,085","133,160","4,574","29,251",0.18,0.86,0.76
0.6,"8,521",960,0.10,"55,606","124,639","5,534","28,291",0.18,0.84,0.71
0.65,"10,249","1,243",0.11,"65,855","114,390","6,777","27,048",0.19,0.80,0.66
0.7,"12,320","1,699",0.12,"78,175","102,070","8,476","25,349",0.20,0.75,0.60
0.75,"14,151","2,251",0.14,"92,326","87,919","10,727","23,098",0.21,0.68,0.52
0.8,"19,252","3,380",0.15,"111,578","68,667","14,107","19,718",0.22,0.58,0.41
0.85,"24,378","4,710",0.16,"135,956","44,289","18,817","15,008",0.25,0.44,0.28
0.9,"23,847","6,276",0.21,"159,803","20,442","25,093","8,732",0.30,0.26,0.14
0.95,"16,443","6,244",0.28,"176,246","3,999","31,337","2,488",0.38,0.07,0.03
1.0,"3,999","2,488",0.38,"180,245",0,"33,825",0,nan,0.00,0.00
