p,Neg,Pos,mPrec,TN,FP,FN,TP,Prec,Rec,$\hat{p}$
0.0,"3,617",0,0.00,"3,617","416,953",0,"78,926",0.16,1.00,0.99
0.01,"1,883",0,0.00,"5,500","415,070",0,"78,926",0.16,1.00,0.99
0.02,"2,287",0,0.00,"7,787","412,783",0,"78,926",0.16,1.00,0.98
0.03,"2,828",0,0.00,"10,615","409,955",0,"78,926",0.16,1.00,0.98
0.04,"3,274",0,0.00,"13,889","406,681",0,"78,926",0.16,1.00,0.97
0.05,"3,837",0,0.00,"17,726","402,844",0,"78,926",0.16,1.00,0.96
0.06,"4,215",0,0.00,"21,941","398,629",0,"78,926",0.17,1.00,0.96
0.07,"4,848",0,0.00,"26,789","393,781",0,"78,926",0.17,1.00,0.95
0.08,"5,272",0,0.00,"32,061","388,509",0,"78,926",0.17,1.00,0.94
0.09,"5,768",0,0.00,"37,829","382,741",0,"78,926",0.17,1.00,0.92
0.1,"6,020",0,0.00,"43,849","376,721",0,"78,926",0.17,1.00,0.91
0.11,"6,524",0,0.00,"50,373","370,197",0,"78,926",0.18,1.00,0.90
0.12,"6,878",0,0.00,"57,251","363,319",0,"78,926",0.18,1.00,0.89
0.13,"7,205",0,0.00,"64,456","356,114",0,"78,926",0.18,1.00,0.87
0.14,"7,379",0,0.00,"71,835","348,735",0,"78,926",0.18,1.00,0.86
0.15,"7,782",0,0.00,"79,617","340,953",0,"78,926",0.19,1.00,0.84
0.16,"8,150",0,0.00,"87,767","332,803",0,"78,926",0.19,1.00,0.82
0.17,"8,206",0,0.00,"95,973","324,597",0,"78,926",0.20,1.00,0.81
0.18,"8,324",0,0.00,"104,297","316,273",0,"78,926",0.20,1.00,0.79
0.19,409,0,0.00,"104,706","315,864",0,"78,926",0.20,1.00,0.79
0.2,"8,573",0,0.00,"113,279","307,291",0,"78,926",0.20,1.00,0.77
0.21,"8,871",0,0.00,"122,150","298,420",0,"78,926",0.21,1.00,0.76
0.22,"9,002",0,0.00,"131,152","289,418",0,"78,926",0.21,1.00,0.74
0.23,"9,132",0,0.00,"140,284","280,286",0,"78,926",0.22,1.00,0.72
0.24,"9,132",0,0.00,"149,416","271,154",0,"78,926",0.23,1.00,0.70
0.25,"9,223",0,0.00,"158,639","261,931",0,"78,926",0.23,1.00,0.68
0.26,"9,379",0,0.00,"168,018","252,552",0,"78,926",0.24,1.00,0.66
0.27,"9,421",0,0.00,"177,439","243,131",0,"78,926",0.25,1.00,0.64
0.28,"9,331",0,0.00,"186,770","233,800",0,"78,926",0.25,1.00,0.63
0.29,"9,371",0,0.00,"196,141","224,429",0,"78,926",0.26,1.00,0.61
0.3,"9,557",0,0.00,"205,698","214,872",0,"78,926",0.27,1.00,0.59
0.31,"9,301",0,0.00,"214,999","205,571",0,"78,926",0.28,1.00,0.57
0.32,"9,322",0,0.00,"224,321","196,249",0,"78,926",0.29,1.00,0.55
0.33,"8,977",0,0.00,"233,298","187,272",0,"78,926",0.30,1.00,0.53
0.34,"9,138",0,0.00,"242,436","178,134",0,"78,926",0.31,1.00,0.51
0.35,"8,827",0,0.00,"251,263","169,307",0,"78,926",0.32,1.00,0.50
0.36,"8,871",0,0.00,"260,134","160,436",0,"78,926",0.33,1.00,0.48
0.37,"8,452",0,0.00,"268,586","151,984",0,"78,926",0.34,1.00,0.46
0.38,"8,280",0,0.00,"276,866","143,704",0,"78,926",0.35,1.00,0.45
0.39,"8,093",0,0.00,"284,959","135,611",0,"78,926",0.37,1.00,0.43
0.4,"7,807",0,0.00,"292,766","127,804",0,"78,926",0.38,1.00,0.41
0.41,"7,755",0,0.00,"300,521","120,049",0,"78,926",0.40,1.00,0.40
0.42,"7,459",0,0.00,"307,980","112,590",0,"78,926",0.41,1.00,0.38
0.43,"7,068",0,0.00,"315,048","105,522",0,"78,926",0.43,1.00,0.37
0.44,"6,966",0,0.00,"322,014","98,556",0,"78,926",0.44,1.00,0.36
0.45,"6,602",0,0.00,"328,616","91,954",0,"78,926",0.46,1.00,0.34
0.46,"6,282",0,0.00,"334,898","85,672",0,"78,926",0.48,1.00,0.33
0.47,"6,130",1,0.00,"341,028","79,542",1,"78,925",0.50,1.00,0.32
0.48,"5,834",0,0.00,"346,862","73,708",1,"78,925",0.52,1.00,0.31
0.49,"5,622",0,0.00,"352,484","68,086",1,"78,925",0.54,1.00,0.29
0.5,"5,295",0,0.00,"357,779","62,791",1,"78,925",0.56,1.00,0.28
0.51,374,0,0.00,"358,153","62,417",1,"78,925",0.56,1.00,0.28
0.52,"4,972",2,0.00,"363,125","57,445",3,"78,923",0.58,1.00,0.27
0.53,"4,750",3,0.00,"367,875","52,695",6,"78,920",0.60,1.00,0.26
0.54,"4,387",3,0.00,"372,262","48,308",9,"78,917",0.62,1.00,0.25
0.55,"4,131",2,0.00,"376,393","44,177",11,"78,915",0.64,1.00,0.25
0.56,"3,870",7,0.00,"380,263","40,307",18,"78,908",0.66,1.00,0.24
0.57,"3,609",13,0.00,"383,872","36,698",31,"78,895",0.68,1.00,0.23
0.58,"3,403",25,0.01,"387,275","33,295",56,"78,870",0.70,1.00,0.22
0.59,"3,145",29,0.01,"390,420","30,150",85,"78,841",0.72,1.00,0.22
0.6,"2,900",53,0.02,"393,320","27,250",138,"78,788",0.74,1.00,0.21
0.61,"2,708",47,0.02,"396,028","24,542",185,"78,741",0.76,1.00,0.21
0.62,"2,490",93,0.04,"398,518","22,052",278,"78,648",0.78,1.00,0.20
0.63,"2,221",139,0.06,"400,739","19,831",417,"78,509",0.80,0.99,0.20
0.64,"2,205",196,0.08,"402,944","17,626",613,"78,313",0.82,0.99,0.19
0.65,"1,976",234,0.11,"404,920","15,650",847,"78,079",0.83,0.99,0.19
0.66,"1,706",314,0.16,"406,626","13,944","1,161","77,765",0.85,0.99,0.18
0.67,"1,612",412,0.20,"408,238","12,332","1,573","77,353",0.86,0.98,0.18
0.68,"1,447",499,0.26,"409,685","10,885","2,072","76,854",0.88,0.97,0.18
0.69,"1,316",646,0.33,"411,001","9,569","2,718","76,208",0.89,0.97,0.17
0.7,"1,166",732,0.39,"412,167","8,403","3,450","75,476",0.90,0.96,0.17
0.71,"1,127",956,0.46,"413,294","7,276","4,406","74,520",0.91,0.94,0.16
0.72,"1,002","1,102",0.52,"414,296","6,274","5,508","73,418",0.92,0.93,0.16
0.73,851,"1,279",0.60,"415,147","5,423","6,787","72,139",0.93,0.91,0.16
0.74,813,"1,477",0.64,"415,960","4,610","8,264","70,662",0.94,0.90,0.15
0.75,680,"1,739",0.72,"416,640","3,930","10,003","68,923",0.95,0.87,0.15
0.76,661,"1,999",0.75,"417,301","3,269","12,002","66,924",0.95,0.85,0.14
0.77,545,"2,222",0.80,"417,846","2,724","14,224","64,702",0.96,0.82,0.13
0.78,462,"2,390",0.84,"418,308","2,262","16,614","62,312",0.96,0.79,0.13
0.79,456,"2,586",0.85,"418,764","1,806","19,200","59,726",0.97,0.76,0.12
0.8,378,"2,825",0.88,"419,142","1,428","22,025","56,901",0.98,0.72,0.12
0.81,329,"3,167",0.91,"419,471","1,099","25,192","53,734",0.98,0.68,0.11
0.82,33,113,0.77,"419,504","1,066","25,305","53,621",0.98,0.68,0.11
0.83,248,"3,387",0.93,"419,752",818,"28,692","50,234",0.98,0.64,0.10
0.84,227,"3,406",0.94,"419,979",591,"32,098","46,828",0.99,0.59,0.09
0.85,151,"3,514",0.96,"420,130",440,"35,612","43,314",0.99,0.55,0.09
0.86,133,"3,658",0.96,"420,263",307,"39,270","39,656",0.99,0.50,0.08
0.87,101,"3,740",0.97,"420,364",206,"43,010","35,916",0.99,0.46,0.07
0.88,69,"3,822",0.98,"420,433",137,"46,832","32,094",1.00,0.41,0.06
0.89,48,"3,638",0.99,"420,481",89,"50,470","28,456",1.00,0.36,0.06
0.9,34,"3,529",0.99,"420,515",55,"53,999","24,927",1.00,0.32,0.05
0.91,16,"3,473",1.00,"420,531",39,"57,472","21,454",1.00,0.27,0.04
0.92,17,"3,351",0.99,"420,548",22,"60,823","18,103",1.00,0.23,0.04
0.93,10,"3,132",1.00,"420,558",12,"63,955","14,971",1.00,0.19,0.03
0.94,6,"3,122",1.00,"420,564",6,"67,077","11,849",1.00,0.15,0.02
0.95,3,"2,991",1.00,"420,567",3,"70,068","8,858",1.00,0.11,0.02
0.96,2,"2,748",1.00,"420,569",1,"72,816","6,110",1.00,0.08,0.01
0.97,0,"2,295",1.00,"420,569",1,"75,111","3,815",1.00,0.05,0.01
0.98,1,"1,875",1.00,"420,570",0,"76,986","1,940",1.00,0.02,0.00
0.99,0,"1,319",1.00,"420,570",0,"78,305",621,1.00,0.01,0.00
1.0,0,621,1.00,"420,570",0,"78,926",0,nan,0.00,0.00
