p,Neg,Pos,mPrec,TN,FP,FN,TP,Prec,Rec,$\hat{p}$
0.0,"2,036",50,0.02,"2,036","178,209",50,"33,775",0.16,1.00,0.99
0.01,322,7,0.02,"2,358","177,887",57,"33,768",0.16,1.00,0.99
0.02,678,28,0.04,"3,036","177,209",85,"33,740",0.16,1.00,0.99
0.03,830,28,0.03,"3,866","176,379",113,"33,712",0.16,1.00,0.98
0.04,870,23,0.03,"4,736","175,509",136,"33,689",0.16,1.00,0.98
0.05,"1,024",36,0.03,"5,760","174,485",172,"33,653",0.16,0.99,0.97
0.06,"1,006",41,0.04,"6,766","173,479",213,"33,612",0.16,0.99,0.97
0.07,"1,283",57,0.04,"8,049","172,196",270,"33,555",0.16,0.99,0.96
0.08,"1,339",50,0.04,"9,388","170,857",320,"33,505",0.16,0.99,0.95
0.09,"1,483",57,0.04,"10,871","169,374",377,"33,448",0.16,0.99,0.95
0.1,"1,682",65,0.04,"12,553","167,692",442,"33,383",0.17,0.99,0.94
0.11,"1,124",58,0.05,"13,677","166,568",500,"33,325",0.17,0.99,0.93
0.12,"1,868",83,0.04,"15,545","164,700",583,"33,242",0.17,0.98,0.92
0.13,"1,953",91,0.04,"17,498","162,747",674,"33,151",0.17,0.98,0.92
0.14,"2,196",106,0.05,"19,694","160,551",780,"33,045",0.17,0.98,0.90
0.15,"2,192",134,0.06,"21,886","158,359",914,"32,911",0.17,0.97,0.89
0.16,"2,097",127,0.06,"23,983","156,262","1,041","32,784",0.17,0.97,0.88
0.17,"2,518",145,0.05,"26,501","153,744","1,186","32,639",0.18,0.96,0.87
0.18,"2,598",162,0.06,"29,099","151,146","1,348","32,477",0.18,0.96,0.86
0.19,"2,746",160,0.06,"31,845","148,400","1,508","32,317",0.18,0.96,0.84
0.2,"2,647",178,0.06,"34,492","145,753","1,686","32,139",0.18,0.95,0.83
0.21,"2,884",201,0.07,"37,376","142,869","1,887","31,938",0.18,0.94,0.82
0.22,"1,832",139,0.07,"39,208","141,037","2,026","31,799",0.18,0.94,0.81
0.23,"3,242",226,0.07,"42,450","137,795","2,252","31,573",0.19,0.93,0.79
0.24,"2,934",220,0.07,"45,384","134,861","2,472","31,353",0.19,0.93,0.78
0.25,"3,068",255,0.08,"48,452","131,793","2,727","31,098",0.19,0.92,0.76
0.26,"3,267",229,0.07,"51,719","128,526","2,956","30,869",0.19,0.91,0.74
0.27,"2,849",270,0.09,"54,568","125,677","3,226","30,599",0.20,0.90,0.73
0.28,"3,389",271,0.07,"57,957","122,288","3,497","30,328",0.20,0.90,0.71
0.29,"3,284",290,0.08,"61,241","119,004","3,787","30,038",0.20,0.89,0.70
0.3,"3,351",293,0.08,"64,592","115,653","4,080","29,745",0.20,0.88,0.68
0.31,"3,382",330,0.09,"67,974","112,271","4,410","29,415",0.21,0.87,0.66
0.32,"2,276",230,0.09,"70,250","109,995","4,640","29,185",0.21,0.86,0.65
0.33,"3,552",363,0.09,"73,802","106,443","5,003","28,822",0.21,0.85,0.63
0.34,"3,494",362,0.09,"77,296","102,949","5,365","28,460",0.22,0.84,0.61
0.35,"3,391",376,0.10,"80,687","99,558","5,741","28,084",0.22,0.83,0.60
0.36,"3,342",358,0.10,"84,029","96,216","6,099","27,726",0.22,0.82,0.58
0.37,"3,473",437,0.11,"87,502","92,743","6,536","27,289",0.23,0.81,0.56
0.38,"3,061",381,0.11,"90,563","89,682","6,917","26,908",0.23,0.80,0.54
0.39,"3,298",477,0.13,"93,861","86,384","7,394","26,431",0.23,0.78,0.53
0.4,"3,371",472,0.12,"97,232","83,013","7,866","25,959",0.24,0.77,0.51
0.41,"3,247",462,0.12,"100,479","79,766","8,328","25,497",0.24,0.75,0.49
0.42,"3,210",454,0.12,"103,689","76,556","8,782","25,043",0.25,0.74,0.47
0.43,"2,277",298,0.12,"105,966","74,279","9,080","24,745",0.25,0.73,0.46
0.44,"3,061",483,0.14,"109,027","71,218","9,563","24,262",0.25,0.72,0.45
0.45,"3,084",466,0.13,"112,111","68,134","10,029","23,796",0.26,0.70,0.43
0.46,"3,007",503,0.14,"115,118","65,127","10,532","23,293",0.26,0.69,0.41
0.47,"2,831",504,0.15,"117,949","62,296","11,036","22,789",0.27,0.67,0.40
0.48,"2,499",447,0.15,"120,448","59,797","11,483","22,342",0.27,0.66,0.38
0.49,"2,809",527,0.16,"123,257","56,988","12,010","21,815",0.28,0.64,0.37
0.5,"2,667",528,0.17,"125,924","54,321","12,538","21,287",0.28,0.63,0.35
0.51,"2,546",494,0.16,"128,470","51,775","13,032","20,793",0.29,0.61,0.34
0.52,"2,522",516,0.17,"130,992","49,253","13,548","20,277",0.29,0.60,0.32
0.53,"2,521",516,0.17,"133,513","46,732","14,064","19,761",0.30,0.58,0.31
0.54,"1,711",383,0.18,"135,224","45,021","14,447","19,378",0.30,0.57,0.30
0.55,"2,276",514,0.18,"137,500","42,745","14,961","18,864",0.31,0.56,0.29
0.56,"2,217",537,0.19,"139,717","40,528","15,498","18,327",0.31,0.54,0.27
0.57,"2,181",552,0.20,"141,898","38,347","16,050","17,775",0.32,0.53,0.26
0.58,"2,126",519,0.20,"144,024","36,221","16,569","17,256",0.32,0.51,0.25
0.59,"1,791",484,0.21,"145,815","34,430","17,053","16,772",0.33,0.50,0.24
0.6,"1,932",517,0.21,"147,747","32,498","17,570","16,255",0.33,0.48,0.23
0.61,"1,781",493,0.22,"149,528","30,717","18,063","15,762",0.34,0.47,0.22
0.62,"1,866",511,0.21,"151,394","28,851","18,574","15,251",0.35,0.45,0.21
0.63,"1,649",511,0.24,"153,043","27,202","19,085","14,740",0.35,0.44,0.20
0.64,"1,062",305,0.22,"154,105","26,140","19,390","14,435",0.36,0.43,0.19
0.65,"1,649",528,0.24,"155,754","24,491","19,918","13,907",0.36,0.41,0.18
0.66,"1,448",505,0.26,"157,202","23,043","20,423","13,402",0.37,0.40,0.17
0.67,"1,380",539,0.28,"158,582","21,663","20,962","12,863",0.37,0.38,0.16
0.68,"1,356",510,0.27,"159,938","20,307","21,472","12,353",0.38,0.37,0.15
0.69,"1,335",480,0.26,"161,273","18,972","21,952","11,873",0.38,0.35,0.14
0.7,"1,136",471,0.29,"162,409","17,836","22,423","11,402",0.39,0.34,0.14
0.71,"1,178",480,0.29,"163,587","16,658","22,903","10,922",0.40,0.32,0.13
0.72,"1,148",473,0.29,"164,735","15,510","23,376","10,449",0.40,0.31,0.12
0.73,"1,122",476,0.30,"165,857","14,388","23,852","9,973",0.41,0.29,0.11
0.74,"1,205",505,0.30,"167,062","13,183","24,357","9,468",0.42,0.28,0.11
0.75,661,294,0.31,"167,723","12,522","24,651","9,174",0.42,0.27,0.10
0.76,"1,100",526,0.32,"168,823","11,422","25,177","8,648",0.43,0.26,0.09
0.77,951,509,0.35,"169,774","10,471","25,686","8,139",0.44,0.24,0.09
0.78,889,462,0.34,"170,663","9,582","26,148","7,677",0.44,0.23,0.08
0.79,872,472,0.35,"171,535","8,710","26,620","7,205",0.45,0.21,0.07
0.8,808,440,0.35,"172,343","7,902","27,060","6,765",0.46,0.20,0.07
0.81,790,503,0.39,"173,133","7,112","27,563","6,262",0.47,0.19,0.06
0.82,756,493,0.39,"173,889","6,356","28,056","5,769",0.48,0.17,0.06
0.83,682,476,0.41,"174,571","5,674","28,532","5,293",0.48,0.16,0.05
0.84,665,460,0.41,"175,236","5,009","28,992","4,833",0.49,0.14,0.05
0.85,587,455,0.44,"175,823","4,422","29,447","4,378",0.50,0.13,0.04
0.86,326,220,0.40,"176,149","4,096","29,667","4,158",0.50,0.12,0.04
0.87,544,418,0.43,"176,693","3,552","30,085","3,740",0.51,0.11,0.03
0.88,512,417,0.45,"177,205","3,040","30,502","3,323",0.52,0.10,0.03
0.89,417,389,0.48,"177,622","2,623","30,891","2,934",0.53,0.09,0.03
0.9,450,375,0.45,"178,072","2,173","31,266","2,559",0.54,0.08,0.02
0.91,347,306,0.47,"178,419","1,826","31,572","2,253",0.55,0.07,0.02
0.92,337,331,0.50,"178,756","1,489","31,903","1,922",0.56,0.06,0.02
0.93,296,274,0.48,"179,052","1,193","32,177","1,648",0.58,0.05,0.01
0.94,244,255,0.51,"179,296",949,"32,432","1,393",0.59,0.04,0.01
0.95,218,256,0.54,"179,514",731,"32,688","1,137",0.61,0.03,0.01
0.96,86,79,0.48,"179,600",645,"32,767","1,058",0.62,0.03,0.01
0.97,185,247,0.57,"179,785",460,"33,014",811,0.64,0.02,0.01
0.98,143,196,0.58,"179,928",317,"33,210",615,0.66,0.02,0.00
0.99,99,136,0.58,"180,027",218,"33,346",479,0.69,0.01,0.00
1.0,218,479,0.69,"180,245",0,"33,825",0,nan,0.00,0.00
