p,Neg,Pos,mPrec,TN,FP,FN,TP,Prec,Rec,$\hat{p}$
0.0,"4,526",138,0.03,"4,526","175,719",138,"33,687",0.16,1.00,0.98
0.1,"12,910",544,0.04,"17,436","162,809",682,"33,143",0.17,0.98,0.92
0.2,"22,958","1,406",0.06,"40,394","139,851","2,088","31,737",0.18,0.94,0.80
0.3,"28,194","2,420",0.08,"68,588","111,657","4,508","29,317",0.21,0.87,0.66
0.4,"30,109","3,460",0.10,"98,697","81,548","7,968","25,857",0.24,0.76,0.50
0.5,"26,965","4,546",0.14,"125,662","54,583","12,514","21,311",0.28,0.63,0.35
0.6,"20,469","4,673",0.19,"146,131","34,114","17,187","16,638",0.33,0.49,0.24
0.7,"14,584","4,555",0.24,"160,715","19,530","21,742","12,083",0.38,0.36,0.15
0.8,"9,803","4,441",0.31,"170,518","9,727","26,183","7,642",0.44,0.23,0.08
0.9,"6,237","3,969",0.39,"176,755","3,490","30,152","3,673",0.51,0.11,0.03
1.0,"3,490","3,673",0.51,"180,245",0,"33,825",0,nan,0.00,0.00
