p,Neg,Pos,mPrec,TN,FP,FN,TP,Prec,Rec,$\hat{p}$
0.0,270,0,0.00,270,"420,300",0,"78,926",0.16,1.00,1.00
0.1,"16,868",0,0.00,"17,138","403,432",0,"78,926",0.16,1.00,0.97
0.2,"55,127",0,0.00,"72,265","348,305",0,"78,926",0.18,1.00,0.86
0.3,"87,078",3,0.00,"159,343","261,227",3,"78,923",0.23,1.00,0.68
0.4,"92,590",30,0.00,"251,933","168,637",33,"78,893",0.32,1.00,0.50
0.5,"73,920",210,0.00,"325,853","94,717",243,"78,683",0.45,1.00,0.35
0.6,"46,994",964,0.02,"372,847","47,723","1,207","77,719",0.62,0.98,0.25
0.7,"27,442","5,477",0.17,"400,289","20,281","6,684","72,242",0.78,0.92,0.19
0.8,"15,009","19,657",0.57,"415,298","5,272","26,341","52,585",0.91,0.67,0.12
0.9,"4,722","31,201",0.87,"420,020",550,"57,542","21,384",0.97,0.27,0.04
1.0,550,"21,384",0.97,"420,570",0,"78,926",0,nan,0.00,0.00
