p,Neg,Pos,mPrec,TN,FP,FN,TP,Prec,Rec,FP/P,$\hat{p}$
0.0,334,4,0.01,334,"600,481",4,"112,747",0.16,1.00,5.325726601094447,1.00
0.1,"19,415",612,0.03,"19,749","581,066",616,"112,135",0.16,0.99,5.153533006359146,0.97
0.2,"62,213","2,795",0.04,"81,962","518,853","3,411","109,340",0.17,0.97,4.601759629626345,0.88
0.3,"101,518","6,985",0.06,"183,480","417,335","10,396","102,355",0.20,0.91,3.7013862404768028,0.73
0.4,"117,967","11,950",0.09,"301,447","299,368","22,346","90,405",0.23,0.80,2.6551250099777386,0.55
0.5,"107,353","16,404",0.13,"408,800","192,015","38,750","74,001",0.28,0.66,1.7030004168477442,0.37
0.6,"81,045","18,088",0.18,"489,845","110,970","56,838","55,913",0.34,0.50,0.9842041312272175,0.23
0.7,"53,898","17,843",0.25,"543,743","57,072","74,681","38,070",0.40,0.34,0.5061773288041791,0.13
0.8,"34,573","17,410",0.33,"578,316","22,499","92,091","20,660",0.48,0.18,0.19954590203191103,0.06
0.9,"18,186","14,619",0.45,"596,502","4,313","106,710","6,041",0.58,0.05,0.038252432350932584,0.01
1.0,"4,313","6,041",0.58,"600,815",0,"112,751",0,nan,0.00,0.0,0.00
