p,Neg,Pos,mPrec,TN,FP,FN,TP,Prec,Rec,FP/P,$\hat{p}$
0.0,273,0,0.00,273,"600,542",0,"112,751",0.16,1.00,5.326267616251741,1.00
0.01,401,6,0.01,674,"600,141",6,"112,745",0.16,1.00,5.322711106775106,1.00
0.02,653,18,0.03,"1,327","599,488",24,"112,727",0.16,1.00,5.316919583861784,1.00
0.03,950,21,0.02,"2,277","598,538",45,"112,706",0.16,1.00,5.308493937969508,1.00
0.04,"1,240",18,0.01,"3,517","597,298",63,"112,688",0.16,1.00,5.297496252804853,0.99
0.05,"1,620",41,0.02,"5,137","595,678",104,"112,647",0.16,1.00,5.283128309283288,0.99
0.06,"2,117",44,0.02,"7,254","593,561",148,"112,603",0.16,1.00,5.264352422594921,0.99
0.07,"2,390",83,0.03,"9,644","591,171",231,"112,520",0.16,1.00,5.243155271350143,0.99
0.08,"2,958",94,0.03,"12,602","588,213",325,"112,426",0.16,1.00,5.2169204707718775,0.98
0.09,"3,289",94,0.03,"15,891","584,924",419,"112,332",0.16,1.00,5.187749997782725,0.98
0.1,"3,871",129,0.03,"19,762","581,053",548,"112,203",0.16,1.00,5.153417708046935,0.97
0.11,"4,199",178,0.04,"23,961","576,854",726,"112,025",0.16,0.99,5.116176353203076,0.97
0.12,"4,777",172,0.03,"28,738","572,077",898,"111,853",0.16,0.99,5.073808658016337,0.96
0.13,"5,299",195,0.04,"34,037","566,778","1,093","111,658",0.16,0.99,5.026811292139316,0.95
0.14,"5,881",185,0.03,"39,918","560,897","1,278","111,473",0.17,0.99,4.974652109515659,0.94
0.15,"6,344",283,0.04,"46,262","554,553","1,561","111,190",0.17,0.99,4.9183865331571335,0.93
0.16,"6,723",301,0.04,"52,985","547,830","1,862","110,889",0.17,0.98,4.858759567542638,0.92
0.17,"7,272",365,0.05,"60,257","540,558","2,227","110,524",0.17,0.98,4.794263465512501,0.91
0.18,"7,723",341,0.04,"67,980","532,835","2,568","110,183",0.17,0.98,4.725767398958768,0.90
0.19,"8,294",456,0.05,"76,274","524,541","3,024","109,727",0.17,0.97,4.65220707576873,0.89
0.2,"8,607",429,0.05,"84,881","515,934","3,453","109,298",0.17,0.97,4.57587072398471,0.88
0.21,"8,978",515,0.05,"93,859","506,956","3,968","108,783",0.18,0.96,4.496243935752233,0.86
0.22,"9,576",579,0.06,"103,435","497,380","4,547","108,204",0.18,0.96,4.411313425158092,0.85
0.23,"9,660",582,0.06,"113,095","487,720","5,129","107,622",0.18,0.95,4.325637910085055,0.83
0.24,"10,257",667,0.06,"123,352","477,463","5,796","106,955",0.18,0.95,4.234667541751293,0.82
0.25,"10,581",698,0.06,"133,933","466,882","6,494","106,257",0.19,0.94,4.1408235847132175,0.80
0.26,"10,905",699,0.06,"144,838","455,977","7,193","105,558",0.19,0.94,4.044106038970829,0.79
0.27,"11,087",773,0.07,"155,925","444,890","7,966","104,785",0.19,0.93,3.9457743168575004,0.77
0.28,"11,219",897,0.07,"167,144","433,671","8,863","103,888",0.19,0.92,3.8462718734201915,0.75
0.29,"11,344",968,0.08,"178,488","422,327","9,831","102,920",0.20,0.91,3.745660792365478,0.74
0.3,"11,644","1,022",0.08,"190,132","410,683","10,853","101,898",0.20,0.90,3.642388981028993,0.72
0.31,"11,656",982,0.08,"201,788","399,027","11,835","100,916",0.20,0.90,3.5390107404812374,0.70
0.32,"11,760","1,023",0.08,"213,548","387,267","12,858","99,893",0.21,0.89,3.434710113435801,0.68
0.33,"11,932","1,183",0.09,"225,480","375,335","14,041","98,710",0.21,0.88,3.3288840010288157,0.66
0.34,"12,156","1,199",0.09,"237,636","363,179","15,240","97,511",0.21,0.86,3.221071210011441,0.65
0.35,"11,963","1,247",0.09,"249,599","351,216","16,487","96,264",0.22,0.85,3.1149701554753393,0.63
0.36,"12,020","1,197",0.09,"261,619","339,196","17,684","95,067",0.22,0.84,3.0083635621857012,0.61
0.37,"11,884","1,241",0.09,"273,503","327,312","18,925","93,826",0.22,0.83,2.9029631666237994,0.59
0.38,"11,545","1,338",0.10,"285,048","315,767","20,263","92,488",0.23,0.82,2.800569396280299,0.57
0.39,"11,599","1,468",0.11,"296,647","304,168","21,731","91,020",0.23,0.81,2.69769669448608,0.55
0.4,"11,532","1,460",0.11,"308,179","292,636","23,191","89,560",0.23,0.79,2.5954182224547897,0.54
0.41,"11,498","1,545",0.12,"319,677","281,138","24,736","88,015",0.24,0.78,2.4934412998554336,0.52
0.42,"11,277","1,657",0.13,"330,954","269,861","26,393","86,358",0.24,0.77,2.393424448563649,0.50
0.43,"11,036","1,574",0.12,"341,990","258,825","27,967","84,784",0.25,0.75,2.295545050598221,0.48
0.44,"10,615","1,666",0.14,"352,605","248,210","29,633","83,118",0.25,0.74,2.2013995441282117,0.46
0.45,"10,508","1,622",0.13,"363,113","237,702","31,255","81,496",0.26,0.72,2.108203031458701,0.45
0.46,"10,200","1,686",0.14,"373,313","227,502","32,941","79,810",0.26,0.71,2.0177382018784757,0.43
0.47,"10,076","1,659",0.14,"383,389","217,426","34,600","78,151",0.26,0.69,1.9283731408147156,0.41
0.48,"9,754","1,708",0.15,"393,143","207,672","36,308","76,443",0.27,0.68,1.8418639302533901,0.40
0.49,"9,591","1,742",0.15,"402,734","198,081","38,050","74,701",0.27,0.66,1.7568003831451606,0.38
0.5,"9,175","1,738",0.16,"411,909","188,906","39,788","72,963",0.28,0.65,1.6754263820276538,0.37
0.51,"8,984","1,814",0.17,"420,893","179,922","41,602","71,149",0.28,0.63,1.5957463791895417,0.35
0.52,"8,821","1,680",0.16,"429,714","171,101","43,282","69,469",0.29,0.62,1.517512039804525,0.34
0.53,"8,332","1,734",0.17,"438,046","162,769","45,016","67,735",0.29,0.60,1.4436146907787957,0.32
0.54,"8,218","1,636",0.17,"446,264","154,551","46,652","66,099",0.30,0.59,1.3707284192601397,0.31
0.55,"7,764","1,832",0.19,"454,028","146,787","48,484","64,267",0.30,0.57,1.3018687195678973,0.30
0.56,"7,483","1,756",0.19,"461,511","139,304","50,240","62,511",0.31,0.55,1.235501237239581,0.28
0.57,"7,101","1,845",0.21,"468,612","132,203","52,085","60,666",0.31,0.54,1.1725217514700534,0.27
0.58,"6,769","1,751",0.21,"475,381","125,434","53,836","58,915",0.32,0.52,1.1124868072123528,0.26
0.59,"6,500","1,787",0.22,"481,881","118,934","55,623","57,128",0.32,0.51,1.0548376511073072,0.25
0.6,"6,171","1,760",0.22,"488,052","112,763","57,383","55,368",0.33,0.49,1.000106429211271,0.24
0.61,"6,071","1,746",0.22,"494,123","106,692","59,129","53,622",0.33,0.48,0.9462621174091582,0.22
0.62,"5,728","1,731",0.23,"499,851","100,964","60,860","51,891",0.34,0.46,0.8954599072292042,0.21
0.63,"5,641","1,747",0.24,"505,492","95,323","62,607","50,144",0.34,0.44,0.8454293088309638,0.20
0.64,"5,183","1,678",0.24,"510,675","90,140","64,285","48,466",0.35,0.43,0.7994607586628943,0.19
0.65,"5,129","1,694",0.25,"515,804","85,011","65,979","46,772",0.35,0.41,0.7539711399455438,0.18
0.66,"4,998","1,723",0.26,"520,802","80,013","67,702","45,049",0.36,0.40,0.7096433734512333,0.18
0.67,"4,698","1,694",0.27,"525,500","75,315","69,396","43,355",0.37,0.38,0.6679763372386941,0.17
0.68,"4,788","1,690",0.26,"530,288","70,527","71,086","41,665",0.37,0.37,0.6255110819416235,0.16
0.69,"4,343","1,612",0.27,"534,631","66,184","72,698","40,053",0.38,0.36,0.5869925765625139,0.15
0.7,"4,351","1,729",0.28,"538,982","61,833","74,427","38,324",0.38,0.34,0.5484031183758903,0.14
0.71,"4,055","1,750",0.30,"543,037","57,778","76,177","36,574",0.39,0.32,0.512438914067281,0.13
0.72,"3,897","1,703",0.30,"546,934","53,881","77,880","34,871",0.39,0.31,0.4778760277070713,0.12
0.73,"3,887","1,751",0.31,"550,821","49,994","79,631","33,120",0.40,0.29,0.443401832356254,0.12
0.74,"3,794","1,754",0.32,"554,615","46,200","81,385","31,366",0.40,0.28,0.40975246339278587,0.11
0.75,"3,683","1,682",0.31,"558,298","42,517","83,067","29,684",0.41,0.26,0.37708756463357307,0.10
0.76,"3,498","1,758",0.33,"561,796","39,019","84,825","27,926",0.42,0.25,0.3460634495481193,0.09
0.77,"3,239","1,797",0.36,"565,035","35,780","86,622","26,129",0.42,0.23,0.3173364316059281,0.09
0.78,"3,243","1,649",0.34,"568,278","32,537","88,271","24,480",0.43,0.22,0.28857393725997993,0.08
0.79,"3,067","1,676",0.35,"571,345","29,470","89,947","22,804",0.44,0.20,0.26137240467933764,0.07
0.8,"2,973","1,687",0.36,"574,318","26,497","91,634","21,117",0.44,0.19,0.2350045675869837,0.07
0.81,"2,705","1,657",0.38,"577,023","23,792","93,291","19,460",0.45,0.17,0.2110136495463455,0.06
0.82,"2,569","1,633",0.39,"579,592","21,223","94,924","17,827",0.46,0.16,0.18822892923344361,0.05
0.83,"2,474","1,581",0.39,"582,066","18,749","96,505","16,246",0.46,0.14,0.1662867735097693,0.05
0.84,"2,273","1,519",0.40,"584,339","16,476","98,024","14,727",0.47,0.13,0.1461273070748818,0.04
0.85,"2,095","1,589",0.43,"586,434","14,381","99,613","13,138",0.48,0.12,0.12754654060717865,0.04
0.86,"2,052","1,474",0.42,"588,486","12,329","101,087","11,664",0.49,0.10,0.10934714547986271,0.03
0.87,"1,839","1,372",0.43,"590,325","10,490","102,459","10,292",0.50,0.09,0.09303686885260441,0.03
0.88,"1,596","1,250",0.44,"591,921","8,894","103,709","9,042",0.50,0.08,0.0788817837535809,0.03
0.89,"1,434","1,230",0.46,"593,355","7,460","104,939","7,812",0.51,0.07,0.06616349300671391,0.02
0.9,"1,330","1,194",0.47,"594,685","6,130","106,133","6,618",0.52,0.06,0.054367588757527646,0.02
0.91,"1,159","1,088",0.48,"595,844","4,971","107,221","5,530",0.53,0.05,0.04408830076895105,0.01
0.92,"1,055",999,0.49,"596,899","3,916","108,220","4,531",0.54,0.04,0.034731399278055186,0.01
0.93,917,884,0.49,"597,816","2,999","109,104","3,647",0.55,0.03,0.02659843371677413,0.01
0.94,814,811,0.50,"598,630","2,185","109,915","2,836",0.56,0.03,0.01937898555223457,0.01
0.95,679,743,0.52,"599,309","1,506","110,658","2,093",0.58,0.02,0.01335686601449211,0.01
0.96,543,627,0.54,"599,852",963,"111,285","1,466",0.60,0.01,0.00854094420448599,0.00
0.97,423,528,0.56,"600,275",540,"111,813",938,0.63,0.01,0.004789314507188406,0.00
0.98,286,410,0.59,"600,561",254,"112,223",528,0.68,0.00,0.0022527516385663984,0.00
0.99,172,318,0.65,"600,733",82,"112,541",210,0.72,0.00,0.0007272662770174987,0.00
1.0,82,210,0.72,"600,815",0,"112,751",0,nan,0.00,0.0,0.00
