p,Neg,Pos,mPrec,TN,FP,FN,TP,Prec,Rec,$\hat{p}$
0.0,"11,033",0,0.00,"11,033","409,537",0,"78,926",0.16,1.00,0.98
0.1,"38,008",0,0.00,"49,041","371,529",0,"78,926",0.18,1.00,0.90
0.2,"73,085",1,0.00,"122,126","298,444",1,"78,925",0.21,1.00,0.76
0.3,"84,405",8,0.00,"206,531","214,039",9,"78,917",0.27,1.00,0.59
0.4,"77,843",82,0.00,"284,374","136,196",91,"78,835",0.37,1.00,0.43
0.5,"58,454",310,0.01,"342,828","77,742",401,"78,525",0.50,0.99,0.31
0.6,"35,487","1,246",0.03,"378,315","42,255","1,647","77,279",0.65,0.98,0.24
0.7,"23,414","5,838",0.20,"401,729","18,841","7,485","71,441",0.79,0.91,0.18
0.8,"13,369","17,535",0.57,"415,098","5,472","25,020","53,906",0.91,0.68,0.12
0.9,"4,736","27,508",0.85,"419,834",736,"52,528","26,398",0.97,0.33,0.05
1.0,736,"26,398",0.97,"420,570",0,"78,926",0,nan,0.00,0.00
