p,Neg,Pos,Neg/Pos,TN,FP,FN,TP,FP/TP,Prec.,Rec.,$\hat{p}$
0.0,"2,173",0,inf,"2,173","418,397",0,"78,926",5.30,0.16,1.00,1.00
0.01,"1,615",0,inf,"3,788","416,782",0,"78,926",5.28,0.16,1.00,0.99
0.02,"1,745",0,inf,"5,533","415,037",0,"78,926",5.26,0.16,1.00,0.99
0.03,"1,359",0,inf,"6,892","413,678",0,"78,926",5.24,0.16,1.00,0.99
0.04,"1,536",0,inf,"8,428","412,142",0,"78,926",5.22,0.16,1.00,0.98
0.05,"1,687",0,inf,"10,115","410,455",0,"78,926",5.20,0.16,1.00,0.98
0.06,"1,628",0,inf,"11,743","408,827",0,"78,926",5.18,0.16,1.00,0.98
0.07,"1,545",0,inf,"13,288","407,282",0,"78,926",5.16,0.16,1.00,0.97
0.08,"1,715",1,1715.00,"15,003","405,567",1,"78,925",5.14,0.16,1.00,0.97
0.09,"1,664",0,inf,"16,667","403,903",1,"78,925",5.12,0.16,1.00,0.97
0.1,"1,864",3,621.33,"18,531","402,039",4,"78,922",5.09,0.16,1.00,0.96
0.11,"1,815",5,363.00,"20,346","400,224",9,"78,917",5.07,0.16,1.00,0.96
0.12,"1,816",4,454.00,"22,162","398,408",13,"78,913",5.05,0.17,1.00,0.96
0.13,"1,850",3,616.67,"24,012","396,558",16,"78,910",5.03,0.17,1.00,0.95
0.14,"1,715",3,571.67,"25,727","394,843",19,"78,907",5.00,0.17,1.00,0.95
0.15,"2,026",8,253.25,"27,753","392,817",27,"78,899",4.98,0.17,1.00,0.94
0.16,"1,960",9,217.78,"29,713","390,857",36,"78,890",4.95,0.17,1.00,0.94
0.17,"2,023",10,202.30,"31,736","388,834",46,"78,880",4.93,0.17,1.00,0.94
0.18,"2,011",9,223.44,"33,747","386,823",55,"78,871",4.90,0.17,1.00,0.93
0.19,"2,853",32,89.16,"36,600","383,970",87,"78,839",4.87,0.17,1.00,0.93
0.2,"2,162",15,144.13,"38,762","381,808",102,"78,824",4.84,0.17,1.00,0.92
0.21,"2,274",22,103.36,"41,036","379,534",124,"78,802",4.82,0.17,1.00,0.92
0.22,"2,535",30,84.50,"43,571","376,999",154,"78,772",4.79,0.17,1.00,0.91
0.23,"3,329",53,62.81,"46,900","373,670",207,"78,719",4.75,0.17,1.00,0.91
0.24,"2,729",38,71.82,"49,629","370,941",245,"78,681",4.71,0.17,1.00,0.90
0.25,"3,093",53,58.36,"52,722","367,848",298,"78,628",4.68,0.18,1.00,0.89
0.26,"2,863",49,58.43,"55,585","364,985",347,"78,579",4.64,0.18,1.00,0.89
0.27,"4,154",96,43.27,"59,739","360,831",443,"78,483",4.60,0.18,0.99,0.88
0.28,"2,726",52,52.42,"62,465","358,105",495,"78,431",4.57,0.18,0.99,0.87
0.29,"2,892",61,47.41,"65,357","355,213",556,"78,370",4.53,0.18,0.99,0.87
0.3,"3,083",72,42.82,"68,440","352,130",628,"78,298",4.50,0.18,0.99,0.86
0.31,"4,005",117,34.23,"72,445","348,125",745,"78,181",4.45,0.18,0.99,0.85
0.32,"3,135",90,34.83,"75,580","344,990",835,"78,091",4.42,0.18,0.99,0.85
0.33,"4,653",161,28.90,"80,233","340,337",996,"77,930",4.37,0.19,0.99,0.84
0.34,"4,946",183,27.03,"85,179","335,391","1,179","77,747",4.31,0.19,0.99,0.83
0.35,"4,488",173,25.94,"89,667","330,903","1,352","77,574",4.27,0.19,0.98,0.82
0.36,"3,589",137,26.20,"93,256","327,314","1,489","77,437",4.23,0.19,0.98,0.81
0.37,"4,619",199,23.21,"97,875","322,695","1,688","77,238",4.18,0.19,0.98,0.80
0.38,"4,468",204,21.90,"102,343","318,227","1,892","77,034",4.13,0.19,0.98,0.79
0.39,"4,760",239,19.92,"107,103","313,467","2,131","76,795",4.08,0.20,0.97,0.78
0.4,"4,175",212,19.69,"111,278","309,292","2,343","76,583",4.04,0.20,0.97,0.77
0.41,"4,227",235,17.99,"115,505","305,065","2,578","76,348",4.00,0.20,0.97,0.76
0.42,"4,921",285,17.27,"120,426","300,144","2,863","76,063",3.95,0.20,0.96,0.75
0.43,"4,867",292,16.67,"125,293","295,277","3,155","75,771",3.90,0.20,0.96,0.74
0.44,"5,673",370,15.33,"130,966","289,604","3,525","75,401",3.84,0.21,0.96,0.73
0.45,"5,736",397,14.45,"136,702","283,868","3,922","75,004",3.78,0.21,0.95,0.72
0.46,"4,270",293,14.57,"140,972","279,598","4,215","74,711",3.74,0.21,0.95,0.71
0.47,"6,430",497,12.94,"147,402","273,168","4,712","74,214",3.68,0.21,0.94,0.70
0.48,"5,430",424,12.81,"152,832","267,738","5,136","73,790",3.63,0.22,0.93,0.68
0.49,"5,779",478,12.09,"158,611","261,959","5,614","73,312",3.57,0.22,0.93,0.67
0.5,"5,777",511,11.31,"164,388","256,182","6,125","72,801",3.52,0.22,0.92,0.66
0.51,"6,170",571,10.81,"170,558","250,012","6,696","72,230",3.46,0.22,0.92,0.65
0.52,"6,212",604,10.28,"176,770","243,800","7,300","71,626",3.40,0.23,0.91,0.63
0.53,"6,309",635,9.94,"183,079","237,491","7,935","70,991",3.35,0.23,0.90,0.62
0.54,"5,491",588,9.34,"188,570","232,000","8,523","70,403",3.30,0.23,0.89,0.61
0.55,"6,342",718,8.83,"194,912","225,658","9,241","69,685",3.24,0.24,0.88,0.59
0.56,"7,125",842,8.46,"202,037","218,533","10,083","68,843",3.17,0.24,0.87,0.58
0.57,"6,340",789,8.04,"208,377","212,193","10,872","68,054",3.12,0.24,0.86,0.56
0.58,"6,425",828,7.76,"214,802","205,768","11,700","67,226",3.06,0.25,0.85,0.55
0.59,"7,820","1,065",7.34,"222,622","197,948","12,765","66,161",2.99,0.25,0.84,0.53
0.6,"5,823",827,7.04,"228,445","192,125","13,592","65,334",2.94,0.25,0.83,0.52
0.61,"8,514","1,246",6.83,"236,959","183,611","14,838","64,088",2.86,0.26,0.81,0.50
0.62,"8,093","1,260",6.42,"245,052","175,518","16,098","62,828",2.79,0.26,0.80,0.48
0.63,"8,659","1,393",6.22,"253,711","166,859","17,491","61,435",2.72,0.27,0.78,0.46
0.64,"8,539","1,440",5.93,"262,250","158,320","18,931","59,995",2.64,0.27,0.76,0.44
0.65,"8,527","1,513",5.64,"270,777","149,793","20,444","58,482",2.56,0.28,0.74,0.42
0.66,"8,720","1,623",5.37,"279,497","141,073","22,067","56,859",2.48,0.29,0.72,0.40
0.67,"8,422","1,661",5.07,"287,919","132,651","23,728","55,198",2.40,0.29,0.70,0.38
0.68,"8,120","1,655",4.91,"296,039","124,531","25,383","53,543",2.33,0.30,0.68,0.36
0.69,"8,447","1,819",4.64,"304,486","116,084","27,202","51,724",2.24,0.31,0.66,0.34
0.7,"8,019","1,826",4.39,"312,505","108,065","29,028","49,898",2.17,0.32,0.63,0.32
0.71,"8,620","2,057",4.19,"321,125","99,445","31,085","47,841",2.08,0.32,0.61,0.29
0.72,"7,672","1,918",4.00,"328,797","91,773","33,003","45,923",2.00,0.33,0.58,0.28
0.73,"6,920","1,836",3.77,"335,717","84,853","34,839","44,087",1.92,0.34,0.56,0.26
0.74,"7,726","2,160",3.58,"343,443","77,127","36,999","41,927",1.84,0.35,0.53,0.24
0.75,"6,794","2,001",3.40,"350,237","70,333","39,000","39,926",1.76,0.36,0.51,0.22
0.76,"6,898","2,160",3.19,"357,135","63,435","41,160","37,766",1.68,0.37,0.48,0.20
0.77,"6,346","2,095",3.03,"363,481","57,089","43,255","35,671",1.60,0.38,0.45,0.19
0.78,"6,013","2,131",2.82,"369,494","51,076","45,386","33,540",1.52,0.40,0.42,0.17
0.79,"5,987","2,239",2.67,"375,481","45,089","47,625","31,301",1.44,0.41,0.40,0.15
0.8,"5,132","2,071",2.48,"380,613","39,957","49,696","29,230",1.37,0.42,0.37,0.14
0.81,"5,439","2,317",2.35,"386,052","34,518","52,013","26,913",1.28,0.44,0.34,0.12
0.82,"5,039","2,281",2.21,"391,091","29,479","54,294","24,632",1.20,0.46,0.31,0.11
0.83,"4,550","2,231",2.04,"395,641","24,929","56,525","22,401",1.11,0.47,0.28,0.09
0.84,"4,207","2,217",1.90,"399,848","20,722","58,742","20,184",1.03,0.49,0.26,0.08
0.85,"3,546","2,054",1.73,"403,394","17,176","60,796","18,130",0.95,0.51,0.23,0.07
0.86,"3,622","2,219",1.63,"407,016","13,554","63,015","15,911",0.85,0.54,0.20,0.06
0.87,"2,633","1,807",1.46,"409,649","10,921","64,822","14,104",0.77,0.56,0.18,0.05
0.88,"2,393","1,809",1.32,"412,042","8,528","66,631","12,295",0.69,0.59,0.16,0.04
0.89,"1,813","1,524",1.19,"413,855","6,715","68,155","10,771",0.62,0.62,0.14,0.04
0.9,"1,603","1,509",1.06,"415,458","5,112","69,664","9,262",0.55,0.64,0.12,0.03
0.91,"1,396","1,480",0.94,"416,854","3,716","71,144","7,782",0.48,0.68,0.10,0.02
0.92,"1,048","1,264",0.83,"417,902","2,668","72,408","6,518",0.41,0.71,0.08,0.02
0.93,960,"1,323",0.73,"418,862","1,708","73,731","5,195",0.33,0.75,0.07,0.01
0.94,587,976,0.60,"419,449","1,121","74,707","4,219",0.27,0.79,0.05,0.01
0.95,391,836,0.47,"419,840",730,"75,543","3,383",0.22,0.82,0.04,0.01
0.96,299,843,0.35,"420,139",431,"76,386","2,540",0.17,0.85,0.03,0.01
0.97,229,802,0.29,"420,368",202,"77,188","1,738",0.12,0.90,0.02,0.00
0.98,128,645,0.20,"420,496",74,"77,833","1,093",0.07,0.94,0.01,0.00
0.99,65,617,0.11,"420,561",9,"78,450",476,0.02,0.98,0.01,0.00
1.0,9,476,0.02,"420,570",0,"78,926",0,nan,nan,0.00,0.00
