p,Neg,Pos,mPrec,TN,FP,FN,TP,Prec,Rec,FP/P,$\hat{p}$
0.0,"3,114",125,0.04,"3,114","597,701",125,"112,626",0.16,1.00,5.301070500483366,1.00
0.1,"26,833","1,690",0.06,"29,947","570,868","1,815","110,936",0.16,0.98,5.063085914980799,0.96
0.2,"50,844","3,607",0.07,"80,791","520,024","5,422","107,329",0.17,0.95,4.612145346826193,0.88
0.3,"74,099","6,664",0.08,"154,890","445,925","12,086","100,665",0.18,0.89,3.954953836329611,0.77
0.4,"91,972","10,969",0.11,"246,862","353,953","23,055","89,696",0.20,0.80,3.1392448847460335,0.62
0.5,"113,079","17,760",0.14,"359,941","240,874","40,815","71,936",0.23,0.64,2.136335819637963,0.44
0.6,"100,189","21,005",0.17,"460,130","140,685","61,820","50,931",0.27,0.45,1.2477494656366683,0.27
0.7,"75,860","21,634",0.22,"535,990","64,825","83,454","29,297",0.31,0.26,0.5749394683860897,0.13
0.8,"43,709","16,564",0.27,"579,699","21,116","100,018","12,733",0.38,0.11,0.18727993543294516,0.05
0.9,"16,877","8,930",0.35,"596,576","4,239","108,948","3,803",0.47,0.03,0.03759611888142899,0.01
1.0,"4,239","3,803",0.47,"600,815",0,"112,751",0,nan,0.00,0.0,0.00
