p,Neg,Pos,mPrec,TN,FP,FN,TP,Prec,Rec,$\hat{p}$
0.0,"3,308",181,0.05,"3,308","176,937",181,"33,644",0.16,0.99,0.98
0.05,"2,467",157,0.06,"5,775","174,470",338,"33,487",0.16,0.99,0.97
0.1,"2,616",203,0.07,"8,391","171,854",541,"33,284",0.16,0.98,0.96
0.15,"2,653",239,0.08,"11,044","169,201",780,"33,045",0.16,0.98,0.94
0.2,"2,891",230,0.07,"13,935","166,310","1,010","32,815",0.16,0.97,0.93
0.25,"3,047",289,0.09,"16,982","163,263","1,299","32,526",0.17,0.96,0.91
0.3,"3,356",330,0.09,"20,338","159,907","1,629","32,196",0.17,0.95,0.90
0.35,"3,891",388,0.09,"24,229","156,016","2,017","31,808",0.17,0.94,0.88
0.4,"4,441",422,0.09,"28,670","151,575","2,439","31,386",0.17,0.93,0.85
0.45,"4,832",549,0.10,"33,502","146,743","2,988","30,837",0.17,0.91,0.83
0.5,"5,937",712,0.11,"39,439","140,806","3,700","30,125",0.18,0.89,0.80
0.55,"7,324",781,0.10,"46,763","133,482","4,481","29,344",0.18,0.87,0.76
0.6,"8,813","1,040",0.11,"55,576","124,669","5,521","28,304",0.19,0.84,0.71
0.65,"10,004","1,265",0.11,"65,580","114,665","6,786","27,039",0.19,0.80,0.66
0.7,"12,438","1,640",0.12,"78,018","102,227","8,426","25,399",0.20,0.75,0.60
0.75,"14,476","2,173",0.13,"92,494","87,751","10,599","23,226",0.21,0.69,0.52
0.8,"19,387","3,401",0.15,"111,881","68,364","14,000","19,825",0.22,0.59,0.41
0.85,"24,364","4,823",0.17,"136,245","44,000","18,823","15,002",0.25,0.44,0.28
0.9,"23,404","6,258",0.21,"159,649","20,596","25,081","8,744",0.30,0.26,0.14
0.95,"16,383","6,120",0.27,"176,032","4,213","31,201","2,624",0.38,0.08,0.03
1.0,"4,213","2,624",0.38,"180,245",0,"33,825",0,nan,0.00,0.00
