p,Neg,Pos,mPrec,TN,FP,FN,TP,Prec,Rec,$\hat{p}$
0.0,107,0,0.00,107,"180,138",0,"33,825",0.16,1.00,1.00
0.1,"8,464",82,0.01,"8,571","171,674",82,"33,743",0.16,1.00,0.96
0.2,"23,859",576,0.02,"32,430","147,815",658,"33,167",0.18,0.98,0.85
0.3,"33,002","1,542",0.04,"65,432","114,813","2,200","31,625",0.22,0.93,0.68
0.4,"35,196","3,010",0.08,"100,628","79,617","5,210","28,615",0.26,0.85,0.51
0.5,"31,581","4,512",0.13,"132,209","48,036","9,722","24,103",0.33,0.71,0.34
0.6,"23,303","5,697",0.20,"155,512","24,733","15,419","18,406",0.43,0.54,0.20
0.7,"14,102","5,990",0.30,"169,614","10,631","21,409","12,416",0.54,0.37,0.11
0.8,"7,046","5,520",0.44,"176,660","3,585","26,929","6,896",0.66,0.20,0.05
0.9,"2,844","4,696",0.62,"179,504",741,"31,625","2,200",0.75,0.07,0.01
1.0,741,"2,200",0.75,"180,245",0,"33,825",0,nan,0.00,0.00
