p,Neg,Pos,mPrec,TN,FP,FN,TP,Prec,Rec,FP/P,$\hat{p}$
0.0,"15,891",419,0.03,"15,891","584,924",419,"112,332",0.16,1.00,5.187749997782725,0.98
0.1,"45,512","1,864",0.04,"61,403","539,412","2,283","110,468",0.17,0.98,4.784099475836134,0.91
0.2,"83,464","4,911",0.06,"144,867","455,948","7,194","105,557",0.19,0.94,4.043848835043591,0.79
0.3,"95,347","8,309",0.08,"240,214","360,601","15,503","97,248",0.21,0.86,3.198206667790086,0.64
0.4,"101,868","12,476",0.11,"342,082","258,733","27,979","84,772",0.25,0.75,2.294729093311811,0.48
0.5,"81,171","14,031",0.15,"423,253","177,562","42,010","70,741",0.28,0.63,1.5748153009729404,0.35
0.6,"64,880","15,391",0.19,"488,133","112,682","57,401","55,350",0.33,0.49,0.9993880320351926,0.24
0.7,"43,324","14,053",0.24,"531,457","69,358","71,454","41,297",0.37,0.37,0.6151431029436546,0.16
0.8,"33,647","15,184",0.31,"565,104","35,711","86,638","26,113",0.42,0.23,0.3167244636411207,0.09
0.9,"21,922","13,207",0.38,"587,026","13,789","99,845","12,906",0.48,0.11,0.12229603285114989,0.04
1.0,"13,789","12,906",0.48,"600,815",0,"112,751",0,nan,0.00,0.0,0.00
