p,Neg,Pos,mPrec,TN,FP,FN,TP,Prec,Rec,$\hat{p}$
0.0,151,1,0.01,151,"180,094",1,"33,824",0.16,1.00,1.00
0.05,"2,480",19,0.01,"2,631","177,614",20,"33,805",0.16,1.00,0.99
0.1,"6,662",74,0.01,"9,293","170,952",94,"33,731",0.16,1.00,0.96
0.15,"10,458",189,0.02,"19,751","160,494",283,"33,542",0.17,0.99,0.91
0.2,"13,434",351,0.03,"33,185","147,060",634,"33,191",0.18,0.98,0.84
0.25,"16,064",641,0.04,"49,249","130,996","1,275","32,550",0.20,0.96,0.76
0.3,"16,938",999,0.06,"66,187","114,058","2,274","31,551",0.22,0.93,0.68
0.35,"17,755","1,291",0.07,"83,942","96,303","3,565","30,260",0.24,0.89,0.59
0.4,"17,158","1,680",0.09,"101,100","79,145","5,245","28,580",0.27,0.84,0.50
0.45,"15,996","1,989",0.11,"117,096","63,149","7,234","26,591",0.30,0.79,0.42
0.5,"14,523","2,347",0.14,"131,619","48,626","9,581","24,244",0.33,0.72,0.34
0.55,"12,436","2,538",0.17,"144,055","36,190","12,119","21,706",0.37,0.64,0.27
0.6,"10,248","2,893",0.22,"154,303","25,942","15,012","18,813",0.42,0.56,0.21
0.65,"8,137","2,978",0.27,"162,440","17,805","17,990","15,835",0.47,0.47,0.16
0.7,"6,130","2,935",0.32,"168,570","11,675","20,925","12,900",0.52,0.38,0.11
0.75,"4,342","2,728",0.39,"172,912","7,333","23,653","10,172",0.58,0.30,0.08
0.8,"3,113","2,712",0.47,"176,025","4,220","26,365","7,460",0.64,0.22,0.05
0.85,"2,045","2,531",0.55,"178,070","2,175","28,896","4,929",0.69,0.15,0.03
0.9,"1,231","2,240",0.65,"179,301",944,"31,136","2,689",0.74,0.08,0.02
0.95,723,"1,887",0.72,"180,024",221,"33,023",802,0.78,0.02,0.00
1.0,221,802,0.78,"180,245",0,"33,825",0,nan,0.00,0.00
