p,Neg,Pos,mPrec,TN,FP,FN,TP,Prec,Rec,FP/P,$\hat{p}$
0.0,"16,141",486,0.03,"16,141","584,674",486,"112,265",0.16,1.00,5.185532722547915,0.98
0.01,"1,879",56,0.03,"18,020","582,795",542,"112,209",0.16,1.00,5.168867681883087,0.97
0.02,"3,639",131,0.03,"21,659","579,156",673,"112,078",0.16,0.99,5.136593023565201,0.97
0.03,"3,788",137,0.03,"25,447","575,368",810,"111,941",0.16,0.99,5.102996869207368,0.96
0.04,"4,077",168,0.04,"29,524","571,291",978,"111,773",0.16,0.99,5.066837544678096,0.96
0.05,"4,577",193,0.04,"34,101","566,714","1,171","111,580",0.16,0.99,5.0262436696792046,0.95
0.06,"5,306",196,0.04,"39,407","561,408","1,367","111,384",0.17,0.99,4.979184220095609,0.94
0.07,"3,385",154,0.04,"42,792","558,023","1,521","111,230",0.17,0.99,4.949162313416289,0.94
0.08,"5,864",267,0.04,"48,656","552,159","1,788","110,963",0.17,0.98,4.897153905508598,0.93
0.09,"5,997",253,0.04,"54,653","546,162","2,041","110,710",0.17,0.98,4.843965907175989,0.92
0.1,"6,647",302,0.04,"61,300","539,515","2,343","110,408",0.17,0.98,4.7850129932328755,0.91
0.11,"6,175",305,0.05,"67,475","533,340","2,648","110,103",0.17,0.98,4.730246294933083,0.90
0.12,"6,893",335,0.05,"74,368","526,447","2,983","109,768",0.17,0.97,4.669111582158917,0.89
0.13,"7,647",429,0.05,"82,015","518,800","3,412","109,339",0.17,0.97,4.601289567276565,0.88
0.14,"5,105",303,0.06,"87,120","513,695","3,715","109,036",0.18,0.97,4.556012806981756,0.87
0.15,"8,245",484,0.06,"95,365","505,450","4,199","108,552",0.18,0.96,4.482887069737741,0.86
0.16,"8,152",485,0.06,"103,517","497,298","4,684","108,067",0.18,0.96,4.410586158881074,0.85
0.17,"7,922",482,0.06,"111,439","489,376","5,166","107,585",0.18,0.95,4.340325141240433,0.84
0.18,"8,915",527,0.06,"120,354","480,461","5,693","107,058",0.18,0.95,4.261257106367127,0.82
0.19,"8,992",631,0.07,"129,346","471,469","6,324","106,427",0.18,0.94,4.181506150721502,0.81
0.2,"10,045",682,0.06,"139,391","461,424","7,006","105,745",0.19,0.94,4.092416031786858,0.79
0.21,"6,666",492,0.07,"146,057","454,758","7,498","105,253",0.19,0.93,4.033294604925898,0.78
0.22,"9,732",728,0.07,"155,789","445,026","8,226","104,525",0.19,0.93,3.9469805145852366,0.77
0.23,"9,739",763,0.07,"165,528","435,287","8,989","103,762",0.19,0.92,3.8606043405379995,0.76
0.24,"9,308",714,0.07,"174,836","425,979","9,703","103,048",0.19,0.91,3.7780507489955744,0.74
0.25,"10,221",828,0.07,"185,057","415,758","10,531","102,220",0.20,0.91,3.6873996682956247,0.73
0.26,"10,378",866,0.08,"195,435","405,380","11,397","101,354",0.20,0.90,3.595356138748215,0.71
0.27,"7,472",675,0.08,"202,907","397,908","12,072","100,679",0.20,0.89,3.52908621653023,0.70
0.28,"10,771","1,000",0.08,"213,678","387,137","13,072","99,679",0.20,0.88,3.4335571303137002,0.68
0.29,"10,230",924,0.08,"223,908","376,907","13,996","98,755",0.21,0.88,3.3428262277052974,0.67
0.3,"11,235","1,083",0.09,"235,143","365,672","15,079","97,672",0.21,0.87,3.243181878652961,0.65
0.31,"9,697",954,0.09,"244,840","355,975","16,033","96,718",0.21,0.86,3.157178206845172,0.63
0.32,"10,348","1,030",0.09,"255,188","345,627","17,063","95,688",0.22,0.85,3.0654007503259395,0.62
0.33,"11,007","1,236",0.10,"266,195","334,620","18,299","94,452",0.22,0.84,2.9677785562877492,0.60
0.34,"7,808",869,0.10,"274,003","326,812","19,168","93,583",0.22,0.83,2.8985286161541803,0.59
0.35,"10,929","1,203",0.10,"284,932","315,883","20,371","92,380",0.23,0.82,2.801598211989251,0.57
0.36,"10,123","1,189",0.11,"295,055","305,760","21,560","91,191",0.23,0.81,2.7118163031813465,0.56
0.37,"9,764","1,256",0.11,"304,819","295,996","22,816","89,935",0.23,0.80,2.6252184016106286,0.54
0.38,"10,284","1,283",0.11,"315,103","285,712","24,099","88,652",0.24,0.79,2.534008567551507,0.52
0.39,"10,058","1,396",0.12,"325,161","275,654","25,495","87,256",0.24,0.77,2.4448031503046534,0.51
0.4,"10,694","1,406",0.12,"335,855","264,960","26,901","85,850",0.24,0.76,2.349956984860445,0.49
0.41,"7,337","1,021",0.12,"343,192","257,623","27,922","84,829",0.25,0.75,2.284884391269257,0.48
0.42,"9,614","1,436",0.13,"352,806","248,009","29,358","83,393",0.25,0.74,2.199616854839425,0.46
0.43,"9,626","1,423",0.13,"362,432","238,383","30,781","81,970",0.26,0.73,2.114242889198322,0.45
0.44,"8,855","1,439",0.14,"371,287","229,528","32,220","80,531",0.26,0.71,2.0357070003813713,0.43
0.45,"9,303","1,570",0.14,"380,590","220,225","33,790","78,961",0.26,0.70,1.9531977543436423,0.42
0.46,"9,016","1,539",0.15,"389,606","211,209","35,329","77,422",0.27,0.69,1.8732339402754743,0.40
0.47,"6,515","1,113",0.15,"396,121","204,694","36,442","76,309",0.27,0.68,1.81545174765634,0.39
0.48,"8,895","1,649",0.16,"405,016","195,799","38,091","74,660",0.28,0.66,1.73656109480182,0.38
0.49,"8,246","1,485",0.15,"413,262","187,553","39,576","73,175",0.28,0.65,1.663426488456865,0.37
0.5,"7,645","1,453",0.16,"420,907","179,908","41,029","71,722",0.29,0.64,1.5956222117763923,0.35
0.51,"8,531","1,696",0.17,"429,438","171,377","42,725","70,026",0.29,0.62,1.5199599116637545,0.34
0.52,"7,603","1,576",0.17,"437,041","163,774","44,301","68,450",0.29,0.61,1.4525281372227297,0.33
0.53,"8,039","1,685",0.17,"445,080","155,735","45,986","66,765",0.30,0.59,1.3812294347721972,0.31
0.54,"5,461","1,164",0.18,"450,541","150,274","47,150","65,601",0.30,0.58,1.3327952745430196,0.30
0.55,"7,299","1,694",0.19,"457,840","142,975","48,844","63,907",0.31,0.57,1.268059706787523,0.29
0.56,"6,697","1,530",0.19,"464,537","136,278","50,374","62,377",0.31,0.55,1.2086633377974474,0.28
0.57,"6,297","1,524",0.19,"470,834","129,981","51,898","60,853",0.32,0.54,1.152814609183067,0.27
0.58,"6,592","1,576",0.19,"477,426","123,389","53,474","59,277",0.32,0.53,1.0943494957916116,0.26
0.59,"6,170","1,674",0.21,"483,596","117,219","55,148","57,603",0.33,0.51,1.0396271429965145,0.24
0.6,"6,249","1,690",0.21,"489,845","110,970","56,838","55,913",0.34,0.50,0.9842041312272175,0.23
0.61,"4,309","1,159",0.21,"494,154","106,661","57,997","54,754",0.34,0.49,0.9459871752800418,0.23
0.62,"5,559","1,586",0.22,"499,713","101,102","59,583","53,168",0.34,0.47,0.896683843158819,0.22
0.63,"5,305","1,683",0.24,"505,018","95,797","61,266","51,485",0.35,0.46,0.8496332626761626,0.21
0.64,"5,022","1,535",0.23,"510,040","90,775","62,801","49,950",0.35,0.44,0.8050926377593104,0.20
0.65,"5,034","1,580",0.24,"515,074","85,741","64,381","48,370",0.36,0.43,0.7604455836311873,0.19
0.66,"4,992","1,539",0.24,"520,066","80,749","65,920","46,831",0.37,0.42,0.7161710317425123,0.18
0.67,"3,322","1,078",0.24,"523,388","77,427","66,998","45,753",0.37,0.41,0.6867078784223644,0.17
0.68,"4,636","1,616",0.26,"528,024","72,791","68,614","44,137",0.38,0.39,0.6455907264680579,0.16
0.69,"4,258","1,596",0.27,"532,282","68,533","70,210","42,541",0.38,0.38,0.6078260946687835,0.16
0.7,"3,897","1,412",0.27,"536,179","64,636","71,622","41,129",0.39,0.36,0.5732632083085738,0.15
0.71,"4,170","1,660",0.28,"540,349","60,466","73,282","39,469",0.39,0.35,0.5362790573919521,0.14
0.72,"3,811","1,537",0.29,"544,160","56,655","74,819","37,932",0.40,0.34,0.502478913712517,0.13
0.73,"3,760","1,541",0.29,"547,920","52,895","76,360","36,391",0.41,0.32,0.46913109418098287,0.13
0.74,"2,570","1,103",0.30,"550,490","50,325","77,463","35,288",0.41,0.31,0.44633750476714174,0.12
0.75,"3,474","1,524",0.30,"553,964","46,851","78,987","33,764",0.42,0.30,0.41552624810422967,0.11
0.76,"3,395","1,548",0.31,"557,359","43,456","80,535","32,216",0.43,0.29,0.3854156504155174,0.11
0.77,"2,979","1,486",0.33,"560,338","40,477","82,021","30,730",0.43,0.27,0.358994598717528,0.10
0.78,"3,172","1,672",0.35,"563,510","37,305","83,693","29,058",0.44,0.26,0.33086181053826574,0.09
0.79,"3,085","1,622",0.34,"566,595","34,220","85,315","27,436",0.44,0.24,0.30350063414071715,0.09
0.8,"3,035","1,643",0.35,"569,630","31,185","86,958","25,793",0.45,0.23,0.2765829127901305,0.08
0.81,"1,849",914,0.33,"571,479","29,336","87,872","24,879",0.46,0.22,0.2601839451534798,0.08
0.82,"2,719","1,556",0.36,"574,198","26,617","89,428","23,323",0.47,0.21,0.23606885969969224,0.07
0.83,"2,496","1,551",0.38,"576,694","24,121","90,979","21,772",0.47,0.19,0.21393158375535473,0.06
0.84,"2,206","1,415",0.39,"578,900","21,915","92,394","20,357",0.48,0.18,0.19436634708339615,0.06
0.85,"2,332","1,482",0.39,"581,232","19,583","93,876","18,875",0.49,0.17,0.17368360369309363,0.05
0.86,"2,200","1,574",0.42,"583,432","17,383","95,450","17,301",0.50,0.15,0.1541715816267705,0.05
0.87,"1,292",795,0.38,"584,724","16,091","96,245","16,506",0.51,0.15,0.14271270321327528,0.05
0.88,"1,888","1,621",0.46,"586,612","14,203","97,866","14,885",0.51,0.13,0.12596784063999433,0.04
0.89,"1,767","1,382",0.44,"588,379","12,436","99,248","13,503",0.52,0.12,0.11029613928036115,0.04
0.9,"1,794","1,426",0.44,"590,173","10,642","100,674","12,077",0.53,0.11,0.09438497219536855,0.03
0.91,"1,419","1,264",0.47,"591,592","9,223","101,938","10,813",0.54,0.10,0.08179971796259013,0.03
0.92,"1,380","1,272",0.48,"592,972","7,843","103,210","9,541",0.55,0.08,0.06956035866644199,0.02
0.93,"1,238","1,158",0.48,"594,210","6,605","104,368","8,383",0.56,0.07,0.0585804117036656,0.02
0.94,642,557,0.46,"594,852","5,963","104,925","7,826",0.57,0.07,0.05288644890067494,0.02
0.95,"1,041","1,064",0.51,"595,893","4,922","105,989","6,762",0.58,0.06,0.0436537148229284,0.02
0.96,922,"1,037",0.53,"596,815","4,000","107,026","5,725",0.59,0.05,0.03547640375695116,0.01
0.97,723,829,0.53,"597,538","3,277","107,855","4,896",0.60,0.04,0.029064043777882236,0.01
0.98,665,840,0.56,"598,203","2,612","108,695","4,056",0.61,0.04,0.023166091653289107,0.01
0.99,632,784,0.55,"598,835","1,980","109,479","3,272",0.62,0.03,0.017560819859690824,0.01
1.0,"1,980","3,272",0.62,"600,815",0,"112,751",0,nan,0.00,0.0,0.00
