p,Neg,Pos,mPrec,TN,FP,FN,TP,Prec,Rec,$\hat{p}$
0.0,"1,819",15,0.01,"1,819","178,426",15,"33,810",0.16,1.00,0.99
0.1,"12,880",196,0.01,"14,699","165,546",211,"33,614",0.17,0.99,0.93
0.2,"23,907",660,0.03,"38,606","141,639",871,"32,954",0.19,0.97,0.82
0.3,"30,240","1,564",0.05,"68,846","111,399","2,435","31,390",0.22,0.93,0.67
0.4,"35,255","3,072",0.08,"104,101","76,144","5,507","28,318",0.27,0.84,0.49
0.5,"28,104","4,186",0.13,"132,205","48,040","9,693","24,132",0.33,0.71,0.34
0.6,"21,505","5,217",0.20,"153,710","26,535","14,910","18,915",0.42,0.56,0.21
0.7,"13,834","5,392",0.28,"167,544","12,701","20,302","13,523",0.52,0.40,0.12
0.8,"8,152","5,618",0.41,"175,696","4,549","25,920","7,905",0.63,0.23,0.06
0.9,"3,312","4,533",0.58,"179,008","1,237","30,453","3,372",0.73,0.10,0.02
1.0,"1,237","3,372",0.73,"180,245",0,"33,825",0,nan,0.00,0.00
