p,Neg,Pos,mPrec,TN,FP,FN,TP,Prec,Rec,$\hat{p}$
0.0,"4,867",0,0.00,"4,867","415,703",0,"78,926",0.16,1.00,0.99
0.01,14,0,0.00,"4,881","415,689",0,"78,926",0.16,1.00,0.99
0.02,"2,278",0,0.00,"7,159","413,411",0,"78,926",0.16,1.00,0.99
0.03,"2,815",0,0.00,"9,974","410,596",0,"78,926",0.16,1.00,0.98
0.04,"3,276",0,0.00,"13,250","407,320",0,"78,926",0.16,1.00,0.97
0.05,"3,868",0,0.00,"17,118","403,452",0,"78,926",0.16,1.00,0.97
0.06,"4,331",0,0.00,"21,449","399,121",0,"78,926",0.17,1.00,0.96
0.07,"4,847",0,0.00,"26,296","394,274",0,"78,926",0.17,1.00,0.95
0.08,"5,197",0,0.00,"31,493","389,077",0,"78,926",0.17,1.00,0.94
0.09,"5,779",0,0.00,"37,272","383,298",0,"78,926",0.17,1.00,0.93
0.1,"6,007",0,0.00,"43,279","377,291",0,"78,926",0.17,1.00,0.91
0.11,"6,414",0,0.00,"49,693","370,877",0,"78,926",0.18,1.00,0.90
0.12,"6,798",0,0.00,"56,491","364,079",0,"78,926",0.18,1.00,0.89
0.13,"7,076",0,0.00,"63,567","357,003",0,"78,926",0.18,1.00,0.87
0.14,"7,461",0,0.00,"71,028","349,542",0,"78,926",0.18,1.00,0.86
0.15,"7,894",0,0.00,"78,922","341,648",0,"78,926",0.19,1.00,0.84
0.16,"7,945",0,0.00,"86,867","333,703",0,"78,926",0.19,1.00,0.83
0.17,"8,374",0,0.00,"95,241","325,329",0,"78,926",0.20,1.00,0.81
0.18,"8,480",0,0.00,"103,721","316,849",0,"78,926",0.20,1.00,0.79
0.19,"8,641",0,0.00,"112,362","308,208",0,"78,926",0.20,1.00,0.78
0.2,"8,812",0,0.00,"121,174","299,396",0,"78,926",0.21,1.00,0.76
0.21,453,0,0.00,"121,627","298,943",0,"78,926",0.21,1.00,0.76
0.22,"9,084",0,0.00,"130,711","289,859",0,"78,926",0.21,1.00,0.74
0.23,"9,198",0,0.00,"139,909","280,661",0,"78,926",0.22,1.00,0.72
0.24,"9,278",0,0.00,"149,187","271,383",0,"78,926",0.23,1.00,0.70
0.25,"9,426",0,0.00,"158,613","261,957",0,"78,926",0.23,1.00,0.68
0.26,"9,374",0,0.00,"167,987","252,583",0,"78,926",0.24,1.00,0.66
0.27,"9,382",0,0.00,"177,369","243,201",0,"78,926",0.25,1.00,0.64
0.28,"9,481",0,0.00,"186,850","233,720",0,"78,926",0.25,1.00,0.63
0.29,"9,391",0,0.00,"196,241","224,329",0,"78,926",0.26,1.00,0.61
0.3,"9,308",0,0.00,"205,549","215,021",0,"78,926",0.27,1.00,0.59
0.31,"9,024",0,0.00,"214,573","205,997",0,"78,926",0.28,1.00,0.57
0.32,"9,090",0,0.00,"223,663","196,907",0,"78,926",0.29,1.00,0.55
0.33,"9,060",0,0.00,"232,723","187,847",0,"78,926",0.30,1.00,0.53
0.34,"8,961",0,0.00,"241,684","178,886",0,"78,926",0.31,1.00,0.52
0.35,"8,953",0,0.00,"250,637","169,933",0,"78,926",0.32,1.00,0.50
0.36,"8,746",0,0.00,"259,383","161,187",0,"78,926",0.33,1.00,0.48
0.37,"8,443",0,0.00,"267,826","152,744",0,"78,926",0.34,1.00,0.46
0.38,"8,249",0,0.00,"276,075","144,495",0,"78,926",0.35,1.00,0.45
0.39,"8,323",0,0.00,"284,398","136,172",0,"78,926",0.37,1.00,0.43
0.4,"7,984",0,0.00,"292,382","128,188",0,"78,926",0.38,1.00,0.41
0.41,561,0,0.00,"292,943","127,627",0,"78,926",0.38,1.00,0.41
0.42,"7,669",0,0.00,"300,612","119,958",0,"78,926",0.40,1.00,0.40
0.43,"7,336",0,0.00,"307,948","112,622",0,"78,926",0.41,1.00,0.38
0.44,"7,302",0,0.00,"315,250","105,320",0,"78,926",0.43,1.00,0.37
0.45,"6,711",0,0.00,"321,961","98,609",0,"78,926",0.44,1.00,0.36
0.46,"6,838",0,0.00,"328,799","91,771",0,"78,926",0.46,1.00,0.34
0.47,"6,312",0,0.00,"335,111","85,459",0,"78,926",0.48,1.00,0.33
0.48,"6,164",1,0.00,"341,275","79,295",1,"78,925",0.50,1.00,0.32
0.49,"5,847",2,0.00,"347,122","73,448",3,"78,923",0.52,1.00,0.31
0.5,"5,399",0,0.00,"352,521","68,049",3,"78,923",0.54,1.00,0.29
0.51,"5,140",1,0.00,"357,661","62,909",4,"78,922",0.56,1.00,0.28
0.52,"4,937",2,0.00,"362,598","57,972",6,"78,920",0.58,1.00,0.27
0.53,"4,771",3,0.00,"367,369","53,201",9,"78,917",0.60,1.00,0.26
0.54,"4,521",3,0.00,"371,890","48,680",12,"78,914",0.62,1.00,0.26
0.55,"4,237",7,0.00,"376,127","44,443",19,"78,907",0.64,1.00,0.25
0.56,"3,961",8,0.00,"380,088","40,482",27,"78,899",0.66,1.00,0.24
0.57,"3,670",11,0.00,"383,758","36,812",38,"78,888",0.68,1.00,0.23
0.58,"3,368",24,0.01,"387,126","33,444",62,"78,864",0.70,1.00,0.22
0.59,"3,210",27,0.01,"390,336","30,234",89,"78,837",0.72,1.00,0.22
0.6,"2,947",49,0.02,"393,283","27,287",138,"78,788",0.74,1.00,0.21
0.61,228,10,0.04,"393,511","27,059",148,"78,778",0.74,1.00,0.21
0.62,"2,721",79,0.03,"396,232","24,338",227,"78,699",0.76,1.00,0.21
0.63,"2,504",130,0.05,"398,736","21,834",357,"78,569",0.78,1.00,0.20
0.64,"2,270",147,0.06,"401,006","19,564",504,"78,422",0.80,0.99,0.20
0.65,"2,076",165,0.07,"403,082","17,488",669,"78,257",0.82,0.99,0.19
0.66,"1,942",267,0.12,"405,024","15,546",936,"77,990",0.83,0.99,0.19
0.67,"1,731",338,0.16,"406,755","13,815","1,274","77,652",0.85,0.98,0.18
0.68,"1,592",444,0.22,"408,347","12,223","1,718","77,208",0.86,0.98,0.18
0.69,"1,460",509,0.26,"409,807","10,763","2,227","76,699",0.88,0.97,0.18
0.7,"1,304",640,0.33,"411,111","9,459","2,867","76,059",0.89,0.96,0.17
0.71,"1,173",800,0.41,"412,284","8,286","3,667","75,259",0.90,0.95,0.17
0.72,"1,015",912,0.47,"413,299","7,271","4,579","74,347",0.91,0.94,0.16
0.73,962,"1,052",0.52,"414,261","6,309","5,631","73,295",0.92,0.93,0.16
0.74,921,"1,326",0.59,"415,182","5,388","6,957","71,969",0.93,0.91,0.15
0.75,805,"1,499",0.65,"415,987","4,583","8,456","70,470",0.94,0.89,0.15
0.76,696,"1,688",0.71,"416,683","3,887","10,144","68,782",0.95,0.87,0.15
0.77,580,"1,876",0.76,"417,263","3,307","12,020","66,906",0.95,0.85,0.14
0.78,539,"2,073",0.79,"417,802","2,768","14,093","64,833",0.96,0.82,0.14
0.79,496,"2,406",0.83,"418,298","2,272","16,499","62,427",0.96,0.79,0.13
0.8,442,"2,676",0.86,"418,740","1,830","19,175","59,751",0.97,0.76,0.12
0.81,70,148,0.68,"418,810","1,760","19,323","59,603",0.97,0.76,0.12
0.82,401,"2,981",0.88,"419,211","1,359","22,304","56,622",0.98,0.72,0.12
0.83,322,"3,063",0.90,"419,533","1,037","25,367","53,559",0.98,0.68,0.11
0.84,254,"3,271",0.93,"419,787",783,"28,638","50,288",0.98,0.64,0.10
0.85,218,"3,392",0.94,"420,005",565,"32,030","46,896",0.99,0.59,0.10
0.86,146,"3,562",0.96,"420,151",419,"35,592","43,334",0.99,0.55,0.09
0.87,122,"3,666",0.97,"420,273",297,"39,258","39,668",0.99,0.50,0.08
0.88,88,"3,666",0.98,"420,361",209,"42,924","36,002",0.99,0.46,0.07
0.89,62,"3,674",0.98,"420,423",147,"46,598","32,328",1.00,0.41,0.07
0.9,49,"3,648",0.99,"420,472",98,"50,246","28,680",1.00,0.36,0.06
0.91,30,"3,525",0.99,"420,502",68,"53,771","25,155",1.00,0.32,0.05
0.92,23,"3,460",0.99,"420,525",45,"57,231","21,695",1.00,0.27,0.04
0.93,20,"3,447",0.99,"420,545",25,"60,678","18,248",1.00,0.23,0.04
0.94,3,"3,186",1.00,"420,548",22,"63,864","15,062",1.00,0.19,0.03
0.95,9,"3,049",1.00,"420,557",13,"66,913","12,013",1.00,0.15,0.02
0.96,4,"2,976",1.00,"420,561",9,"69,889","9,037",1.00,0.11,0.02
0.97,8,"2,811",1.00,"420,569",1,"72,700","6,226",1.00,0.08,0.01
0.98,1,"2,407",1.00,"420,570",0,"75,107","3,819",1.00,0.05,0.01
0.99,0,"1,899",1.00,"420,570",0,"77,006","1,920",1.00,0.02,0.00
1.0,0,"1,920",1.00,"420,570",0,"78,926",0,nan,0.00,0.00
