p,Neg,Pos,mPrec,TN,FP,FN,TP,Prec,Rec,$\hat{p}$
0.0,"1,966",39,0.02,"1,966","178,279",39,"33,786",0.16,1.00,0.99
0.1,"10,971",425,0.04,"12,937","167,308",464,"33,361",0.17,0.99,0.94
0.2,"22,890","1,237",0.05,"35,827","144,418","1,701","32,124",0.18,0.95,0.82
0.3,"31,049","2,521",0.08,"66,876","113,369","4,222","29,603",0.21,0.88,0.67
0.4,"32,058","3,799",0.11,"98,934","81,311","8,021","25,804",0.24,0.76,0.50
0.5,"27,525","4,732",0.15,"126,459","53,786","12,753","21,072",0.28,0.62,0.35
0.6,"20,609","4,888",0.19,"147,068","33,177","17,641","16,184",0.33,0.48,0.23
0.7,"14,294","4,835",0.25,"161,362","18,883","22,476","11,349",0.38,0.34,0.14
0.8,"9,905","4,574",0.32,"171,267","8,978","27,050","6,775",0.43,0.20,0.07
0.9,"6,183","4,065",0.40,"177,450","2,795","31,115","2,710",0.49,0.08,0.03
1.0,"2,795","2,710",0.49,"180,245",0,"33,825",0,nan,0.00,0.00
