p,Neg,Pos,Neg/Pos,TN,FP,FN,TP,FP/TP,Prec.,Rec.,$\hat{p}$
0.0,135,0,inf,135,"180,110",0,"33,825",5.32,0.16,1.00,1.00
0.05,"2,289",18,127.17,"2,424","177,821",18,"33,807",5.26,0.16,1.00,0.99
0.1,"6,002",76,78.97,"8,426","171,819",94,"33,731",5.09,0.16,1.00,0.96
0.15,"9,789",181,54.08,"18,215","162,030",275,"33,550",4.83,0.17,0.99,0.91
0.2,"12,579",341,36.89,"30,794","149,451",616,"33,209",4.50,0.18,0.98,0.85
0.25,"14,950",595,25.13,"45,744","134,501","1,211","32,614",4.12,0.20,0.96,0.78
0.3,"16,085",824,19.52,"61,829","118,416","2,035","31,790",3.72,0.21,0.94,0.70
0.35,"16,819","1,218",13.81,"78,648","101,597","3,253","30,572",3.32,0.23,0.90,0.62
0.4,"16,613","1,489",11.16,"95,261","84,984","4,742","29,083",2.92,0.25,0.86,0.53
0.45,"15,873","1,924",8.25,"111,134","69,111","6,666","27,159",2.54,0.28,0.80,0.45
0.5,"14,745","2,206",6.68,"125,879","54,366","8,872","24,953",2.18,0.31,0.74,0.37
0.55,"13,222","2,495",5.30,"139,101","41,144","11,367","22,458",1.83,0.35,0.66,0.30
0.6,"11,579","2,754",4.20,"150,680","29,565","14,121","19,704",1.50,0.40,0.58,0.23
0.65,"9,304","2,956",3.15,"159,984","20,261","17,077","16,748",1.21,0.45,0.50,0.17
0.7,"7,194","3,085",2.33,"167,178","13,067","20,162","13,663",0.96,0.51,0.40,0.12
0.75,"5,364","3,098",1.73,"172,542","7,703","23,260","10,565",0.73,0.58,0.31,0.09
0.8,"3,514","2,937",1.20,"176,056","4,189","26,197","7,628",0.55,0.65,0.23,0.06
0.85,"2,137","2,771",0.77,"178,193","2,052","28,968","4,857",0.42,0.70,0.14,0.03
0.9,"1,293","2,477",0.52,"179,486",759,"31,445","2,380",0.32,0.76,0.07,0.01
0.95,638,"1,810",0.35,"180,124",121,"33,255",570,0.21,0.82,0.02,0.00
1.0,121,570,0.21,"180,245",0,"33,825",0,nan,nan,0.00,0.00
