p,Neg,Pos,mPrec,TN,FP,FN,TP,Prec,Rec,$\hat{p}$
0.0,"7,387",0,0.00,"7,387","413,183",0,"78,926",0.16,1.00,0.99
0.01,"1,311",0,0.00,"8,698","411,872",0,"78,926",0.16,1.00,0.98
0.02,"1,274",0,0.00,"9,972","410,598",0,"78,926",0.16,1.00,0.98
0.03,"1,318",0,0.00,"11,290","409,280",0,"78,926",0.16,1.00,0.98
0.04,"1,270",0,0.00,"12,560","408,010",0,"78,926",0.16,1.00,0.97
0.05,"1,300",0,0.00,"13,860","406,710",0,"78,926",0.16,1.00,0.97
0.06,"1,445",0,0.00,"15,305","405,265",0,"78,926",0.16,1.00,0.97
0.07,"1,448",0,0.00,"16,753","403,817",0,"78,926",0.16,1.00,0.97
0.08,"1,331",0,0.00,"18,084","402,486",0,"78,926",0.16,1.00,0.96
0.09,"1,349",0,0.00,"19,433","401,137",0,"78,926",0.16,1.00,0.96
0.1,"1,614",0,0.00,"21,047","399,523",0,"78,926",0.16,1.00,0.96
0.11,"1,347",0,0.00,"22,394","398,176",0,"78,926",0.17,1.00,0.96
0.12,"1,134",0,0.00,"23,528","397,042",0,"78,926",0.17,1.00,0.95
0.13,"1,622",1,0.00,"25,150","395,420",1,"78,925",0.17,1.00,0.95
0.14,"1,459",0,0.00,"26,609","393,961",1,"78,925",0.17,1.00,0.95
0.15,"1,596",0,0.00,"28,205","392,365",1,"78,925",0.17,1.00,0.94
0.16,"1,350",1,0.00,"29,555","391,015",2,"78,924",0.17,1.00,0.94
0.17,"1,593",4,0.00,"31,148","389,422",6,"78,920",0.17,1.00,0.94
0.18,"1,684",2,0.00,"32,832","387,738",8,"78,918",0.17,1.00,0.93
0.19,"1,497",2,0.00,"34,329","386,241",10,"78,916",0.17,1.00,0.93
0.2,"1,337",2,0.00,"35,666","384,904",12,"78,914",0.17,1.00,0.93
0.21,"1,636",3,0.00,"37,302","383,268",15,"78,911",0.17,1.00,0.93
0.22,"1,454",4,0.00,"38,756","381,814",19,"78,907",0.17,1.00,0.92
0.23,"1,556",2,0.00,"40,312","380,258",21,"78,905",0.17,1.00,0.92
0.24,"1,468",2,0.00,"41,780","378,790",23,"78,903",0.17,1.00,0.92
0.25,"1,656",4,0.00,"43,436","377,134",27,"78,899",0.17,1.00,0.91
0.26,"1,579",7,0.00,"45,015","375,555",34,"78,892",0.17,1.00,0.91
0.27,"1,560",5,0.00,"46,575","373,995",39,"78,887",0.17,1.00,0.91
0.28,"1,791",11,0.01,"48,366","372,204",50,"78,876",0.17,1.00,0.90
0.29,"1,997",16,0.01,"50,363","370,207",66,"78,860",0.18,1.00,0.90
0.3,"1,583",9,0.01,"51,946","368,624",75,"78,851",0.18,1.00,0.90
0.31,"1,612",10,0.01,"53,558","367,012",85,"78,841",0.18,1.00,0.89
0.32,"1,876",19,0.01,"55,434","365,136",104,"78,822",0.18,1.00,0.89
0.33,"1,703",22,0.01,"57,137","363,433",126,"78,800",0.18,1.00,0.89
0.34,"1,794",21,0.01,"58,931","361,639",147,"78,779",0.18,1.00,0.88
0.35,"2,582",42,0.02,"61,513","359,057",189,"78,737",0.18,1.00,0.88
0.36,"1,869",28,0.01,"63,382","357,188",217,"78,709",0.18,1.00,0.87
0.37,"1,999",34,0.02,"65,381","355,189",251,"78,675",0.18,1.00,0.87
0.38,"2,021",43,0.02,"67,402","353,168",294,"78,632",0.18,1.00,0.86
0.39,"2,291",43,0.02,"69,693","350,877",337,"78,589",0.18,1.00,0.86
0.4,"2,467",55,0.02,"72,160","348,410",392,"78,534",0.18,1.00,0.85
0.41,"2,535",64,0.02,"74,695","345,875",456,"78,470",0.18,0.99,0.85
0.42,"2,097",54,0.03,"76,792","343,778",510,"78,416",0.19,0.99,0.85
0.43,"2,324",73,0.03,"79,116","341,454",583,"78,343",0.19,0.99,0.84
0.44,"2,319",71,0.03,"81,435","339,135",654,"78,272",0.19,0.99,0.84
0.45,"2,416",85,0.03,"83,851","336,719",739,"78,187",0.19,0.99,0.83
0.46,"3,354",128,0.04,"87,205","333,365",867,"78,059",0.19,0.99,0.82
0.47,"3,162",125,0.04,"90,367","330,203",992,"77,934",0.19,0.99,0.82
0.48,"2,533",110,0.04,"92,900","327,670","1,102","77,824",0.19,0.99,0.81
0.49,"3,014",135,0.04,"95,914","324,656","1,237","77,689",0.19,0.98,0.81
0.5,"2,227",104,0.04,"98,141","322,429","1,341","77,585",0.19,0.98,0.80
0.51,"4,212",205,0.05,"102,353","318,217","1,546","77,380",0.20,0.98,0.79
0.52,"2,707",145,0.05,"105,060","315,510","1,691","77,235",0.20,0.98,0.79
0.53,"2,751",172,0.06,"107,811","312,759","1,863","77,063",0.20,0.98,0.78
0.54,"3,957",219,0.05,"111,768","308,802","2,082","76,844",0.20,0.97,0.77
0.55,"4,223",247,0.06,"115,991","304,579","2,329","76,597",0.20,0.97,0.76
0.56,"4,505",282,0.06,"120,496","300,074","2,611","76,315",0.20,0.97,0.75
0.57,"3,780",262,0.06,"124,276","296,294","2,873","76,053",0.20,0.96,0.75
0.58,"3,379",241,0.07,"127,655","292,915","3,114","75,812",0.21,0.96,0.74
0.59,"4,320",333,0.07,"131,975","288,595","3,447","75,479",0.21,0.96,0.73
0.6,"4,449",355,0.07,"136,424","284,146","3,802","75,124",0.21,0.95,0.72
0.61,"4,591",378,0.08,"141,015","279,555","4,180","74,746",0.21,0.95,0.71
0.62,"5,264",452,0.08,"146,279","274,291","4,632","74,294",0.21,0.94,0.70
0.63,"4,919",452,0.08,"151,198","269,372","5,084","73,842",0.22,0.94,0.69
0.64,"3,991",405,0.09,"155,189","265,381","5,489","73,437",0.22,0.93,0.68
0.65,"5,685",572,0.09,"160,874","259,696","6,061","72,865",0.22,0.92,0.67
0.66,"6,516",676,0.09,"167,390","253,180","6,737","72,189",0.22,0.91,0.65
0.67,"5,371",594,0.10,"172,761","247,809","7,331","71,595",0.22,0.91,0.64
0.68,"5,467",632,0.10,"178,228","242,342","7,963","70,963",0.23,0.90,0.63
0.69,"6,350",775,0.11,"184,578","235,992","8,738","70,188",0.23,0.89,0.61
0.7,"6,904",869,0.11,"191,482","229,088","9,607","69,319",0.23,0.88,0.60
0.71,"6,878",912,0.12,"198,360","222,210","10,519","68,407",0.24,0.87,0.58
0.72,"7,476","1,016",0.12,"205,836","214,734","11,535","67,391",0.24,0.85,0.56
0.73,"7,001","1,002",0.13,"212,837","207,733","12,537","66,389",0.24,0.84,0.55
0.74,"6,469","1,000",0.13,"219,306","201,264","13,537","65,389",0.25,0.83,0.53
0.75,"7,512","1,173",0.14,"226,818","193,752","14,710","64,216",0.25,0.81,0.52
0.76,"9,093","1,468",0.14,"235,911","184,659","16,178","62,748",0.25,0.80,0.50
0.77,"9,154","1,544",0.14,"245,065","175,505","17,722","61,204",0.26,0.78,0.47
0.78,"9,042","1,604",0.15,"254,107","166,463","19,326","59,600",0.26,0.76,0.45
0.79,"10,489","1,914",0.15,"264,596","155,974","21,240","57,686",0.27,0.73,0.43
0.8,"10,149","1,934",0.16,"274,745","145,825","23,174","55,752",0.28,0.71,0.40
0.81,"11,535","2,320",0.17,"286,280","134,290","25,494","53,432",0.28,0.68,0.38
0.82,"12,115","2,593",0.18,"298,395","122,175","28,087","50,839",0.29,0.64,0.35
0.83,"12,068","2,753",0.19,"310,463","110,107","30,840","48,086",0.30,0.61,0.32
0.84,"11,586","2,766",0.19,"322,049","98,521","33,606","45,320",0.32,0.57,0.29
0.85,"12,195","3,168",0.21,"334,244","86,326","36,774","42,152",0.33,0.53,0.26
0.86,"12,108","3,360",0.22,"346,352","74,218","40,134","38,792",0.34,0.49,0.23
0.87,"10,405","3,238",0.24,"356,757","63,813","43,372","35,554",0.36,0.45,0.20
0.88,"11,270","3,746",0.25,"368,027","52,543","47,118","31,808",0.38,0.40,0.17
0.89,"9,755","3,560",0.27,"377,782","42,788","50,678","28,248",0.40,0.36,0.14
0.9,"9,158","3,735",0.29,"386,940","33,630","54,413","24,513",0.42,0.31,0.12
0.91,"8,751","4,035",0.32,"395,691","24,879","58,448","20,478",0.45,0.26,0.09
0.92,"7,943","4,157",0.34,"403,634","16,936","62,605","16,321",0.49,0.21,0.07
0.93,"5,999","3,673",0.38,"409,633","10,937","66,278","12,648",0.54,0.16,0.05
0.94,"4,201","3,093",0.42,"413,834","6,736","69,371","9,555",0.59,0.12,0.03
0.95,"2,973","2,706",0.48,"416,807","3,763","72,077","6,849",0.65,0.09,0.02
0.96,"2,061","2,383",0.54,"418,868","1,702","74,460","4,466",0.72,0.06,0.01
0.97,"1,066","1,804",0.63,"419,934",636,"76,264","2,662",0.81,0.03,0.01
0.98,454,"1,259",0.73,"420,388",182,"77,523","1,403",0.89,0.02,0.00
0.99,180,"1,026",0.85,"420,568",2,"78,549",377,0.99,0.00,0.00
1.0,2,377,0.99,"420,570",0,"78,926",0,nan,0.00,0.00
