p,Neg,Pos,mPrec,TN,FP,FN,TP,Prec,Rec,FP/P,$\hat{p}$
0.0,"6,306",48,0.01,"6,306","594,509",48,"112,703",0.16,1.00,5.27,0.99
0.01,27,0,0.00,"6,333","594,482",48,"112,703",0.16,1.00,5.27,0.99
0.02,"2,684",27,0.01,"9,017","591,798",75,"112,676",0.16,1.00,5.25,0.99
0.03,"3,082",37,0.01,"12,099","588,716",112,"112,639",0.16,1.00,5.22,0.98
0.04,"3,751",48,0.01,"15,850","584,965",160,"112,591",0.16,1.00,5.19,0.98
0.05,"4,468",61,0.01,"20,318","580,497",221,"112,530",0.16,1.00,5.15,0.97
0.06,"4,959",64,0.01,"25,277","575,538",285,"112,466",0.16,1.00,5.10,0.96
0.07,"5,459",90,0.02,"30,736","570,079",375,"112,376",0.16,1.00,5.06,0.96
0.08,"6,086",95,0.02,"36,822","563,993",470,"112,281",0.17,1.00,5.00,0.95
0.09,"6,572",116,0.02,"43,394","557,421",586,"112,165",0.17,0.99,4.94,0.94
0.1,"7,162",129,0.02,"50,556","550,259",715,"112,036",0.17,0.99,4.88,0.93
0.11,"7,471",169,0.02,"58,027","542,788",884,"111,867",0.17,0.99,4.81,0.92
0.12,"7,836",171,0.02,"65,863","534,952","1,055","111,696",0.17,0.99,4.74,0.91
0.13,"8,419",196,0.02,"74,282","526,533","1,251","111,500",0.17,0.99,4.67,0.89
0.14,"8,701",210,0.02,"82,983","517,832","1,461","111,290",0.18,0.99,4.59,0.88
0.15,429,11,0.03,"83,412","517,403","1,472","111,279",0.18,0.99,4.59,0.88
0.16,"9,024",258,0.03,"92,436","508,379","1,730","111,021",0.18,0.98,4.51,0.87
0.17,"9,298",301,0.03,"101,734","499,081","2,031","110,720",0.18,0.98,4.43,0.85
0.18,"9,659",292,0.03,"111,393","489,422","2,323","110,428",0.18,0.98,4.34,0.84
0.19,"10,059",306,0.03,"121,452","479,363","2,629","110,122",0.19,0.98,4.25,0.83
0.2,"10,066",367,0.04,"131,518","469,297","2,996","109,755",0.19,0.97,4.16,0.81
0.21,"10,521",423,0.04,"142,039","458,776","3,419","109,332",0.19,0.97,4.07,0.80
0.22,"10,589",453,0.04,"152,628","448,187","3,872","108,879",0.20,0.97,3.98,0.78
0.23,"10,971",462,0.04,"163,599","437,216","4,334","108,417",0.20,0.96,3.88,0.76
0.24,"10,887",504,0.04,"174,486","426,329","4,838","107,913",0.20,0.96,3.78,0.75
0.25,"11,357",560,0.05,"185,843","414,972","5,398","107,353",0.21,0.95,3.68,0.73
0.26,"11,433",630,0.05,"197,276","403,539","6,028","106,723",0.21,0.95,3.58,0.72
0.27,"11,421",617,0.05,"208,697","392,118","6,645","106,106",0.21,0.94,3.48,0.70
0.28,"11,707",691,0.06,"220,404","380,411","7,336","105,415",0.22,0.93,3.37,0.68
0.29,849,37,0.04,"221,253","379,562","7,373","105,378",0.22,0.93,3.37,0.68
0.3,"11,626",760,0.06,"232,879","367,936","8,133","104,618",0.22,0.93,3.26,0.66
0.31,"11,808",767,0.06,"244,687","356,128","8,900","103,851",0.23,0.92,3.16,0.64
0.32,"11,954",795,0.06,"256,641","344,174","9,695","103,056",0.23,0.91,3.05,0.63
0.33,"11,753",881,0.07,"268,394","332,421","10,576","102,175",0.24,0.91,2.95,0.61
0.34,"11,677",949,0.08,"280,071","320,744","11,525","101,226",0.24,0.90,2.84,0.59
0.35,"11,699","1,018",0.08,"291,770","309,045","12,543","100,208",0.24,0.89,2.74,0.57
0.36,"11,401","1,007",0.08,"303,171","297,644","13,550","99,201",0.25,0.88,2.64,0.56
0.37,"11,553","1,115",0.09,"314,724","286,091","14,665","98,086",0.26,0.87,2.54,0.54
0.38,"11,417","1,079",0.09,"326,141","274,674","15,744","97,007",0.26,0.86,2.44,0.52
0.39,"11,373","1,153",0.09,"337,514","263,301","16,897","95,854",0.27,0.85,2.34,0.50
0.4,"11,086","1,210",0.10,"348,600","252,215","18,107","94,644",0.27,0.84,2.24,0.49
0.41,"11,223","1,290",0.10,"359,823","240,992","19,397","93,354",0.28,0.83,2.14,0.47
0.42,"10,996","1,356",0.11,"370,819","229,996","20,753","91,998",0.29,0.82,2.04,0.45
0.43,901,103,0.10,"371,720","229,095","20,856","91,895",0.29,0.82,2.03,0.45
0.44,"10,744","1,430",0.12,"382,464","218,351","22,286","90,465",0.29,0.80,1.94,0.43
0.45,"10,422","1,452",0.12,"392,886","207,929","23,738","89,013",0.30,0.79,1.84,0.42
0.46,"10,456","1,505",0.13,"403,342","197,473","25,243","87,508",0.31,0.78,1.75,0.40
0.47,"9,878","1,623",0.14,"413,220","187,595","26,866","85,885",0.31,0.76,1.66,0.38
0.48,"9,593","1,552",0.14,"422,813","178,002","28,418","84,333",0.32,0.75,1.58,0.37
0.49,"9,483","1,643",0.15,"432,296","168,519","30,061","82,690",0.33,0.73,1.49,0.35
0.5,"8,994","1,631",0.15,"441,290","159,525","31,692","81,059",0.34,0.72,1.41,0.34
0.51,"9,100","1,734",0.16,"450,390","150,425","33,426","79,325",0.35,0.70,1.33,0.32
0.52,"8,781","1,846",0.17,"459,171","141,644","35,272","77,479",0.35,0.69,1.26,0.31
0.53,"8,204","1,813",0.18,"467,375","133,440","37,085","75,666",0.36,0.67,1.18,0.29
0.54,"8,283","1,830",0.18,"475,658","125,157","38,915","73,836",0.37,0.65,1.11,0.28
0.55,"7,770","1,863",0.19,"483,428","117,387","40,778","71,973",0.38,0.64,1.04,0.27
0.56,"7,595","2,000",0.21,"491,023","109,792","42,778","69,973",0.39,0.62,0.97,0.25
0.57,"7,236","1,938",0.21,"498,259","102,556","44,716","68,035",0.40,0.60,0.91,0.24
0.58,590,188,0.24,"498,849","101,966","44,904","67,847",0.40,0.60,0.90,0.24
0.59,"6,886","1,946",0.22,"505,735","95,080","46,850","65,901",0.41,0.58,0.84,0.23
0.6,"6,557","2,134",0.25,"512,292","88,523","48,984","63,767",0.42,0.57,0.79,0.21
0.61,"6,297","1,989",0.24,"518,589","82,226","50,973","61,778",0.43,0.55,0.73,0.20
0.62,"5,953","1,938",0.25,"524,542","76,273","52,911","59,840",0.44,0.53,0.68,0.19
0.63,"5,703","2,014",0.26,"530,245","70,570","54,925","57,826",0.45,0.51,0.63,0.18
0.64,"5,492","2,047",0.27,"535,737","65,078","56,972","55,779",0.46,0.49,0.58,0.17
0.65,"4,880","1,970",0.29,"540,617","60,198","58,942","53,809",0.47,0.48,0.53,0.16
0.66,"4,886","2,074",0.30,"545,503","55,312","61,016","51,735",0.48,0.46,0.49,0.15
0.67,"4,459","1,990",0.31,"549,962","50,853","63,006","49,745",0.49,0.44,0.45,0.14
0.68,"4,298","2,090",0.33,"554,260","46,555","65,096","47,655",0.51,0.42,0.41,0.13
0.69,"4,019","1,954",0.33,"558,279","42,536","67,050","45,701",0.52,0.41,0.38,0.12
0.7,"3,803","2,021",0.35,"562,082","38,733","69,071","43,680",0.53,0.39,0.34,0.12
0.71,"3,407","1,882",0.36,"565,489","35,326","70,953","41,798",0.54,0.37,0.31,0.11
0.72,292,190,0.39,"565,781","35,034","71,143","41,608",0.54,0.37,0.31,0.11
0.73,"3,200","1,935",0.38,"568,981","31,834","73,078","39,673",0.55,0.35,0.28,0.10
0.74,"2,955","1,924",0.39,"571,936","28,879","75,002","37,749",0.57,0.33,0.26,0.09
0.75,"2,719","1,892",0.41,"574,655","26,160","76,894","35,857",0.58,0.32,0.23,0.09
0.76,"2,494","1,842",0.42,"577,149","23,666","78,736","34,015",0.59,0.30,0.21,0.08
0.77,"2,337","1,774",0.43,"579,486","21,329","80,510","32,241",0.60,0.29,0.19,0.08
0.78,"2,126","1,811",0.46,"581,612","19,203","82,321","30,430",0.61,0.27,0.17,0.07
0.79,"1,963","1,812",0.48,"583,575","17,240","84,133","28,618",0.62,0.25,0.15,0.06
0.8,"1,746","1,692",0.49,"585,321","15,494","85,825","26,926",0.63,0.24,0.14,0.06
0.81,"1,738","1,698",0.49,"587,059","13,756","87,523","25,228",0.65,0.22,0.12,0.05
0.82,"1,515","1,699",0.53,"588,574","12,241","89,222","23,529",0.66,0.21,0.11,0.05
0.83,"1,502","1,732",0.54,"590,076","10,739","90,954","21,797",0.67,0.19,0.10,0.05
0.84,"1,288","1,657",0.56,"591,364","9,451","92,611","20,140",0.68,0.18,0.08,0.04
0.85,"1,202","1,678",0.58,"592,566","8,249","94,289","18,462",0.69,0.16,0.07,0.04
0.86,85,146,0.63,"592,651","8,164","94,435","18,316",0.69,0.16,0.07,0.04
0.87,"1,140","1,693",0.60,"593,791","7,024","96,128","16,623",0.70,0.15,0.06,0.03
0.88,982,"1,552",0.61,"594,773","6,042","97,680","15,071",0.71,0.13,0.05,0.03
0.89,913,"1,559",0.63,"595,686","5,129","99,239","13,512",0.72,0.12,0.05,0.03
0.9,813,"1,527",0.65,"596,499","4,316","100,766","11,985",0.74,0.11,0.04,0.02
0.91,696,"1,508",0.68,"597,195","3,620","102,274","10,477",0.74,0.09,0.03,0.02
0.92,626,"1,477",0.70,"597,821","2,994","103,751","9,000",0.75,0.08,0.03,0.02
0.93,558,"1,369",0.71,"598,379","2,436","105,120","7,631",0.76,0.07,0.02,0.01
0.94,504,"1,272",0.72,"598,883","1,932","106,392","6,359",0.77,0.06,0.02,0.01
0.95,437,"1,239",0.74,"599,320","1,495","107,631","5,120",0.77,0.05,0.01,0.01
0.96,402,"1,153",0.74,"599,722","1,093","108,784","3,967",0.78,0.04,0.01,0.01
0.97,322,"1,059",0.77,"600,044",771,"109,843","2,908",0.79,0.03,0.01,0.01
0.98,268,856,0.76,"600,312",503,"110,699","2,052",0.80,0.02,0.00,0.00
0.99,205,754,0.79,"600,517",298,"111,453","1,298",0.81,0.01,0.00,0.00
1.0,298,"1,298",0.81,"600,815",0,"112,751",0,nan,0.00,0.00,0.00
