p,Neg,Pos,mPrec,TN,FP,FN,TP,Prec,Rec,$\hat{p}$
0.0,"4,545",0,0.00,"4,545","416,025",0,"78,926",0.16,1.00,0.99
0.01,705,0,0.00,"5,250","415,320",0,"78,926",0.16,1.00,0.99
0.02,"1,895",0,0.00,"7,145","413,425",0,"78,926",0.16,1.00,0.99
0.03,"2,193",0,0.00,"9,338","411,232",0,"78,926",0.16,1.00,0.98
0.04,"2,782",0,0.00,"12,120","408,450",0,"78,926",0.16,1.00,0.98
0.05,"2,928",0,0.00,"15,048","405,522",0,"78,926",0.16,1.00,0.97
0.06,"3,377",0,0.00,"18,425","402,145",0,"78,926",0.16,1.00,0.96
0.07,"3,624",0,0.00,"22,049","398,521",0,"78,926",0.17,1.00,0.96
0.08,"4,180",0,0.00,"26,229","394,341",0,"78,926",0.17,1.00,0.95
0.09,"4,709",0,0.00,"30,938","389,632",0,"78,926",0.17,1.00,0.94
0.1,"4,930",0,0.00,"35,868","384,702",0,"78,926",0.17,1.00,0.93
0.11,"5,680",0,0.00,"41,548","379,022",0,"78,926",0.17,1.00,0.92
0.12,"5,946",0,0.00,"47,494","373,076",0,"78,926",0.17,1.00,0.90
0.13,"6,354",0,0.00,"53,848","366,722",0,"78,926",0.18,1.00,0.89
0.14,"6,782",0,0.00,"60,630","359,940",0,"78,926",0.18,1.00,0.88
0.15,"7,189",0,0.00,"67,819","352,751",0,"78,926",0.18,1.00,0.86
0.16,"7,418",0,0.00,"75,237","345,333",0,"78,926",0.19,1.00,0.85
0.17,"4,767",0,0.00,"80,004","340,566",0,"78,926",0.19,1.00,0.84
0.18,"7,750",0,0.00,"87,754","332,816",0,"78,926",0.19,1.00,0.82
0.19,"7,974",0,0.00,"95,728","324,842",0,"78,926",0.20,1.00,0.81
0.2,"7,427",0,0.00,"103,155","317,415",0,"78,926",0.20,1.00,0.79
0.21,"8,510",0,0.00,"111,665","308,905",0,"78,926",0.20,1.00,0.78
0.22,"8,399",0,0.00,"120,064","300,506",0,"78,926",0.21,1.00,0.76
0.23,"8,787",0,0.00,"128,851","291,719",0,"78,926",0.21,1.00,0.74
0.24,"8,922",0,0.00,"137,773","282,797",0,"78,926",0.22,1.00,0.72
0.25,"9,265",0,0.00,"147,038","273,532",0,"78,926",0.22,1.00,0.71
0.26,"9,400",0,0.00,"156,438","264,132",0,"78,926",0.23,1.00,0.69
0.27,"9,327",0,0.00,"165,765","254,805",0,"78,926",0.24,1.00,0.67
0.28,"9,355",0,0.00,"175,120","245,450",0,"78,926",0.24,1.00,0.65
0.29,"9,409",0,0.00,"184,529","236,041",0,"78,926",0.25,1.00,0.63
0.3,"9,379",0,0.00,"193,908","226,662",0,"78,926",0.26,1.00,0.61
0.31,"9,504",0,0.00,"203,412","217,158",0,"78,926",0.27,1.00,0.59
0.32,"9,338",0,0.00,"212,750","207,820",0,"78,926",0.28,1.00,0.57
0.33,"9,072",0,0.00,"221,822","198,748",0,"78,926",0.28,1.00,0.56
0.34,"6,088",0,0.00,"227,910","192,660",0,"78,926",0.29,1.00,0.54
0.35,"8,265",0,0.00,"236,175","184,395",0,"78,926",0.30,1.00,0.53
0.36,"7,553",0,0.00,"243,728","176,842",0,"78,926",0.31,1.00,0.51
0.37,"8,285",1,0.00,"252,013","168,557",1,"78,925",0.32,1.00,0.50
0.38,"7,735",0,0.00,"259,748","160,822",1,"78,925",0.33,1.00,0.48
0.39,"7,606",0,0.00,"267,354","153,216",1,"78,925",0.34,1.00,0.46
0.4,"7,604",0,0.00,"274,958","145,612",1,"78,925",0.35,1.00,0.45
0.41,"7,364",2,0.00,"282,322","138,248",3,"78,923",0.36,1.00,0.43
0.42,"7,176",2,0.00,"289,498","131,072",5,"78,921",0.38,1.00,0.42
0.43,"7,083",0,0.00,"296,581","123,989",5,"78,921",0.39,1.00,0.41
0.44,"6,639",2,0.00,"303,220","117,350",7,"78,919",0.40,1.00,0.39
0.45,"6,385",1,0.00,"309,605","110,965",8,"78,918",0.42,1.00,0.38
0.46,"6,022",1,0.00,"315,627","104,943",9,"78,917",0.43,1.00,0.37
0.47,"5,943",1,0.00,"321,570","99,000",10,"78,916",0.44,1.00,0.36
0.48,"5,575",3,0.00,"327,145","93,425",13,"78,913",0.46,1.00,0.35
0.49,"5,420",5,0.00,"332,565","88,005",18,"78,908",0.47,1.00,0.33
0.5,"5,314",6,0.00,"337,879","82,691",24,"78,902",0.49,1.00,0.32
0.51,"3,239",8,0.00,"341,118","79,452",32,"78,894",0.50,1.00,0.32
0.52,"4,436",9,0.00,"345,554","75,016",41,"78,885",0.51,1.00,0.31
0.53,"3,932",15,0.00,"349,486","71,084",56,"78,870",0.53,1.00,0.30
0.54,"4,098",18,0.00,"353,584","66,986",74,"78,852",0.54,1.00,0.29
0.55,"3,649",27,0.01,"357,233","63,337",101,"78,825",0.55,1.00,0.28
0.56,"3,586",39,0.01,"360,819","59,751",140,"78,786",0.57,1.00,0.28
0.57,"3,570",55,0.02,"364,389","56,181",195,"78,731",0.58,1.00,0.27
0.58,"3,313",71,0.02,"367,702","52,868",266,"78,660",0.60,1.00,0.26
0.59,"3,123",92,0.03,"370,825","49,745",358,"78,568",0.61,1.00,0.26
0.6,"2,985",121,0.04,"373,810","46,760",479,"78,447",0.63,0.99,0.25
0.61,"2,894",152,0.05,"376,704","43,866",631,"78,295",0.64,0.99,0.24
0.62,"2,729",164,0.06,"379,433","41,137",795,"78,131",0.66,0.99,0.24
0.63,"2,521",236,0.09,"381,954","38,616","1,031","77,895",0.67,0.99,0.23
0.64,"2,494",324,0.11,"384,448","36,122","1,355","77,571",0.68,0.98,0.23
0.65,"2,289",398,0.15,"386,737","33,833","1,753","77,173",0.70,0.98,0.22
0.66,"2,180",475,0.18,"388,917","31,653","2,228","76,698",0.71,0.97,0.22
0.67,"1,554",414,0.21,"390,471","30,099","2,642","76,284",0.72,0.97,0.21
0.68,"2,147",731,0.25,"392,618","27,952","3,373","75,553",0.73,0.96,0.21
0.69,"1,871",797,0.30,"394,489","26,081","4,170","74,756",0.74,0.95,0.20
0.7,"1,863",912,0.33,"396,352","24,218","5,082","73,844",0.75,0.94,0.20
0.71,"1,818","1,117",0.38,"398,170","22,400","6,199","72,727",0.76,0.92,0.19
0.72,"1,719","1,292",0.43,"399,889","20,681","7,491","71,435",0.78,0.91,0.18
0.73,"1,694","1,486",0.47,"401,583","18,987","8,977","69,949",0.79,0.89,0.18
0.74,"1,747","1,693",0.49,"403,330","17,240","10,670","68,256",0.80,0.86,0.17
0.75,"1,561","1,938",0.55,"404,891","15,679","12,608","66,318",0.81,0.84,0.16
0.76,"1,547","2,180",0.58,"406,438","14,132","14,788","64,138",0.82,0.81,0.16
0.77,"1,445","2,337",0.62,"407,883","12,687","17,125","61,801",0.83,0.78,0.15
0.78,"1,297","2,391",0.65,"409,180","11,390","19,516","59,410",0.84,0.75,0.14
0.79,"1,259","2,624",0.68,"410,439","10,131","22,140","56,786",0.85,0.72,0.13
0.8,"1,152","2,732",0.70,"411,591","8,979","24,872","54,054",0.86,0.68,0.13
0.81,"1,085","2,964",0.73,"412,676","7,894","27,836","51,090",0.87,0.65,0.12
0.82,925,"2,933",0.76,"413,601","6,969","30,769","48,157",0.87,0.61,0.11
0.83,854,"3,188",0.79,"414,455","6,115","33,957","44,969",0.88,0.57,0.10
0.84,656,"1,571",0.71,"415,111","5,459","35,528","43,398",0.89,0.55,0.10
0.85,728,"2,980",0.80,"415,839","4,731","38,508","40,418",0.90,0.51,0.09
0.86,713,"3,018",0.81,"416,552","4,018","41,526","37,400",0.90,0.47,0.08
0.87,605,"3,240",0.84,"417,157","3,413","44,766","34,160",0.91,0.43,0.08
0.88,535,"3,073",0.85,"417,692","2,878","47,839","31,087",0.92,0.39,0.07
0.89,504,"3,119",0.86,"418,196","2,374","50,958","27,968",0.92,0.35,0.06
0.9,415,"3,012",0.88,"418,611","1,959","53,970","24,956",0.93,0.32,0.05
0.91,367,"3,101",0.89,"418,978","1,592","57,071","21,855",0.93,0.28,0.05
0.92,317,"3,164",0.91,"419,295","1,275","60,235","18,691",0.94,0.24,0.04
0.93,287,"3,053",0.91,"419,582",988,"63,288","15,638",0.94,0.20,0.03
0.94,281,"3,065",0.92,"419,863",707,"66,353","12,573",0.95,0.16,0.03
0.95,236,"2,790",0.92,"420,099",471,"69,143","9,783",0.95,0.12,0.02
0.96,156,"2,645",0.94,"420,255",315,"71,788","7,138",0.96,0.09,0.01
0.97,148,"2,286",0.94,"420,403",167,"74,074","4,852",0.97,0.06,0.01
0.98,87,"1,865",0.96,"420,490",80,"75,939","2,987",0.97,0.04,0.01
0.99,51,"1,401",0.96,"420,541",29,"77,340","1,586",0.98,0.02,0.00
1.0,29,"1,586",0.98,"420,570",0,"78,926",0,nan,0.00,0.00
