p,Neg,Pos,mPrec,TN,FP,FN,TP,Prec,Rec,FP/P,$\hat{p}$
0.0,"6,011",298,0.05,"6,011","594,804",298,"112,453",0.16,1.00,5.275376715062394,0.99
0.05,"11,786",706,0.06,"17,797","583,018","1,004","111,747",0.16,0.99,5.170845491392537,0.97
0.1,"14,151",931,0.06,"31,948","568,867","1,935","110,816",0.16,0.98,5.0453388440013835,0.95
0.15,"18,996","1,315",0.06,"50,944","549,871","3,250","109,501",0.17,0.97,4.876861402559623,0.92
0.2,"29,852","2,172",0.07,"80,796","520,019","5,422","107,329",0.17,0.95,4.612101001321496,0.88
0.25,"32,710","2,721",0.08,"113,506","487,309","8,143","104,608",0.18,0.93,4.321992709599028,0.83
0.3,"37,626","3,554",0.09,"151,132","449,683","11,697","101,054",0.18,0.90,3.988283917659267,0.77
0.35,"39,931","4,208",0.10,"191,063","409,752","15,905","96,846",0.19,0.86,3.6341318480545626,0.71
0.4,"44,338","5,538",0.11,"235,401","365,414","21,443","91,308",0.20,0.81,3.2408936506106376,0.64
0.45,"51,721","7,436",0.13,"287,122","313,693","28,879","83,872",0.21,0.74,2.78217488093232,0.56
0.5,"53,863","8,622",0.14,"340,985","259,830","37,501","75,250",0.22,0.67,2.304458497042155,0.47
0.55,"53,675","9,753",0.15,"394,660","206,155","47,254","65,497",0.24,0.58,1.8284095041285664,0.38
0.6,"46,830","10,011",0.18,"441,490","159,325","57,265","55,486",0.26,0.49,1.4130695071440609,0.30
0.65,"41,849","10,525",0.20,"483,339","117,476","67,790","44,961",0.28,0.40,1.0419065019378986,0.23
0.7,"35,572","10,146",0.22,"518,911","81,904","77,936","34,815",0.30,0.31,0.7264148433273319,0.16
0.75,"28,866","9,447",0.25,"547,777","53,038","87,383","25,368",0.32,0.22,0.4703993756152939,0.11
0.8,"21,399","8,194",0.28,"569,176","31,639","95,577","17,174",0.35,0.15,0.28060948461654445,0.07
0.85,"14,469","6,341",0.30,"583,645","17,170","101,918","10,833",0.39,0.10,0.15228246312671284,0.04
0.9,"8,768","4,535",0.34,"592,413","8,402","106,453","6,298",0.43,0.06,0.07451818609147591,0.02
0.95,"5,049","3,116",0.38,"597,462","3,353","109,569","3,182",0.49,0.03,0.02973809544926431,0.01
1.0,"3,353","3,182",0.49,"600,815",0,"112,751",0,nan,0.00,0.0,0.00
