p,Neg,Pos,mPrec,TN,FP,FN,TP,Prec,Rec,$\hat{p}$
0.0,"5,049",0,0.00,"5,049","415,521",0,"78,926",0.16,1.00,0.99
0.01,23,0,0.00,"5,072","415,498",0,"78,926",0.16,1.00,0.99
0.02,"2,415",0,0.00,"7,487","413,083",0,"78,926",0.16,1.00,0.99
0.03,"3,067",0,0.00,"10,554","410,016",0,"78,926",0.16,1.00,0.98
0.04,"3,643",0,0.00,"14,197","406,373",0,"78,926",0.16,1.00,0.97
0.05,"4,359",0,0.00,"18,556","402,014",0,"78,926",0.16,1.00,0.96
0.06,"4,715",0,0.00,"23,271","397,299",0,"78,926",0.17,1.00,0.95
0.07,"5,391",0,0.00,"28,662","391,908",0,"78,926",0.17,1.00,0.94
0.08,"5,929",0,0.00,"34,591","385,979",0,"78,926",0.17,1.00,0.93
0.09,"6,585",0,0.00,"41,176","379,394",0,"78,926",0.17,1.00,0.92
0.1,"6,874",0,0.00,"48,050","372,520",0,"78,926",0.17,1.00,0.90
0.11,"7,199",0,0.00,"55,249","365,321",0,"78,926",0.18,1.00,0.89
0.12,"7,603",0,0.00,"62,852","357,718",0,"78,926",0.18,1.00,0.87
0.13,"7,937",0,0.00,"70,789","349,781",0,"78,926",0.18,1.00,0.86
0.14,"8,214",0,0.00,"79,003","341,567",0,"78,926",0.19,1.00,0.84
0.15,"8,649",0,0.00,"87,652","332,918",0,"78,926",0.19,1.00,0.82
0.16,"8,918",0,0.00,"96,570","324,000",0,"78,926",0.20,1.00,0.81
0.17,"9,039",0,0.00,"105,609","314,961",0,"78,926",0.20,1.00,0.79
0.18,"9,357",0,0.00,"114,966","305,604",0,"78,926",0.21,1.00,0.77
0.19,"9,362",0,0.00,"124,328","296,242",0,"78,926",0.21,1.00,0.75
0.2,"9,424",0,0.00,"133,752","286,818",0,"78,926",0.22,1.00,0.73
0.21,496,0,0.00,"134,248","286,322",0,"78,926",0.22,1.00,0.73
0.22,"9,350",0,0.00,"143,598","276,972",0,"78,926",0.22,1.00,0.71
0.23,"9,649",0,0.00,"153,247","267,323",0,"78,926",0.23,1.00,0.69
0.24,"9,744",0,0.00,"162,991","257,579",0,"78,926",0.23,1.00,0.67
0.25,"9,829",0,0.00,"172,820","247,750",0,"78,926",0.24,1.00,0.65
0.26,"9,670",0,0.00,"182,490","238,080",0,"78,926",0.25,1.00,0.63
0.27,"9,591",0,0.00,"192,081","228,489",0,"78,926",0.26,1.00,0.62
0.28,"9,766",0,0.00,"201,847","218,723",0,"78,926",0.27,1.00,0.60
0.29,"9,490",0,0.00,"211,337","209,233",0,"78,926",0.27,1.00,0.58
0.3,"9,460",0,0.00,"220,797","199,773",0,"78,926",0.28,1.00,0.56
0.31,"9,300",0,0.00,"230,097","190,473",0,"78,926",0.29,1.00,0.54
0.32,"9,127",0,0.00,"239,224","181,346",0,"78,926",0.30,1.00,0.52
0.33,"9,012",0,0.00,"248,236","172,334",0,"78,926",0.31,1.00,0.50
0.34,"8,829",0,0.00,"257,065","163,505",0,"78,926",0.33,1.00,0.49
0.35,"8,669",0,0.00,"265,734","154,836",0,"78,926",0.34,1.00,0.47
0.36,"8,327",0,0.00,"274,061","146,509",0,"78,926",0.35,1.00,0.45
0.37,"8,179",0,0.00,"282,240","138,330",0,"78,926",0.36,1.00,0.43
0.38,"7,955",0,0.00,"290,195","130,375",0,"78,926",0.38,1.00,0.42
0.39,"7,644",0,0.00,"297,839","122,731",0,"78,926",0.39,1.00,0.40
0.4,"7,466",0,0.00,"305,305","115,265",0,"78,926",0.41,1.00,0.39
0.41,529,0,0.00,"305,834","114,736",0,"78,926",0.41,1.00,0.39
0.42,"6,981",0,0.00,"312,815","107,755",0,"78,926",0.42,1.00,0.37
0.43,"6,834",0,0.00,"319,649","100,921",0,"78,926",0.44,1.00,0.36
0.44,"6,354",1,0.00,"326,003","94,567",1,"78,925",0.45,1.00,0.35
0.45,"6,333",0,0.00,"332,336","88,234",1,"78,925",0.47,1.00,0.33
0.46,"5,999",0,0.00,"338,335","82,235",1,"78,925",0.49,1.00,0.32
0.47,"5,728",0,0.00,"344,063","76,507",1,"78,925",0.51,1.00,0.31
0.48,"5,514",0,0.00,"349,577","70,993",1,"78,925",0.53,1.00,0.30
0.49,"5,104",0,0.00,"354,681","65,889",1,"78,925",0.55,1.00,0.29
0.5,"5,108",0,0.00,"359,789","60,781",1,"78,925",0.56,1.00,0.28
0.51,"4,636",0,0.00,"364,425","56,145",1,"78,925",0.58,1.00,0.27
0.52,"4,462",2,0.00,"368,887","51,683",3,"78,923",0.60,1.00,0.26
0.53,"4,158",0,0.00,"373,045","47,525",3,"78,923",0.62,1.00,0.25
0.54,"3,993",4,0.00,"377,038","43,532",7,"78,919",0.64,1.00,0.25
0.55,"3,627",2,0.00,"380,665","39,905",9,"78,917",0.66,1.00,0.24
0.56,"3,365",13,0.00,"384,030","36,540",22,"78,904",0.68,1.00,0.23
0.57,"3,091",12,0.00,"387,121","33,449",34,"78,892",0.70,1.00,0.22
0.58,"2,976",20,0.01,"390,097","30,473",54,"78,872",0.72,1.00,0.22
0.59,"2,792",27,0.01,"392,889","27,681",81,"78,845",0.74,1.00,0.21
0.6,"2,609",49,0.02,"395,498","25,072",130,"78,796",0.76,1.00,0.21
0.61,196,4,0.02,"395,694","24,876",134,"78,792",0.76,1.00,0.21
0.62,"2,446",76,0.03,"398,140","22,430",210,"78,716",0.78,1.00,0.20
0.63,"2,231",124,0.05,"400,371","20,199",334,"78,592",0.80,1.00,0.20
0.64,"2,007",170,0.08,"402,378","18,192",504,"78,422",0.81,0.99,0.19
0.65,"1,860",224,0.11,"404,238","16,332",728,"78,198",0.83,0.99,0.19
0.66,"1,721",309,0.15,"405,959","14,611","1,037","77,889",0.84,0.99,0.19
0.67,"1,519",394,0.21,"407,478","13,092","1,431","77,495",0.86,0.98,0.18
0.68,"1,453",444,0.23,"408,931","11,639","1,875","77,051",0.87,0.98,0.18
0.69,"1,333",574,0.30,"410,264","10,306","2,449","76,477",0.88,0.97,0.17
0.7,"1,246",708,0.36,"411,510","9,060","3,157","75,769",0.89,0.96,0.17
0.71,"1,110",838,0.43,"412,620","7,950","3,995","74,931",0.90,0.95,0.17
0.72,963,"1,014",0.51,"413,583","6,987","5,009","73,917",0.91,0.94,0.16
0.73,925,"1,228",0.57,"414,508","6,062","6,237","72,689",0.92,0.92,0.16
0.74,826,"1,425",0.63,"415,334","5,236","7,662","71,264",0.93,0.90,0.15
0.75,759,"1,661",0.69,"416,093","4,477","9,323","69,603",0.94,0.88,0.15
0.76,650,"1,842",0.74,"416,743","3,827","11,165","67,761",0.95,0.86,0.14
0.77,617,"2,092",0.77,"417,360","3,210","13,257","65,669",0.95,0.83,0.14
0.78,504,"2,379",0.83,"417,864","2,706","15,636","63,290",0.96,0.80,0.13
0.79,464,"2,617",0.85,"418,328","2,242","18,253","60,673",0.96,0.77,0.13
0.8,370,"2,762",0.88,"418,698","1,872","21,015","57,911",0.97,0.73,0.12
0.81,69,129,0.65,"418,767","1,803","21,144","57,782",0.97,0.73,0.12
0.82,341,"3,016",0.90,"419,108","1,462","24,160","54,766",0.97,0.69,0.11
0.83,333,"3,216",0.91,"419,441","1,129","27,376","51,550",0.98,0.65,0.11
0.84,256,"3,222",0.93,"419,697",873,"30,598","48,328",0.98,0.61,0.10
0.85,216,"3,471",0.94,"419,913",657,"34,069","44,857",0.99,0.57,0.09
0.86,149,"3,472",0.96,"420,062",508,"37,541","41,385",0.99,0.52,0.08
0.87,120,"3,621",0.97,"420,182",388,"41,162","37,764",0.99,0.48,0.08
0.88,96,"3,541",0.97,"420,278",292,"44,703","34,223",0.99,0.43,0.07
0.89,85,"3,603",0.98,"420,363",207,"48,306","30,620",0.99,0.39,0.06
0.9,60,"3,440",0.98,"420,423",147,"51,746","27,180",0.99,0.34,0.05
0.91,42,"3,325",0.99,"420,465",105,"55,071","23,855",1.00,0.30,0.05
0.92,28,"3,357",0.99,"420,493",77,"58,428","20,498",1.00,0.26,0.04
0.93,24,"3,063",0.99,"420,517",53,"61,491","17,435",1.00,0.22,0.04
0.94,20,"3,119",0.99,"420,537",33,"64,610","14,316",1.00,0.18,0.03
0.95,6,"3,034",1.00,"420,543",27,"67,644","11,282",1.00,0.14,0.02
0.96,7,"2,787",1.00,"420,550",20,"70,431","8,495",1.00,0.11,0.02
0.97,10,"2,617",1.00,"420,560",10,"73,048","5,878",1.00,0.07,0.01
0.98,2,"2,212",1.00,"420,562",8,"75,260","3,666",1.00,0.05,0.01
0.99,5,"1,816",1.00,"420,567",3,"77,076","1,850",1.00,0.02,0.00
1.0,3,"1,850",1.00,"420,570",0,"78,926",0,nan,0.00,0.00
