p,Neg,Pos,mPrec,TN,FP,FN,TP,Prec,Rec,$\hat{p}$
0.0,"2,407",20,0.01,"2,407","177,838",20,"33,805",0.16,1.00,0.99
0.05,"6,170",62,0.01,"8,577","171,668",82,"33,743",0.16,1.00,0.96
0.1,"8,136",148,0.02,"16,713","163,532",230,"33,595",0.17,0.99,0.92
0.15,"12,830",319,0.02,"29,543","150,702",549,"33,276",0.18,0.98,0.86
0.2,"12,223",428,0.03,"41,766","138,479",977,"32,848",0.19,0.97,0.80
0.25,"16,651",796,0.05,"58,417","121,828","1,773","32,052",0.21,0.95,0.72
0.3,"17,642","1,169",0.06,"76,059","104,186","2,942","30,883",0.23,0.91,0.63
0.35,"14,431","1,249",0.08,"90,490","89,755","4,191","29,634",0.25,0.88,0.56
0.4,"16,805","1,780",0.10,"107,295","72,950","5,971","27,854",0.28,0.82,0.47
0.45,"13,238","1,754",0.12,"120,533","59,712","7,725","26,100",0.30,0.77,0.40
0.5,"14,502","2,535",0.15,"135,035","45,210","10,260","23,565",0.34,0.70,0.32
0.55,"10,184","2,250",0.18,"145,219","35,026","12,510","21,315",0.38,0.63,0.26
0.6,"10,338","2,925",0.22,"155,557","24,688","15,435","18,390",0.43,0.54,0.20
0.65,"6,699","2,462",0.27,"162,256","17,989","17,897","15,928",0.47,0.47,0.16
0.7,"6,331","2,963",0.32,"168,587","11,658","20,860","12,965",0.53,0.38,0.12
0.75,"4,460","2,840",0.39,"173,047","7,198","23,700","10,125",0.58,0.30,0.08
0.8,"2,626","2,243",0.46,"175,673","4,572","25,943","7,882",0.63,0.23,0.06
0.85,"2,154","2,548",0.54,"177,827","2,418","28,491","5,334",0.69,0.16,0.04
0.9,"1,135","1,911",0.63,"178,962","1,283","30,402","3,423",0.73,0.10,0.02
0.95,838,"1,979",0.70,"179,800",445,"32,381","1,444",0.76,0.04,0.01
1.0,445,"1,444",0.76,"180,245",0,"33,825",0,nan,0.00,0.00
