p,Neg,Pos,mPrec,TN,FP,FN,TP,Prec,Rec,$\hat{p}$
0.0,"2,394",20,0.01,"2,394","177,851",20,"33,805",0.16,1.00,0.99
0.01,13,0,0.00,"2,407","177,838",20,"33,805",0.16,1.00,0.99
0.02,857,8,0.01,"3,264","176,981",28,"33,797",0.16,1.00,0.98
0.03,"1,059",9,0.01,"4,323","175,922",37,"33,788",0.16,1.00,0.98
0.04,"1,238",13,0.01,"5,561","174,684",50,"33,775",0.16,1.00,0.97
0.05,"1,388",17,0.01,"6,949","173,296",67,"33,758",0.16,1.00,0.97
0.06,"1,659",15,0.01,"8,608","171,637",82,"33,743",0.16,1.00,0.96
0.07,"1,767",23,0.01,"10,375","169,870",105,"33,720",0.17,1.00,0.95
0.08,"1,987",34,0.02,"12,362","167,883",139,"33,686",0.17,1.00,0.94
0.09,"2,105",48,0.02,"14,467","165,778",187,"33,638",0.17,0.99,0.93
0.1,"2,170",43,0.02,"16,637","163,608",230,"33,595",0.17,0.99,0.92
0.11,"2,369",40,0.02,"19,006","161,239",270,"33,555",0.17,0.99,0.91
0.12,"2,447",58,0.02,"21,453","158,792",328,"33,497",0.17,0.99,0.90
0.13,105,0,0.00,"21,558","158,687",328,"33,497",0.17,0.99,0.90
0.14,"2,566",67,0.03,"24,124","156,121",395,"33,430",0.18,0.99,0.89
0.15,"2,635",69,0.03,"26,759","153,486",464,"33,361",0.18,0.99,0.87
0.16,"2,861",87,0.03,"29,620","150,625",551,"33,274",0.18,0.98,0.86
0.17,"2,903",107,0.04,"32,523","147,722",658,"33,167",0.18,0.98,0.84
0.18,"3,028",93,0.03,"35,551","144,694",751,"33,074",0.19,0.98,0.83
0.19,"2,940",105,0.03,"38,491","141,754",856,"32,969",0.19,0.97,0.82
0.2,"3,145",120,0.04,"41,636","138,609",976,"32,849",0.19,0.97,0.80
0.21,"3,164",146,0.04,"44,800","135,445","1,122","32,703",0.19,0.97,0.79
0.22,"3,380",155,0.04,"48,180","132,065","1,277","32,548",0.20,0.96,0.77
0.23,"3,333",149,0.04,"51,513","128,732","1,426","32,399",0.20,0.96,0.75
0.24,"3,420",185,0.05,"54,933","125,312","1,611","32,214",0.20,0.95,0.74
0.25,225,5,0.02,"55,158","125,087","1,616","32,209",0.20,0.95,0.73
0.26,"3,407",158,0.04,"58,565","121,680","1,774","32,051",0.21,0.95,0.72
0.27,"3,497",212,0.06,"62,062","118,183","1,986","31,839",0.21,0.94,0.70
0.28,"3,601",218,0.06,"65,663","114,582","2,204","31,621",0.22,0.93,0.68
0.29,"3,600",231,0.06,"69,263","110,982","2,435","31,390",0.22,0.93,0.67
0.3,"3,462",233,0.06,"72,725","107,520","2,668","31,157",0.22,0.92,0.65
0.31,"3,505",277,0.07,"76,230","104,015","2,945","30,880",0.23,0.91,0.63
0.32,"3,528",288,0.08,"79,758","100,487","3,233","30,592",0.23,0.90,0.61
0.33,"3,573",293,0.08,"83,331","96,914","3,526","30,299",0.24,0.90,0.59
0.34,"3,464",313,0.08,"86,795","93,450","3,839","29,986",0.24,0.89,0.58
0.35,"3,516",338,0.09,"90,311","89,934","4,177","29,648",0.25,0.88,0.56
0.36,"3,501",309,0.08,"93,812","86,433","4,486","29,339",0.25,0.87,0.54
0.37,"3,360",328,0.09,"97,172","83,073","4,814","29,011",0.26,0.86,0.52
0.38,244,23,0.09,"97,416","82,829","4,837","28,988",0.26,0.86,0.52
0.39,"3,484",402,0.10,"100,900","79,345","5,239","28,586",0.26,0.85,0.50
0.4,"3,305",373,0.10,"104,205","76,040","5,612","28,213",0.27,0.83,0.49
0.41,"3,312",385,0.10,"107,517","72,728","5,997","27,828",0.28,0.82,0.47
0.42,"3,424",385,0.10,"110,941","69,304","6,382","27,443",0.28,0.81,0.45
0.43,"3,248",465,0.13,"114,189","66,056","6,847","26,978",0.29,0.80,0.43
0.44,"3,121",412,0.12,"117,310","62,935","7,259","26,566",0.30,0.79,0.42
0.45,"3,077",440,0.13,"120,387","59,858","7,699","26,126",0.30,0.77,0.40
0.46,"2,964",539,0.15,"123,351","56,894","8,238","25,587",0.31,0.76,0.39
0.47,"2,974",451,0.13,"126,325","53,920","8,689","25,136",0.32,0.74,0.37
0.48,"3,015",532,0.15,"129,340","50,905","9,221","24,604",0.33,0.73,0.35
0.49,"2,873",502,0.15,"132,213","48,032","9,723","24,102",0.33,0.71,0.34
0.5,245,40,0.14,"132,458","47,787","9,763","24,062",0.33,0.71,0.34
0.51,"2,786",541,0.16,"135,244","45,001","10,304","23,521",0.34,0.70,0.32
0.52,"2,678",534,0.17,"137,922","42,323","10,838","22,987",0.35,0.68,0.31
0.53,"2,509",529,0.17,"140,431","39,814","11,367","22,458",0.36,0.66,0.29
0.54,"2,451",533,0.18,"142,882","37,363","11,900","21,925",0.37,0.65,0.28
0.55,"2,286",600,0.21,"145,168","35,077","12,500","21,325",0.38,0.63,0.26
0.56,"2,332",559,0.19,"147,500","32,745","13,059","20,766",0.39,0.61,0.25
0.57,"2,115",604,0.22,"149,615","30,630","13,663","20,162",0.40,0.60,0.24
0.58,"2,139",563,0.21,"151,754","28,491","14,226","19,599",0.41,0.58,0.22
0.59,"1,901",612,0.24,"153,655","26,590","14,838","18,987",0.42,0.56,0.21
0.6,"1,866",583,0.24,"155,521","24,724","15,421","18,404",0.43,0.54,0.20
0.61,"1,749",595,0.25,"157,270","22,975","16,016","17,809",0.44,0.53,0.19
0.62,"1,672",632,0.27,"158,942","21,303","16,648","17,177",0.45,0.51,0.18
0.63,156,53,0.25,"159,098","21,147","16,701","17,124",0.45,0.51,0.18
0.64,"1,588",603,0.28,"160,686","19,559","17,304","16,521",0.46,0.49,0.17
0.65,"1,564",591,0.27,"162,250","17,995","17,895","15,930",0.47,0.47,0.16
0.66,"1,432",601,0.30,"163,682","16,563","18,496","15,329",0.48,0.45,0.15
0.67,"1,354",562,0.29,"165,036","15,209","19,058","14,767",0.49,0.44,0.14
0.68,"1,282",628,0.33,"166,318","13,927","19,686","14,139",0.50,0.42,0.13
0.69,"1,190",543,0.31,"167,508","12,737","20,229","13,596",0.52,0.40,0.12
0.7,"1,076",627,0.37,"168,584","11,661","20,856","12,969",0.53,0.38,0.12
0.71,"1,040",564,0.35,"169,624","10,621","21,420","12,405",0.54,0.37,0.11
0.72,917,577,0.39,"170,541","9,704","21,997","11,828",0.55,0.35,0.10
0.73,895,559,0.38,"171,436","8,809","22,556","11,269",0.56,0.33,0.09
0.74,780,587,0.43,"172,216","8,029","23,143","10,682",0.57,0.32,0.09
0.75,831,557,0.40,"173,047","7,198","23,700","10,125",0.58,0.30,0.08
0.76,59,45,0.43,"173,106","7,139","23,745","10,080",0.59,0.30,0.08
0.77,724,604,0.45,"173,830","6,415","24,349","9,476",0.60,0.28,0.07
0.78,644,552,0.46,"174,474","5,771","24,901","8,924",0.61,0.26,0.07
0.79,612,530,0.46,"175,086","5,159","25,431","8,394",0.62,0.25,0.06
0.8,588,513,0.47,"175,674","4,571","25,944","7,881",0.63,0.23,0.06
0.81,563,528,0.48,"176,237","4,008","26,472","7,353",0.65,0.22,0.05
0.82,430,472,0.52,"176,667","3,578","26,944","6,881",0.66,0.20,0.05
0.83,431,510,0.54,"177,098","3,147","27,454","6,371",0.67,0.19,0.04
0.84,392,531,0.58,"177,490","2,755","27,985","5,840",0.68,0.17,0.04
0.85,337,506,0.60,"177,827","2,418","28,491","5,334",0.69,0.16,0.04
0.86,348,479,0.58,"178,175","2,070","28,970","4,855",0.70,0.14,0.03
0.87,287,489,0.63,"178,462","1,783","29,459","4,366",0.71,0.13,0.03
0.88,25,33,0.57,"178,487","1,758","29,492","4,333",0.71,0.13,0.03
0.89,260,466,0.64,"178,747","1,498","29,958","3,867",0.72,0.11,0.03
0.9,216,445,0.67,"178,963","1,282","30,403","3,422",0.73,0.10,0.02
0.91,189,403,0.68,"179,152","1,093","30,806","3,019",0.73,0.09,0.02
0.92,185,437,0.70,"179,337",908,"31,243","2,582",0.74,0.08,0.02
0.93,173,396,0.70,"179,510",735,"31,639","2,186",0.75,0.06,0.01
0.94,158,388,0.71,"179,668",577,"32,027","1,798",0.76,0.05,0.01
0.95,132,356,0.73,"179,800",445,"32,383","1,442",0.76,0.04,0.01
0.96,116,330,0.74,"179,916",329,"32,713","1,112",0.77,0.03,0.01
0.97,101,258,0.72,"180,017",228,"32,971",854,0.79,0.03,0.01
0.98,74,251,0.77,"180,091",154,"33,222",603,0.80,0.02,0.00
0.99,61,211,0.78,"180,152",93,"33,433",392,0.81,0.01,0.00
1.0,93,392,0.81,"180,245",0,"33,825",0,nan,0.00,0.00
