p,Neg,Pos,Neg/Pos,TN,FP,FN,TP,FP/TP,Prec.,Rec.,$\hat{p}$
0.0,110,0,inf,110,"180,135",0,"33,825",5.33,0.16,1.00,1.00
0.01,214,1,214.00,324,"179,921",1,"33,824",5.32,0.16,1.00,1.00
0.02,282,5,56.40,606,"179,639",6,"33,819",5.31,0.16,1.00,1.00
0.03,477,3,159.00,"1,083","179,162",9,"33,816",5.30,0.16,1.00,0.99
0.04,579,3,193.00,"1,662","178,583",12,"33,813",5.28,0.16,1.00,0.99
0.05,739,3,246.33,"2,401","177,844",15,"33,810",5.26,0.16,1.00,0.99
0.06,926,11,84.18,"3,327","176,918",26,"33,799",5.23,0.16,1.00,0.98
0.07,"1,199",17,70.53,"4,526","175,719",43,"33,782",5.20,0.16,1.00,0.98
0.08,"1,362",12,113.50,"5,888","174,357",55,"33,770",5.16,0.16,1.00,0.97
0.09,"1,555",14,111.07,"7,443","172,802",69,"33,756",5.12,0.16,1.00,0.96
0.1,"1,763",27,65.30,"9,206","171,039",96,"33,729",5.07,0.16,1.00,0.96
0.11,"2,073",24,86.38,"11,279","168,966",120,"33,705",5.01,0.17,1.00,0.95
0.12,"2,145",36,59.58,"13,424","166,821",156,"33,669",4.95,0.17,1.00,0.94
0.13,"2,322",37,62.76,"15,746","164,499",193,"33,632",4.89,0.17,0.99,0.93
0.14,"2,439",42,58.07,"18,185","162,060",235,"33,590",4.82,0.17,0.99,0.91
0.15,"2,547",60,42.45,"20,732","159,513",295,"33,530",4.76,0.17,0.99,0.90
0.16,"2,872",78,36.82,"23,604","156,641",373,"33,452",4.68,0.18,0.99,0.89
0.17,"3,009",84,35.82,"26,613","153,632",457,"33,368",4.60,0.18,0.99,0.87
0.18,"2,920",77,37.92,"29,533","150,712",534,"33,291",4.53,0.18,0.98,0.86
0.19,"3,198",97,32.97,"32,731","147,514",631,"33,194",4.44,0.18,0.98,0.84
0.2,"3,214",116,27.71,"35,945","144,300",747,"33,078",4.36,0.19,0.98,0.83
0.21,"3,316",110,30.15,"39,261","140,984",857,"32,968",4.28,0.19,0.97,0.81
0.22,"3,385",145,23.34,"42,646","137,599","1,002","32,823",4.19,0.19,0.97,0.80
0.23,"3,400",143,23.78,"46,046","134,199","1,145","32,680",4.11,0.20,0.97,0.78
0.24,"3,594",155,23.19,"49,640","130,605","1,300","32,525",4.02,0.20,0.96,0.76
0.25,"3,509",166,21.14,"53,149","127,096","1,466","32,359",3.93,0.20,0.96,0.74
0.26,"3,703",197,18.80,"56,852","123,393","1,663","32,162",3.84,0.21,0.95,0.73
0.27,"3,626",203,17.86,"60,478","119,767","1,866","31,959",3.75,0.21,0.94,0.71
0.28,"3,784",206,18.37,"64,262","115,983","2,072","31,753",3.65,0.21,0.94,0.69
0.29,"3,664",234,15.66,"67,926","112,319","2,306","31,519",3.56,0.22,0.93,0.67
0.3,"3,740",236,15.85,"71,666","108,579","2,542","31,283",3.47,0.22,0.92,0.65
0.31,"3,700",252,14.68,"75,366","104,879","2,794","31,031",3.38,0.23,0.92,0.63
0.32,"3,674",291,12.63,"79,040","101,205","3,085","30,740",3.29,0.23,0.91,0.62
0.33,"3,856",295,13.07,"82,896","97,349","3,380","30,445",3.20,0.24,0.90,0.60
0.34,"3,654",308,11.86,"86,550","93,695","3,688","30,137",3.11,0.24,0.89,0.58
0.35,"3,488",318,10.97,"90,038","90,207","4,006","29,819",3.03,0.25,0.88,0.56
0.36,"3,550",341,10.41,"93,588","86,657","4,347","29,478",2.94,0.25,0.87,0.54
0.37,"3,463",356,9.73,"97,051","83,194","4,703","29,122",2.86,0.26,0.86,0.52
0.38,"3,547",399,8.89,"100,598","79,647","5,102","28,723",2.77,0.27,0.85,0.51
0.39,"3,443",433,7.95,"104,041","76,204","5,535","28,290",2.69,0.27,0.84,0.49
0.4,"3,323",414,8.03,"107,364","72,881","5,949","27,876",2.61,0.28,0.82,0.47
0.41,"3,322",449,7.40,"110,686","69,559","6,398","27,427",2.54,0.28,0.81,0.45
0.42,"3,196",461,6.93,"113,882","66,363","6,859","26,966",2.46,0.29,0.80,0.44
0.43,"3,298",444,7.43,"117,180","63,065","7,303","26,522",2.38,0.30,0.78,0.42
0.44,"3,185",449,7.09,"120,365","59,880","7,752","26,073",2.30,0.30,0.77,0.40
0.45,"2,975",433,6.87,"123,340","56,905","8,185","25,640",2.22,0.31,0.76,0.39
0.46,"3,027",481,6.29,"126,367","53,878","8,666","25,159",2.14,0.32,0.74,0.37
0.47,"2,790",542,5.15,"129,157","51,088","9,208","24,617",2.08,0.33,0.73,0.35
0.48,"2,710",495,5.47,"131,867","48,378","9,703","24,122",2.01,0.33,0.71,0.34
0.49,"2,621",511,5.13,"134,488","45,757","10,214","23,611",1.94,0.34,0.70,0.32
0.5,"2,532",489,5.18,"137,020","43,225","10,703","23,122",1.87,0.35,0.68,0.31
0.51,"2,519",534,4.72,"139,539","40,706","11,237","22,588",1.80,0.36,0.67,0.30
0.52,"2,387",524,4.56,"141,926","38,319","11,761","22,064",1.74,0.37,0.65,0.28
0.53,"2,291",556,4.12,"144,217","36,028","12,317","21,508",1.68,0.37,0.64,0.27
0.54,"2,274",639,3.56,"146,491","33,754","12,956","20,869",1.62,0.38,0.62,0.26
0.55,"2,083",602,3.46,"148,574","31,671","13,558","20,267",1.56,0.39,0.60,0.24
0.56,"2,042",589,3.47,"150,616","29,629","14,147","19,678",1.51,0.40,0.58,0.23
0.57,"1,966",543,3.62,"152,582","27,663","14,690","19,135",1.45,0.41,0.57,0.22
0.58,"1,880",569,3.30,"154,462","25,783","15,259","18,566",1.39,0.42,0.55,0.21
0.59,"1,811",555,3.26,"156,273","23,972","15,814","18,011",1.33,0.43,0.53,0.20
0.6,"1,760",558,3.15,"158,033","22,212","16,372","17,453",1.27,0.44,0.52,0.19
0.61,"1,520",559,2.72,"159,553","20,692","16,931","16,894",1.22,0.45,0.50,0.18
0.62,"1,591",594,2.68,"161,144","19,101","17,525","16,300",1.17,0.46,0.48,0.17
0.63,"1,433",595,2.41,"162,577","17,668","18,120","15,705",1.12,0.47,0.46,0.16
0.64,"1,381",556,2.48,"163,958","16,287","18,676","15,149",1.08,0.48,0.45,0.15
0.65,"1,261",530,2.38,"165,219","15,026","19,206","14,619",1.03,0.49,0.43,0.14
0.66,"1,227",544,2.26,"166,446","13,799","19,750","14,075",0.98,0.50,0.42,0.13
0.67,"1,066",572,1.86,"167,512","12,733","20,322","13,503",0.94,0.51,0.40,0.12
0.68,"1,012",561,1.80,"168,524","11,721","20,883","12,942",0.91,0.52,0.38,0.12
0.69,"1,029",599,1.72,"169,553","10,692","21,482","12,343",0.87,0.54,0.36,0.11
0.7,884,552,1.60,"170,437","9,808","22,034","11,791",0.83,0.55,0.35,0.10
0.71,835,516,1.62,"171,272","8,973","22,550","11,275",0.80,0.56,0.33,0.09
0.72,813,543,1.50,"172,085","8,160","23,093","10,732",0.76,0.57,0.32,0.09
0.73,764,552,1.38,"172,849","7,396","23,645","10,180",0.73,0.58,0.30,0.08
0.74,676,539,1.25,"173,525","6,720","24,184","9,641",0.70,0.59,0.29,0.08
0.75,662,556,1.19,"174,187","6,058","24,740","9,085",0.67,0.60,0.27,0.07
0.76,632,536,1.18,"174,819","5,426","25,276","8,549",0.63,0.61,0.25,0.07
0.77,543,491,1.11,"175,362","4,883","25,767","8,058",0.61,0.62,0.24,0.06
0.78,546,519,1.05,"175,908","4,337","26,286","7,539",0.58,0.63,0.22,0.06
0.79,457,490,0.93,"176,365","3,880","26,776","7,049",0.55,0.64,0.21,0.05
0.8,465,500,0.93,"176,830","3,415","27,276","6,549",0.52,0.66,0.19,0.05
0.81,398,509,0.78,"177,228","3,017","27,785","6,040",0.50,0.67,0.18,0.04
0.82,369,495,0.75,"177,597","2,648","28,280","5,545",0.48,0.68,0.16,0.04
0.83,348,476,0.73,"177,945","2,300","28,756","5,069",0.45,0.69,0.15,0.03
0.84,300,437,0.69,"178,245","2,000","29,193","4,632",0.43,0.70,0.14,0.03
0.85,291,484,0.60,"178,536","1,709","29,677","4,148",0.41,0.71,0.12,0.03
0.86,256,413,0.62,"178,792","1,453","30,090","3,735",0.39,0.72,0.11,0.02
0.87,214,449,0.48,"179,006","1,239","30,539","3,286",0.38,0.73,0.10,0.02
0.88,219,417,0.53,"179,225","1,020","30,956","2,869",0.36,0.74,0.08,0.02
0.89,200,423,0.47,"179,425",820,"31,379","2,446",0.34,0.75,0.07,0.02
0.9,148,369,0.40,"179,573",672,"31,748","2,077",0.32,0.76,0.06,0.01
0.91,131,374,0.35,"179,704",541,"32,122","1,703",0.32,0.76,0.05,0.01
0.92,121,338,0.36,"179,825",420,"32,460","1,365",0.31,0.76,0.04,0.01
0.93,126,309,0.41,"179,951",294,"32,769","1,056",0.28,0.78,0.03,0.01
0.94,82,269,0.30,"180,033",212,"33,038",787,0.27,0.79,0.02,0.00
0.95,87,235,0.37,"180,120",125,"33,273",552,0.23,0.82,0.02,0.00
0.96,65,212,0.31,"180,185",60,"33,485",340,0.18,0.85,0.01,0.00
0.97,32,138,0.23,"180,217",28,"33,623",202,0.14,0.88,0.01,0.00
0.98,14,115,0.12,"180,231",14,"33,738",87,0.16,0.86,0.00,0.00
0.99,12,45,0.27,"180,243",2,"33,783",42,0.05,0.95,0.00,0.00
1.0,2,42,0.05,"180,245",0,"33,825",0,nan,nan,0.00,0.00
