p,Neg,Pos,mPrec,TN,FP,FN,TP,Prec,Rec,$\hat{p}$
0.0,"1,753",15,0.01,"1,753","178,492",15,"33,810",0.16,1.00,0.99
0.01,788,5,0.01,"2,541","177,704",20,"33,805",0.16,1.00,0.99
0.02,900,9,0.01,"3,441","176,804",29,"33,796",0.16,1.00,0.98
0.03,"1,149",9,0.01,"4,590","175,655",38,"33,787",0.16,1.00,0.98
0.04,"1,342",19,0.01,"5,932","174,313",57,"33,768",0.16,1.00,0.97
0.05,"1,517",21,0.01,"7,449","172,796",78,"33,747",0.16,1.00,0.96
0.06,"1,842",30,0.02,"9,291","170,954",108,"33,717",0.16,1.00,0.96
0.07,"1,987",39,0.02,"11,278","168,967",147,"33,678",0.17,1.00,0.95
0.08,"2,083",35,0.02,"13,361","166,884",182,"33,643",0.17,0.99,0.94
0.09,76,1,0.01,"13,437","166,808",183,"33,642",0.17,0.99,0.94
0.1,"2,288",42,0.02,"15,725","164,520",225,"33,600",0.17,0.99,0.93
0.11,"2,323",36,0.02,"18,048","162,197",261,"33,564",0.17,0.99,0.91
0.12,"2,565",55,0.02,"20,613","159,632",316,"33,509",0.17,0.99,0.90
0.13,"2,811",70,0.02,"23,424","156,821",386,"33,439",0.18,0.99,0.89
0.14,"2,846",56,0.02,"26,270","153,975",442,"33,383",0.18,0.99,0.88
0.15,"2,853",97,0.03,"29,123","151,122",539,"33,286",0.18,0.98,0.86
0.16,"3,059",93,0.03,"32,182","148,063",632,"33,193",0.18,0.98,0.85
0.17,"3,167",98,0.03,"35,349","144,896",730,"33,095",0.19,0.98,0.83
0.18,"3,236",125,0.04,"38,585","141,660",855,"32,970",0.19,0.97,0.82
0.19,"3,241",145,0.04,"41,826","138,419","1,000","32,825",0.19,0.97,0.80
0.2,"3,334",146,0.04,"45,160","135,085","1,146","32,679",0.19,0.97,0.78
0.21,159,9,0.05,"45,319","134,926","1,155","32,670",0.19,0.97,0.78
0.22,"3,492",165,0.05,"48,811","131,434","1,320","32,505",0.20,0.96,0.77
0.23,"3,445",171,0.05,"52,256","127,989","1,491","32,334",0.20,0.96,0.75
0.24,"3,592",182,0.05,"55,848","124,397","1,673","32,152",0.21,0.95,0.73
0.25,"3,573",178,0.05,"59,421","120,824","1,851","31,974",0.21,0.95,0.71
0.26,"3,715",194,0.05,"63,136","117,109","2,045","31,780",0.21,0.94,0.70
0.27,"3,788",237,0.06,"66,924","113,321","2,282","31,543",0.22,0.93,0.68
0.28,"3,722",240,0.06,"70,646","109,599","2,522","31,303",0.22,0.93,0.66
0.29,"3,695",251,0.06,"74,341","105,904","2,773","31,052",0.23,0.92,0.64
0.3,"3,792",298,0.07,"78,133","102,112","3,071","30,754",0.23,0.91,0.62
0.31,"3,604",286,0.07,"81,737","98,508","3,357","30,468",0.24,0.90,0.60
0.32,"3,736",330,0.08,"85,473","94,772","3,687","30,138",0.24,0.89,0.58
0.33,228,21,0.08,"85,701","94,544","3,708","30,117",0.24,0.89,0.58
0.34,"3,650",358,0.09,"89,351","90,894","4,066","29,759",0.25,0.88,0.56
0.35,"3,641",323,0.08,"92,992","87,253","4,389","29,436",0.25,0.87,0.55
0.36,"3,530",332,0.09,"96,522","83,723","4,721","29,104",0.26,0.86,0.53
0.37,"3,449",379,0.10,"99,971","80,274","5,100","28,725",0.26,0.85,0.51
0.38,"3,482",385,0.10,"103,453","76,792","5,485","28,340",0.27,0.84,0.49
0.39,"3,348",368,0.10,"106,801","73,444","5,853","27,972",0.28,0.83,0.47
0.4,"3,382",415,0.11,"110,183","70,062","6,268","27,557",0.28,0.81,0.46
0.41,"3,323",385,0.10,"113,506","66,739","6,653","27,172",0.29,0.80,0.44
0.42,"3,216",460,0.13,"116,722","63,523","7,113","26,712",0.30,0.79,0.42
0.43,"3,162",487,0.13,"119,884","60,361","7,600","26,225",0.30,0.78,0.40
0.44,"3,058",458,0.13,"122,942","57,303","8,058","25,767",0.31,0.76,0.39
0.45,231,31,0.12,"123,173","57,072","8,089","25,736",0.31,0.76,0.39
0.46,"2,796",477,0.15,"125,969","54,276","8,566","25,259",0.32,0.75,0.37
0.47,"2,916",482,0.14,"128,885","51,360","9,048","24,777",0.33,0.73,0.36
0.48,"2,814",555,0.16,"131,699","48,546","9,603","24,222",0.33,0.72,0.34
0.49,"2,688",554,0.17,"134,387","45,858","10,157","23,668",0.34,0.70,0.32
0.5,"2,575",498,0.16,"136,962","43,283","10,655","23,170",0.35,0.68,0.31
0.51,"2,488",553,0.18,"139,450","40,795","11,208","22,617",0.36,0.67,0.30
0.52,"2,470",560,0.18,"141,920","38,325","11,768","22,057",0.37,0.65,0.28
0.53,"2,251",617,0.22,"144,171","36,074","12,385","21,440",0.37,0.63,0.27
0.54,"2,227",585,0.21,"146,398","33,847","12,970","20,855",0.38,0.62,0.26
0.55,"2,191",597,0.21,"148,589","31,656","13,567","20,258",0.39,0.60,0.24
0.56,195,45,0.19,"148,784","31,461","13,612","20,213",0.39,0.60,0.24
0.57,"1,926",578,0.23,"150,710","29,535","14,190","19,635",0.40,0.58,0.23
0.58,"1,879",559,0.23,"152,589","27,656","14,749","19,076",0.41,0.56,0.22
0.59,"1,850",628,0.25,"154,439","25,806","15,377","18,448",0.42,0.55,0.21
0.6,"1,803",578,0.24,"156,242","24,003","15,955","17,870",0.43,0.53,0.20
0.61,"1,735",518,0.23,"157,977","22,268","16,473","17,352",0.44,0.51,0.19
0.62,"1,654",588,0.26,"159,631","20,614","17,061","16,764",0.45,0.50,0.17
0.63,"1,551",629,0.29,"161,182","19,063","17,690","16,135",0.46,0.48,0.16
0.64,"1,405",588,0.30,"162,587","17,658","18,278","15,547",0.47,0.46,0.16
0.65,"1,409",578,0.29,"163,996","16,249","18,856","14,969",0.48,0.44,0.15
0.66,"1,279",545,0.30,"165,275","14,970","19,401","14,424",0.49,0.43,0.14
0.67,"1,185",518,0.30,"166,460","13,785","19,919","13,906",0.50,0.41,0.13
0.68,95,39,0.29,"166,555","13,690","19,958","13,867",0.50,0.41,0.13
0.69,"1,110",534,0.32,"167,665","12,580","20,492","13,333",0.51,0.39,0.12
0.7,"1,000",553,0.36,"168,665","11,580","21,045","12,780",0.52,0.38,0.11
0.71,"1,036",535,0.34,"169,701","10,544","21,580","12,245",0.54,0.36,0.11
0.72,896,531,0.37,"170,597","9,648","22,111","11,714",0.55,0.35,0.10
0.73,814,522,0.39,"171,411","8,834","22,633","11,192",0.56,0.33,0.09
0.74,815,504,0.38,"172,226","8,019","23,137","10,688",0.57,0.32,0.09
0.75,761,514,0.40,"172,987","7,258","23,651","10,174",0.58,0.30,0.08
0.76,682,523,0.43,"173,669","6,576","24,174","9,651",0.59,0.29,0.08
0.77,627,507,0.45,"174,296","5,949","24,681","9,144",0.61,0.27,0.07
0.78,623,500,0.45,"174,919","5,326","25,181","8,644",0.62,0.26,0.07
0.79,528,536,0.50,"175,447","4,798","25,717","8,108",0.63,0.24,0.06
0.8,45,47,0.51,"175,492","4,753","25,764","8,061",0.63,0.24,0.06
0.81,487,540,0.53,"175,979","4,266","26,304","7,521",0.64,0.22,0.06
0.82,465,459,0.50,"176,444","3,801","26,763","7,062",0.65,0.21,0.05
0.83,434,501,0.54,"176,878","3,367","27,264","6,561",0.66,0.19,0.05
0.84,397,483,0.55,"177,275","2,970","27,747","6,078",0.67,0.18,0.04
0.85,362,514,0.59,"177,637","2,608","28,261","5,564",0.68,0.16,0.04
0.86,330,506,0.61,"177,967","2,278","28,767","5,058",0.69,0.15,0.03
0.87,295,467,0.61,"178,262","1,983","29,234","4,591",0.70,0.14,0.03
0.88,263,452,0.63,"178,525","1,720","29,686","4,139",0.71,0.12,0.03
0.89,247,441,0.64,"178,772","1,473","30,127","3,698",0.72,0.11,0.02
0.9,253,414,0.62,"179,025","1,220","30,541","3,284",0.73,0.10,0.02
0.91,216,410,0.65,"179,241","1,004","30,951","2,874",0.74,0.08,0.02
0.92,12,23,0.66,"179,253",992,"30,974","2,851",0.74,0.08,0.02
0.93,171,394,0.70,"179,424",821,"31,368","2,457",0.75,0.07,0.02
0.94,164,399,0.71,"179,588",657,"31,767","2,058",0.76,0.06,0.01
0.95,139,346,0.71,"179,727",518,"32,113","1,712",0.77,0.05,0.01
0.96,140,350,0.71,"179,867",378,"32,463","1,362",0.78,0.04,0.01
0.97,111,326,0.75,"179,978",267,"32,789","1,036",0.80,0.03,0.01
0.98,85,272,0.76,"180,063",182,"33,061",764,0.81,0.02,0.00
0.99,67,231,0.78,"180,130",115,"33,292",533,0.82,0.02,0.00
1.0,115,533,0.82,"180,245",0,"33,825",0,nan,0.00,0.00
