p,Neg,Pos,Neg/Pos,TN,FP,FN,TP,FP/TP,Prec.,Rec.,$\hat{p}$
0.0,107,0,inf,107,"180,138",0,"33,825",5.33,0.16,1.00,1.00
0.01,238,3,79.33,345,"179,900",3,"33,822",5.32,0.16,1.00,1.00
0.02,331,2,165.50,676,"179,569",5,"33,820",5.31,0.16,1.00,1.00
0.03,441,3,147.00,"1,117","179,128",8,"33,817",5.30,0.16,1.00,0.99
0.04,526,6,87.67,"1,643","178,602",14,"33,811",5.28,0.16,1.00,0.99
0.05,751,6,125.17,"2,394","177,851",20,"33,805",5.26,0.16,1.00,0.99
0.06,854,8,106.75,"3,248","176,997",28,"33,797",5.24,0.16,1.00,0.98
0.07,"1,060",9,117.78,"4,308","175,937",37,"33,788",5.21,0.16,1.00,0.98
0.08,"1,235",13,95.00,"5,543","174,702",50,"33,775",5.17,0.16,1.00,0.97
0.09,"1,375",16,85.94,"6,918","173,327",66,"33,759",5.13,0.16,1.00,0.97
0.1,"1,653",16,103.31,"8,571","171,674",82,"33,743",5.09,0.16,1.00,0.96
0.11,"1,787",23,77.70,"10,358","169,887",105,"33,720",5.04,0.17,1.00,0.95
0.12,"1,993",34,58.62,"12,351","167,894",139,"33,686",4.98,0.17,1.00,0.94
0.13,"2,106",47,44.81,"14,457","165,788",186,"33,639",4.93,0.17,0.99,0.93
0.14,"2,177",44,49.48,"16,634","163,611",230,"33,595",4.87,0.17,0.99,0.92
0.15,"2,372",40,59.30,"19,006","161,239",270,"33,555",4.81,0.17,0.99,0.91
0.16,"2,447",58,42.19,"21,453","158,792",328,"33,497",4.74,0.17,0.99,0.90
0.17,"2,566",66,38.88,"24,019","156,226",394,"33,431",4.67,0.18,0.99,0.89
0.18,"2,621",66,39.71,"26,640","153,605",460,"33,365",4.60,0.18,0.99,0.87
0.19,"2,866",88,32.57,"29,506","150,739",548,"33,277",4.53,0.18,0.98,0.86
0.2,"2,924",110,26.58,"32,430","147,815",658,"33,167",4.46,0.18,0.98,0.85
0.21,"3,034",91,33.34,"35,464","144,781",749,"33,076",4.38,0.19,0.98,0.83
0.22,"2,976",106,28.08,"38,440","141,805",855,"32,970",4.30,0.19,0.97,0.82
0.23,"3,158",120,26.32,"41,598","138,647",975,"32,850",4.22,0.19,0.97,0.80
0.24,"3,190",146,21.85,"44,788","135,457","1,121","32,704",4.14,0.19,0.97,0.79
0.25,"3,388",156,21.72,"48,176","132,069","1,277","32,548",4.06,0.20,0.96,0.77
0.26,"3,336",149,22.39,"51,512","128,733","1,426","32,399",3.97,0.20,0.96,0.75
0.27,"3,421",185,18.49,"54,933","125,312","1,611","32,214",3.89,0.20,0.95,0.74
0.28,"3,421",159,21.52,"58,354","121,891","1,770","32,055",3.80,0.21,0.95,0.72
0.29,"3,516",204,17.24,"61,870","118,375","1,974","31,851",3.72,0.21,0.94,0.70
0.3,"3,562",226,15.76,"65,432","114,813","2,200","31,625",3.63,0.22,0.93,0.68
0.31,"3,595",225,15.98,"69,027","111,218","2,425","31,400",3.54,0.22,0.93,0.67
0.32,"3,544",234,15.15,"72,571","107,674","2,659","31,166",3.45,0.22,0.92,0.65
0.33,"3,488",283,12.33,"76,059","104,186","2,942","30,883",3.37,0.23,0.91,0.63
0.34,"3,620",281,12.88,"79,679","100,566","3,223","30,602",3.29,0.23,0.90,0.61
0.35,"3,594",297,12.10,"83,273","96,972","3,520","30,305",3.20,0.24,0.90,0.59
0.36,"3,493",319,10.95,"86,766","93,479","3,839","29,986",3.12,0.24,0.89,0.58
0.37,"3,536",337,10.49,"90,302","89,943","4,176","29,649",3.03,0.25,0.88,0.56
0.38,"3,508",310,11.32,"93,810","86,435","4,486","29,339",2.95,0.25,0.87,0.54
0.39,"3,361",328,10.25,"97,171","83,074","4,814","29,011",2.86,0.26,0.86,0.52
0.4,"3,457",396,8.73,"100,628","79,617","5,210","28,615",2.78,0.26,0.85,0.51
0.41,"3,278",379,8.65,"103,906","76,339","5,589","28,236",2.70,0.27,0.83,0.49
0.42,"3,382",381,8.88,"107,288","72,957","5,970","27,855",2.62,0.28,0.82,0.47
0.43,"3,450",387,8.91,"110,738","69,507","6,357","27,468",2.53,0.28,0.81,0.45
0.44,"3,281",471,6.97,"114,019","66,226","6,828","26,997",2.45,0.29,0.80,0.44
0.45,"3,206",424,7.56,"117,225","63,020","7,252","26,573",2.37,0.30,0.79,0.42
0.46,"3,079",436,7.06,"120,304","59,941","7,688","26,137",2.29,0.30,0.77,0.40
0.47,"3,021",547,5.52,"123,325","56,920","8,235","25,590",2.22,0.31,0.76,0.39
0.48,"2,990",453,6.60,"126,315","53,930","8,688","25,137",2.15,0.32,0.74,0.37
0.49,"3,020",533,5.67,"129,335","50,910","9,221","24,604",2.07,0.33,0.73,0.35
0.5,"2,874",501,5.74,"132,209","48,036","9,722","24,103",1.99,0.33,0.71,0.34
0.51,"2,804",533,5.26,"135,013","45,232","10,255","23,570",1.92,0.34,0.70,0.32
0.52,"2,675",542,4.94,"137,688","42,557","10,797","23,028",1.85,0.35,0.68,0.31
0.53,"2,543",526,4.83,"140,231","40,014","11,323","22,502",1.78,0.36,0.67,0.29
0.54,"2,438",545,4.47,"142,669","37,576","11,868","21,957",1.71,0.37,0.65,0.28
0.55,"2,350",579,4.06,"145,019","35,226","12,447","21,378",1.65,0.38,0.63,0.26
0.56,"2,348",583,4.03,"147,367","32,878","13,030","20,795",1.58,0.39,0.61,0.25
0.57,"2,192",615,3.56,"149,559","30,686","13,645","20,180",1.52,0.40,0.60,0.24
0.58,"2,150",570,3.77,"151,709","28,536","14,215","19,610",1.46,0.41,0.58,0.22
0.59,"1,926",617,3.12,"153,635","26,610","14,832","18,993",1.40,0.42,0.56,0.21
0.6,"1,877",587,3.20,"155,512","24,733","15,419","18,406",1.34,0.43,0.54,0.20
0.61,"1,756",597,2.94,"157,268","22,977","16,016","17,809",1.29,0.44,0.53,0.19
0.62,"1,674",632,2.65,"158,942","21,303","16,648","17,177",1.24,0.45,0.51,0.18
0.63,"1,611",604,2.67,"160,553","19,692","17,252","16,573",1.19,0.46,0.49,0.17
0.64,"1,582",586,2.70,"162,135","18,110","17,838","15,987",1.13,0.47,0.47,0.16
0.65,"1,439",618,2.33,"163,574","16,671","18,456","15,369",1.08,0.48,0.45,0.15
0.66,"1,376",561,2.45,"164,950","15,295","19,017","14,808",1.03,0.49,0.44,0.14
0.67,"1,288",637,2.02,"166,238","14,007","19,654","14,171",0.99,0.50,0.42,0.13
0.68,"1,241",554,2.24,"167,479","12,766","20,208","13,617",0.94,0.52,0.40,0.12
0.69,"1,082",631,1.71,"168,561","11,684","20,839","12,986",0.90,0.53,0.38,0.12
0.7,"1,053",570,1.85,"169,614","10,631","21,409","12,416",0.86,0.54,0.37,0.11
0.71,922,587,1.57,"170,536","9,709","21,996","11,829",0.82,0.55,0.35,0.10
0.72,897,559,1.60,"171,433","8,812","22,555","11,270",0.78,0.56,0.33,0.09
0.73,783,587,1.33,"172,216","8,029","23,142","10,683",0.75,0.57,0.32,0.09
0.74,831,558,1.49,"173,047","7,198","23,700","10,125",0.71,0.58,0.30,0.08
0.75,711,602,1.18,"173,758","6,487","24,302","9,523",0.68,0.59,0.28,0.07
0.76,664,558,1.19,"174,422","5,823","24,860","8,965",0.65,0.61,0.27,0.07
0.77,627,524,1.20,"175,049","5,196","25,384","8,441",0.62,0.62,0.25,0.06
0.78,585,532,1.10,"175,634","4,611","25,916","7,909",0.58,0.63,0.23,0.06
0.79,568,529,1.07,"176,202","4,043","26,445","7,380",0.55,0.65,0.22,0.05
0.8,458,484,0.95,"176,660","3,585","26,929","6,896",0.52,0.66,0.20,0.05
0.81,429,514,0.83,"177,089","3,156","27,443","6,382",0.49,0.67,0.19,0.04
0.82,399,535,0.75,"177,488","2,757","27,978","5,847",0.47,0.68,0.17,0.04
0.83,337,513,0.66,"177,825","2,420","28,491","5,334",0.45,0.69,0.16,0.04
0.84,350,477,0.73,"178,175","2,070","28,968","4,857",0.43,0.70,0.14,0.03
0.85,286,491,0.58,"178,461","1,784","29,459","4,366",0.41,0.71,0.13,0.03
0.86,271,467,0.58,"178,732","1,513","29,926","3,899",0.39,0.72,0.12,0.03
0.87,222,454,0.49,"178,954","1,291","30,380","3,445",0.37,0.73,0.10,0.02
0.88,185,396,0.47,"179,139","1,106","30,776","3,049",0.36,0.73,0.09,0.02
0.89,192,451,0.43,"179,331",914,"31,227","2,598",0.35,0.74,0.08,0.02
0.9,173,398,0.43,"179,504",741,"31,625","2,200",0.34,0.75,0.07,0.01
0.91,161,392,0.41,"179,665",580,"32,017","1,808",0.32,0.76,0.05,0.01
0.92,135,364,0.37,"179,800",445,"32,381","1,444",0.31,0.76,0.04,0.01
0.93,115,331,0.35,"179,915",330,"32,712","1,113",0.30,0.77,0.03,0.01
0.94,102,259,0.39,"180,017",228,"32,971",854,0.27,0.79,0.03,0.01
0.95,74,251,0.29,"180,091",154,"33,222",603,0.26,0.80,0.02,0.00
0.96,61,211,0.29,"180,152",93,"33,433",392,0.24,0.81,0.01,0.00
0.97,55,168,0.33,"180,207",38,"33,601",224,0.17,0.85,0.01,0.00
0.98,22,125,0.18,"180,229",16,"33,726",99,0.16,0.86,0.00,0.00
0.99,12,66,0.18,"180,241",4,"33,792",33,0.12,0.89,0.00,0.00
1.0,4,33,0.12,"180,245",0,"33,825",0,nan,nan,0.00,0.00
