p,Neg,Pos,mPrec,TN,FP,FN,TP,Prec,Rec,FP/P,$\hat{p}$
0.0,808,31,0.04,808,"600,007",31,"112,720",0.16,1.00,5.321522647249249,1.00
0.01,"4,500",161,0.03,"5,308","595,507",192,"112,559",0.16,1.00,5.281611693022678,0.99
0.02,244,12,0.05,"5,552","595,263",204,"112,547",0.16,1.00,5.279447632393504,0.99
0.03,21,0,0.00,"5,573","595,242",204,"112,547",0.16,1.00,5.2792613812737805,0.99
0.04,0,0,nan,"5,573","595,242",204,"112,547",0.16,1.00,5.2792613812737805,0.99
0.05,0,0,nan,"5,573","595,242",204,"112,547",0.16,1.00,5.2792613812737805,0.99
0.06,"6,676",318,0.05,"12,249","588,566",522,"112,229",0.16,1.00,5.220051263403429,0.98
0.07,"20,737",980,0.05,"32,986","567,829","1,502","111,249",0.16,0.99,5.0361327172264545,0.95
0.08,"4,165",196,0.04,"37,151","563,664","1,698","111,053",0.16,0.98,4.9991929118145295,0.95
0.09,972,54,0.05,"38,123","562,692","1,752","110,999",0.16,0.98,4.990572145701591,0.94
0.1,72,4,0.05,"38,195","562,620","1,756","110,995",0.16,0.98,4.989933570433965,0.94
0.11,"1,233",73,0.06,"39,428","561,387","1,829","110,922",0.16,0.98,4.978997968975885,0.94
0.12,"14,852",851,0.05,"54,280","546,535","2,680","110,071",0.17,0.98,4.847274081826325,0.92
0.13,"15,235",907,0.06,"69,515","531,300","3,587","109,164",0.17,0.97,4.712153329017037,0.90
0.14,"17,516","1,004",0.05,"87,031","513,784","4,591","108,160",0.17,0.96,4.5568021569653485,0.87
0.15,"5,436",459,0.08,"92,467","508,348","5,050","107,701",0.17,0.96,4.508589724259652,0.86
0.16,699,53,0.07,"93,166","507,649","5,103","107,648",0.17,0.95,4.5023902227031245,0.86
0.17,424,25,0.06,"93,590","507,225","5,128","107,623",0.18,0.95,4.498629723904887,0.86
0.18,"5,904",472,0.07,"99,494","501,321","5,600","107,151",0.18,0.95,4.446266551959628,0.85
0.19,"15,351","1,266",0.08,"114,845","485,970","6,866","105,885",0.18,0.94,4.310116983441389,0.83
0.2,"11,399",934,0.08,"126,244","474,571","7,800","104,951",0.18,0.93,4.209018101835017,0.81
0.21,"1,761",178,0.09,"128,005","472,810","7,978","104,773",0.18,0.93,4.193399615081019,0.81
0.22,"22,668","1,971",0.08,"150,673","450,142","9,949","102,802",0.19,0.91,3.992354834990377,0.77
0.23,"10,693","1,016",0.09,"161,366","439,449","10,965","101,786",0.19,0.90,3.8975175386471075,0.76
0.24,"2,218",254,0.10,"163,584","437,231","11,219","101,532",0.19,0.90,3.877845872763878,0.76
0.25,"3,446",401,0.10,"167,030","433,785","11,620","101,131",0.19,0.90,3.8472829509272644,0.75
0.26,"1,616",181,0.10,"168,646","432,169","11,801","100,950",0.19,0.90,3.8329504838094564,0.75
0.27,"25,082","2,734",0.10,"193,728","407,087","14,535","98,216",0.19,0.87,3.610495694051494,0.71
0.28,"24,526","2,761",0.10,"218,254","382,561","17,296","95,455",0.20,0.85,3.392972124415748,0.67
0.29,"13,253","1,637",0.11,"231,507","369,308","18,933","93,818",0.20,0.83,3.2754299296680296,0.65
0.3,"42,060","5,301",0.11,"273,567","327,248","24,234","88,517",0.21,0.79,2.902395544163688,0.58
0.31,"3,374",460,0.12,"276,941","323,874","24,694","88,057",0.21,0.78,2.8724711975946997,0.58
0.32,"3,064",484,0.14,"280,005","320,810","25,178","87,573",0.21,0.78,2.845296272316875,0.57
0.33,"6,612","1,017",0.13,"286,617","314,198","26,195","86,556",0.22,0.77,2.786653776906635,0.56
0.34,"18,603","2,892",0.13,"305,220","295,595","29,087","83,664",0.22,0.74,2.6216618921339943,0.53
0.35,"55,938","9,192",0.14,"361,158","239,657","38,279","74,472",0.24,0.66,2.125542123794911,0.44
0.36,"29,649","4,987",0.14,"390,807","210,008","43,266","69,485",0.25,0.62,1.8625821500474498,0.39
0.37,"9,480","1,706",0.15,"400,287","200,528","44,972","67,779",0.25,0.60,1.7785030731434754,0.38
0.38,"3,111",725,0.19,"403,398","197,417","45,697","67,054",0.25,0.59,1.7509113001215066,0.37
0.39,"3,904",816,0.17,"407,302","193,513","46,513","66,238",0.26,0.59,1.7162863300547224,0.36
0.4,"10,976","2,258",0.17,"418,278","182,537","48,771","63,980",0.26,0.57,1.6189390781456483,0.35
0.41,"12,496","2,706",0.18,"430,774","170,041","51,477","61,274",0.26,0.54,1.508110792808933,0.32
0.42,"50,044","11,062",0.18,"480,818","119,997","62,539","50,212",0.30,0.45,1.064265505405717,0.24
0.43,"6,256","1,652",0.21,"487,074","113,741","64,191","48,560",0.30,0.43,1.0087804099298454,0.23
0.44,"1,482",467,0.24,"488,556","112,259","64,658","48,093",0.30,0.43,0.995636402337895,0.22
0.45,942,253,0.21,"489,498","111,317","64,911","47,840",0.30,0.42,0.987281709253133,0.22
0.46,"3,395",965,0.22,"492,893","107,922","65,876","46,875",0.30,0.42,0.9571711115644207,0.22
0.47,"24,420","6,690",0.22,"517,313","83,502","72,566","40,185",0.32,0.36,0.7405876666282339,0.17
0.48,"6,699","1,987",0.23,"524,012","76,803","74,553","38,198",0.33,0.34,0.68117355943628,0.16
0.49,"11,662","3,584",0.24,"535,674","65,141","78,137","34,614",0.35,0.31,0.5777421042828889,0.14
0.5,"4,582","1,507",0.25,"540,256","60,559","79,644","33,107",0.35,0.29,0.5371038837793013,0.13
0.51,"2,239",806,0.26,"542,495","58,320","80,450","32,301",0.36,0.29,0.5172459667763479,0.13
0.52,"1,476",550,0.27,"543,971","56,844","81,000","31,751",0.36,0.28,0.5041551737900329,0.12
0.53,"4,550","1,579",0.26,"548,521","52,294","82,579","30,172",0.37,0.27,0.463800764516501,0.12
0.54,"11,978","4,778",0.29,"560,499","40,316","87,357","25,394",0.39,0.23,0.3575666734663107,0.09
0.55,"2,483",904,0.27,"562,982","37,833","88,261","24,490",0.39,0.22,0.3355446958341833,0.09
0.56,"2,144",794,0.27,"565,126","35,689","89,055","23,696",0.40,0.21,0.31652934342045747,0.08
0.57,"6,048","3,019",0.33,"571,174","29,641","92,074","20,677",0.41,0.18,0.2628890209399473,0.07
0.58,"1,916",853,0.31,"573,090","27,725","92,927","19,824",0.42,0.18,0.2458958235403677,0.07
0.59,"3,066","1,575",0.34,"576,156","24,659","94,502","18,249",0.43,0.16,0.21870316006066465,0.06
0.6,518,269,0.34,"576,674","24,141","94,771","17,980",0.43,0.16,0.2141089657741395,0.06
0.61,322,154,0.32,"576,996","23,819","94,925","17,826",0.43,0.16,0.2112531152717049,0.06
0.62,"1,185",631,0.35,"578,181","22,634","95,556","17,195",0.43,0.15,0.20074323065870814,0.06
0.63,"2,150","1,376",0.39,"580,331","20,484","96,932","15,819",0.44,0.14,0.18167466363934687,0.05
0.64,"3,414","2,264",0.40,"583,745","17,070","99,196","13,555",0.44,0.12,0.15139555303278907,0.04
0.65,"2,123","1,392",0.40,"585,868","14,947","100,588","12,163",0.45,0.11,0.13256645173878723,0.04
0.66,169,123,0.42,"586,037","14,778","100,711","12,040",0.45,0.11,0.13106757368005606,0.04
0.67,145,115,0.44,"586,182","14,633","100,826","11,925",0.45,0.11,0.12978155404386657,0.04
0.68,474,260,0.35,"586,656","14,159","101,086","11,665",0.45,0.10,0.12557760019866787,0.04
0.69,"1,192",818,0.41,"587,848","12,967","101,904","10,847",0.46,0.10,0.11500563187909642,0.03
0.7,"4,294","3,122",0.42,"592,142","8,673","105,026","7,725",0.47,0.07,0.07692171244600934,0.02
0.71,868,569,0.40,"593,010","7,805","105,595","7,156",0.48,0.06,0.06922333283075095,0.02
0.72,693,555,0.44,"593,703","7,112","106,150","6,601",0.48,0.06,0.06307704587985916,0.02
0.73,30,16,0.35,"593,733","7,082","106,166","6,585",0.48,0.06,0.06281097285168202,0.02
0.74,116,108,0.48,"593,849","6,966","106,274","6,477",0.48,0.06,0.06178215714273044,0.02
0.75,"1,239","1,061",0.46,"595,088","5,727","107,335","5,416",0.49,0.05,0.05079334107901482,0.02
0.76,"1,857","1,746",0.48,"596,945","3,870","109,081","3,670",0.49,0.03,0.03432342063485024,0.01
0.77,"1,221","1,103",0.47,"598,166","2,649","110,184","2,567",0.49,0.02,0.023494248388040904,0.01
0.78,898,713,0.44,"599,064","1,751","110,897","1,854",0.51,0.02,0.01552979574460537,0.01
0.79,39,49,0.56,"599,103","1,712","110,946","1,805",0.51,0.02,0.015183900807975095,0.00
0.8,102,78,0.43,"599,205","1,610","111,024","1,727",0.52,0.02,0.014279252512172842,0.00
0.81,247,277,0.53,"599,452","1,363","111,301","1,450",0.52,0.01,0.012088584580181107,0.00
0.82,375,423,0.53,"599,827",988,"111,724","1,027",0.51,0.01,0.008762671727966936,0.00
0.83,257,220,0.46,"600,084",731,"111,944",807,0.52,0.01,0.006483312786582824,0.00
0.84,504,542,0.52,"600,588",227,"112,486",265,0.54,0.00,0.002013285913206978,0.00
0.85,4,5,0.56,"600,592",223,"112,491",260,0.54,0.00,0.001977809509450027,0.00
0.86,45,53,0.54,"600,637",178,"112,544",207,0.54,0.00,0.0015786999671843266,0.00
0.87,49,42,0.46,"600,686",129,"112,586",165,0.56,0.00,0.0011441140211616747,0.00
0.88,33,62,0.65,"600,719",96,"112,648",103,0.52,0.00,0.0008514336901668278,0.00
0.89,62,47,0.43,"600,781",34,"112,695",56,0.62,0.00,0.0003015494319340848,0.00
0.9,21,39,0.65,"600,802",13,"112,734",17,0.57,0.00,0.00011529831221009127,0.00
0.91,1,4,0.80,"600,803",12,"112,738",13,0.52,0.00,0.00010642921127085348,0.00
0.92,1,3,0.75,"600,804",11,"112,741",10,0.48,0.00,9.756011033161568e-05,0.00
0.93,6,3,0.33,"600,810",5,"112,744",7,0.58,0.00,4.4345504696188944e-05,0.00
0.94,1,2,0.67,"600,811",4,"112,746",5,0.56,0.00,3.5476403756951156e-05,0.00
0.95,3,4,0.57,"600,814",1,"112,750",1,0.50,0.00,8.869100939237789e-06,0.00
0.96,0,0,nan,"600,814",1,"112,750",1,0.50,0.00,8.869100939237789e-06,0.00
0.97,0,0,nan,"600,814",1,"112,750",1,0.50,0.00,8.869100939237789e-06,0.00
0.98,0,0,nan,"600,814",1,"112,750",1,0.50,0.00,8.869100939237789e-06,0.00
0.99,0,0,nan,"600,814",1,"112,750",1,0.50,0.00,8.869100939237789e-06,0.00
1.0,1,1,0.50,"600,815",0,"112,751",0,nan,0.00,0.0,0.00
