p,Neg,Pos,mPrec,TN,FP,FN,TP,Prec,Rec,FP/P,$\hat{p}$
0.0,"28,695","1,881",0.06,"28,695","572,120","1,881","110,870",0.16,0.98,5.074190029356724,0.96
0.01,"43,911","2,746",0.06,"72,606","528,209","4,627","108,124",0.17,0.96,4.6847389380138535,0.89
0.02,423,34,0.07,"73,029","527,786","4,661","108,090",0.17,0.96,4.680987308316556,0.89
0.03,0,0,nan,"73,029","527,786","4,661","108,090",0.17,0.96,4.680987308316556,0.89
0.04,0,0,nan,"73,029","527,786","4,661","108,090",0.17,0.96,4.680987308316556,0.89
0.05,0,0,nan,"73,029","527,786","4,661","108,090",0.17,0.96,4.680987308316556,0.89
0.06,"2,711",164,0.06,"75,740","525,075","4,825","107,926",0.17,0.96,4.656943175670282,0.89
0.07,"15,526",981,0.06,"91,266","509,549","5,806","106,945",0.17,0.95,4.5192415144876765,0.86
0.08,"17,132","1,319",0.07,"108,398","492,417","7,125","105,626",0.18,0.94,4.367296077196655,0.84
0.09,0,0,nan,"108,398","492,417","7,125","105,626",0.18,0.94,4.367296077196655,0.84
0.1,0,0,nan,"108,398","492,417","7,125","105,626",0.18,0.94,4.367296077196655,0.84
0.11,0,0,nan,"108,398","492,417","7,125","105,626",0.18,0.94,4.367296077196655,0.84
0.12,0,0,nan,"108,398","492,417","7,125","105,626",0.18,0.94,4.367296077196655,0.84
0.13,"1,423",126,0.08,"109,821","490,994","7,251","105,500",0.18,0.94,4.35467534656012,0.84
0.14,"2,967",229,0.07,"112,788","488,027","7,480","105,271",0.18,0.93,4.3283607240734,0.83
0.15,"5,851",605,0.09,"118,639","482,176","8,085","104,666",0.18,0.93,4.27646761447792,0.82
0.16,"3,380",304,0.08,"122,019","478,796","8,389","104,362",0.18,0.93,4.2464900533032965,0.82
0.17,0,0,nan,"122,019","478,796","8,389","104,362",0.18,0.93,4.2464900533032965,0.82
0.18,86,6,0.07,"122,105","478,710","8,395","104,356",0.18,0.93,4.245727310622522,0.82
0.19,0,0,nan,"122,105","478,710","8,395","104,356",0.18,0.93,4.245727310622522,0.82
0.2,302,35,0.10,"122,407","478,408","8,430","104,321",0.18,0.93,4.243048842138872,0.82
0.21,783,84,0.10,"123,190","477,625","8,514","104,237",0.18,0.92,4.236104336103449,0.82
0.22,"2,524",315,0.11,"125,714","475,101","8,829","103,922",0.18,0.92,4.213718725332813,0.81
0.23,"1,255",130,0.09,"126,969","473,846","8,959","103,792",0.18,0.92,4.2025880036540695,0.81
0.24,0,0,nan,"126,969","473,846","8,959","103,792",0.18,0.92,4.2025880036540695,0.81
0.25,"47,616","5,315",0.10,"174,585","426,230","14,274","98,477",0.19,0.87,3.780276893331323,0.74
0.26,0,0,nan,"174,585","426,230","14,274","98,477",0.19,0.87,3.780276893331323,0.74
0.27,"2,315",294,0.11,"176,900","423,915","14,568","98,183",0.19,0.87,3.7597449246569874,0.73
0.28,"2,376",419,0.15,"179,276","421,539","14,987","97,764",0.19,0.87,3.7386719408253586,0.73
0.29,769,122,0.14,"180,045","420,770","15,109","97,642",0.19,0.87,3.7318516022030845,0.73
0.3,0,0,nan,"180,045","420,770","15,109","97,642",0.19,0.87,3.7318516022030845,0.73
0.31,"22,540","3,011",0.12,"202,585","398,230","18,120","94,631",0.19,0.84,3.531942067032665,0.69
0.32,"17,787","2,337",0.12,"220,372","380,443","20,457","92,294",0.20,0.82,3.3741873686264423,0.66
0.33,"3,655",458,0.11,"224,027","376,788","20,915","91,836",0.20,0.81,3.341770804693528,0.66
0.34,270,29,0.10,"224,297","376,518","20,944","91,807",0.20,0.81,3.339376147439934,0.66
0.35,"1,517",299,0.16,"225,814","375,001","21,243","91,508",0.20,0.81,3.3259217213151104,0.65
0.36,854,163,0.16,"226,668","374,147","21,406","91,345",0.20,0.81,3.3183475091130012,0.65
0.37,"1,216",185,0.13,"227,884","372,931","21,591","91,160",0.20,0.81,3.307562682370888,0.65
0.38,"4,880",794,0.14,"232,764","368,051","22,385","90,366",0.20,0.80,3.2642814697874076,0.64
0.39,"4,396",755,0.15,"237,160","363,655","23,140","89,611",0.20,0.79,3.225292902058518,0.64
0.4,"2,971",504,0.15,"240,131","360,684","23,644","89,107",0.20,0.79,3.198942803168043,0.63
0.41,850,124,0.13,"240,981","359,834","23,768","88,983",0.20,0.79,3.1914040673696906,0.63
0.42,"27,825","4,228",0.13,"268,806","332,009","27,996","84,755",0.20,0.75,2.944621333735399,0.58
0.43,"39,752","5,831",0.13,"308,558","292,257","33,827","78,924",0.21,0.70,2.5920568331988187,0.52
0.44,"1,976",317,0.14,"310,534","290,281","34,144","78,607",0.21,0.70,2.574531489742885,0.52
0.45,"1,925",358,0.16,"312,459","288,356","34,502","78,249",0.21,0.69,2.557458470434852,0.51
0.46,"1,357",254,0.16,"313,816","286,999","34,756","77,995",0.21,0.69,2.5454231004603063,0.51
0.47,"2,424",441,0.15,"316,240","284,575","35,197","77,554",0.21,0.69,2.523924399783594,0.51
0.48,"5,947",951,0.14,"322,187","278,628","36,148","76,603",0.22,0.68,2.471179856497947,0.50
0.49,"11,134","1,975",0.15,"333,321","267,494","38,123","74,628",0.22,0.66,2.3724312866404733,0.48
0.5,"24,437","4,633",0.16,"357,758","243,057","42,756","69,995",0.22,0.62,2.1556970669883193,0.44
0.51,"46,368","8,952",0.16,"404,126","196,689","51,708","61,043",0.24,0.54,1.7444545946377417,0.36
0.52,"6,610","1,253",0.16,"410,736","190,079","52,961","59,790",0.24,0.53,1.6858298374293799,0.35
0.53,"2,504",591,0.19,"413,240","187,575","53,552","59,199",0.24,0.53,1.6636216086775284,0.35
0.54,140,37,0.21,"413,380","187,435","53,589","59,162",0.24,0.52,1.662379934546035,0.35
0.55,"1,847",360,0.16,"415,227","185,588","53,949","58,802",0.24,0.52,1.6459987051112628,0.34
0.56,"8,326","1,789",0.18,"423,553","177,262","55,738","57,013",0.24,0.51,1.572154570691169,0.33
0.57,"19,493","4,528",0.19,"443,046","157,769","60,266","52,485",0.25,0.47,1.3992691860826068,0.29
0.58,"12,936","2,978",0.19,"455,982","144,833","63,244","49,507",0.25,0.44,1.2845384963326267,0.27
0.59,"2,634",633,0.19,"458,616","142,199","63,877","48,874",0.26,0.43,1.2611772844586744,0.27
0.6,"1,454",320,0.18,"460,070","140,745","64,197","48,554",0.26,0.43,1.2482816116930227,0.27
0.61,174,53,0.23,"460,244","140,571","64,250","48,501",0.26,0.43,1.2467383881295953,0.26
0.62,444,113,0.20,"460,688","140,127","64,363","48,388",0.26,0.43,1.2428005073125736,0.26
0.63,"2,315",558,0.19,"463,003","137,812","64,921","47,830",0.26,0.42,1.2222685386382381,0.26
0.64,"5,988","1,494",0.20,"468,991","131,824","66,415","46,336",0.26,0.41,1.1691603622140823,0.25
0.65,"7,774","2,136",0.22,"476,765","124,050","68,551","44,200",0.26,0.39,1.1002119715124479,0.24
0.66,"1,986",532,0.21,"478,751","122,064","69,083","43,668",0.26,0.39,1.0825979370471215,0.23
0.67,569,187,0.25,"479,320","121,495","69,270","43,481",0.26,0.39,1.0775514186126953,0.23
0.68,0,0,nan,"479,320","121,495","69,270","43,481",0.26,0.39,1.0775514186126953,0.23
0.69,320,82,0.20,"479,640","121,175","69,352","43,399",0.26,0.38,1.0747133063121392,0.23
0.7,"4,030","1,287",0.24,"483,670","117,145","70,639","42,112",0.26,0.37,1.0389708295270108,0.22
0.71,"1,141",334,0.23,"484,811","116,004","70,973","41,778",0.26,0.37,1.0288511853553406,0.22
0.72,"11,155","3,283",0.23,"495,966","104,849","74,256","38,495",0.27,0.34,0.929916364378143,0.20
0.73,"31,723","9,322",0.23,"527,689","73,126","83,578","29,173",0.29,0.26,0.6485618752827026,0.14
0.74,"1,321",442,0.25,"529,010","71,805","84,020","28,731",0.29,0.25,0.6368457929419695,0.14
0.75,118,41,0.26,"529,128","71,687","84,061","28,690",0.29,0.25,0.6357992390311394,0.14
0.76,411,145,0.26,"529,539","71,276","84,206","28,545",0.29,0.25,0.6321540385451127,0.14
0.77,"3,172","1,006",0.24,"532,711","68,104","85,212","27,539",0.29,0.24,0.6040212503658504,0.13
0.78,"9,936","3,950",0.28,"542,647","58,168","89,162","23,589",0.29,0.21,0.5158978634335838,0.11
0.79,"16,175","5,990",0.27,"558,822","41,993","95,152","17,599",0.30,0.16,0.3724401557414125,0.08
0.8,"7,770","2,695",0.26,"566,592","34,223","97,847","14,904",0.30,0.13,0.3035272414435349,0.07
0.81,447,178,0.28,"567,039","33,776","98,025","14,726",0.30,0.13,0.2995627533236956,0.07
0.82,65,30,0.32,"567,104","33,711","98,055","14,696",0.30,0.13,0.29898626176264514,0.07
0.83,317,111,0.26,"567,421","33,394","98,166","14,585",0.30,0.13,0.29617475676490673,0.07
0.84,610,220,0.27,"568,031","32,784","98,386","14,365",0.30,0.13,0.29076460519197167,0.07
0.85,"5,398","2,166",0.29,"573,429","27,386","100,552","12,199",0.31,0.11,0.2428891983219661,0.06
0.86,"4,441","1,931",0.30,"577,870","22,945","102,483","10,268",0.31,0.09,0.20350152105081107,0.05
0.87,"4,927","1,941",0.28,"582,797","18,018","104,424","8,327",0.32,0.07,0.1598034607231865,0.04
0.88,"1,049",466,0.31,"583,846","16,969","104,890","7,861",0.32,0.07,0.15049977383792604,0.03
0.89,0,0,nan,"583,846","16,969","104,890","7,861",0.32,0.07,0.15049977383792604,0.03
0.9,73,19,0.21,"583,919","16,896","104,909","7,842",0.32,0.07,0.1498523294693617,0.03
0.91,681,274,0.29,"584,600","16,215","105,183","7,568",0.32,0.07,0.14381247172974077,0.03
0.92,924,407,0.31,"585,524","15,291","105,590","7,161",0.32,0.06,0.13561742246188505,0.03
0.93,"1,925",770,0.29,"587,449","13,366","106,360","6,391",0.32,0.06,0.1185444031538523,0.03
0.94,"3,000","1,311",0.30,"590,449","10,366","107,671","5,080",0.33,0.05,0.09193710033613893,0.02
0.95,514,211,0.29,"590,963","9,852","107,882","4,869",0.33,0.04,0.0873783824533707,0.02
0.96,0,0,nan,"590,963","9,852","107,882","4,869",0.33,0.04,0.0873783824533707,0.02
0.97,39,25,0.39,"591,002","9,813","107,907","4,844",0.33,0.04,0.08703248751674043,0.02
0.98,0,0,nan,"591,002","9,813","107,907","4,844",0.33,0.04,0.08703248751674043,0.02
0.99,471,201,0.30,"591,473","9,342","108,108","4,643",0.33,0.04,0.08285514097435943,0.02
1.0,"9,342","4,643",0.33,"600,815",0,"112,751",0,nan,0.00,0.0,0.00
