p,Neg,Pos,mPrec,TN,FP,FN,TP,Prec,Rec,$\hat{p}$
0.0,"4,536",55,0.01,"4,536","416,034",55,"78,871",0.16,1.00,0.99
0.01,27,0,0.00,"4,563","416,007",55,"78,871",0.16,1.00,0.99
0.02,"1,232",15,0.01,"5,795","414,775",70,"78,856",0.16,1.00,0.99
0.03,"1,870",58,0.03,"7,665","412,905",128,"78,798",0.16,1.00,0.98
0.04,"2,854",67,0.02,"10,519","410,051",195,"78,731",0.16,1.00,0.98
0.05,156,3,0.02,"10,675","409,895",198,"78,728",0.16,1.00,0.98
0.06,600,8,0.01,"11,275","409,295",206,"78,720",0.16,1.00,0.98
0.07,"1,642",39,0.02,"12,917","407,653",245,"78,681",0.16,1.00,0.97
0.08,"5,187",124,0.02,"18,104","402,466",369,"78,557",0.16,1.00,0.96
0.09,"1,270",35,0.03,"19,374","401,196",404,"78,522",0.16,0.99,0.96
0.1,"3,763",113,0.03,"23,137","397,433",517,"78,409",0.16,0.99,0.95
0.11,334,11,0.03,"23,471","397,099",528,"78,398",0.16,0.99,0.95
0.12,412,5,0.01,"23,883","396,687",533,"78,393",0.17,0.99,0.95
0.13,"3,035",100,0.03,"26,918","393,652",633,"78,293",0.17,0.99,0.94
0.14,"10,558",424,0.04,"37,476","383,094","1,057","77,869",0.17,0.99,0.92
0.15,"5,270",218,0.04,"42,746","377,824","1,275","77,651",0.17,0.98,0.91
0.16,"1,327",75,0.05,"44,073","376,497","1,350","77,576",0.17,0.98,0.91
0.17,"8,960",264,0.03,"53,033","367,537","1,614","77,312",0.17,0.98,0.89
0.18,420,16,0.04,"53,453","367,117","1,630","77,296",0.17,0.98,0.89
0.19,602,49,0.08,"54,055","366,515","1,679","77,247",0.17,0.98,0.89
0.2,"2,573",136,0.05,"56,628","363,942","1,815","77,111",0.17,0.98,0.88
0.21,"14,025",838,0.06,"70,653","349,917","2,653","76,273",0.18,0.97,0.85
0.22,"3,913",181,0.04,"74,566","346,004","2,834","76,092",0.18,0.96,0.85
0.23,"6,207",462,0.07,"80,773","339,797","3,296","75,630",0.18,0.96,0.83
0.24,"8,709",462,0.05,"89,482","331,088","3,758","75,168",0.19,0.95,0.81
0.25,"1,491",69,0.04,"90,973","329,597","3,827","75,099",0.19,0.95,0.81
0.26,"2,296",123,0.05,"93,269","327,301","3,950","74,976",0.19,0.95,0.81
0.27,"7,461",560,0.07,"100,730","319,840","4,510","74,416",0.19,0.94,0.79
0.28,"19,534","1,475",0.07,"120,264","300,306","5,985","72,941",0.20,0.92,0.75
0.29,"4,348",341,0.07,"124,612","295,958","6,326","72,600",0.20,0.92,0.74
0.3,"6,498",506,0.07,"131,110","289,460","6,832","72,094",0.20,0.91,0.72
0.31,"4,929",460,0.09,"136,039","284,531","7,292","71,634",0.20,0.91,0.71
0.32,"1,918",196,0.09,"137,957","282,613","7,488","71,438",0.20,0.91,0.71
0.33,"9,040",779,0.08,"146,997","273,573","8,267","70,659",0.21,0.90,0.69
0.34,"20,250","2,027",0.09,"167,247","253,323","10,294","68,632",0.21,0.87,0.64
0.35,"27,546","3,360",0.11,"194,793","225,777","13,654","65,272",0.22,0.83,0.58
0.36,"6,238",612,0.09,"201,031","219,539","14,266","64,660",0.23,0.82,0.57
0.37,"7,642",860,0.10,"208,673","211,897","15,126","63,800",0.23,0.81,0.55
0.38,"1,296",148,0.10,"209,969","210,601","15,274","63,652",0.23,0.81,0.55
0.39,"3,470",525,0.13,"213,439","207,131","15,799","63,127",0.23,0.80,0.54
0.4,"10,119","1,337",0.12,"223,558","197,012","17,136","61,790",0.24,0.78,0.52
0.41,"10,741","1,643",0.13,"234,299","186,271","18,779","60,147",0.24,0.76,0.49
0.42,"33,021","4,874",0.13,"267,320","153,250","23,653","55,273",0.27,0.70,0.42
0.43,"1,214",242,0.17,"268,534","152,036","23,895","55,031",0.27,0.70,0.41
0.44,"4,837",912,0.16,"273,371","147,199","24,807","54,119",0.27,0.69,0.40
0.45,"2,664",461,0.15,"276,035","144,535","25,268","53,658",0.27,0.68,0.40
0.46,"7,865","1,491",0.16,"283,900","136,670","26,759","52,167",0.28,0.66,0.38
0.47,"7,809","1,438",0.16,"291,709","128,861","28,197","50,729",0.28,0.64,0.36
0.48,"25,050","4,936",0.16,"316,759","103,811","33,133","45,793",0.31,0.58,0.30
0.49,"3,009",635,0.17,"319,768","100,802","33,768","45,158",0.31,0.57,0.29
0.5,"3,435",936,0.21,"323,203","97,367","34,704","44,222",0.31,0.56,0.28
0.51,538,129,0.19,"323,741","96,829","34,833","44,093",0.31,0.56,0.28
0.52,"3,550","1,076",0.23,"327,291","93,279","35,909","43,017",0.32,0.55,0.27
0.53,"9,332","2,678",0.22,"336,623","83,947","38,587","40,339",0.32,0.51,0.25
0.54,"7,103","1,934",0.21,"343,726","76,844","40,521","38,405",0.33,0.49,0.23
0.55,"18,908","6,196",0.25,"362,634","57,936","46,717","32,209",0.36,0.41,0.18
0.56,"2,155",777,0.27,"364,789","55,781","47,494","31,432",0.36,0.40,0.17
0.57,"2,378",649,0.21,"367,167","53,403","48,143","30,783",0.37,0.39,0.17
0.58,"2,497","1,085",0.30,"369,664","50,906","49,228","29,698",0.37,0.38,0.16
0.59,"3,451","1,012",0.23,"373,115","47,455","50,240","28,686",0.38,0.36,0.15
0.6,"7,362","2,451",0.25,"380,477","40,093","52,691","26,235",0.40,0.33,0.13
0.61,"2,786","1,244",0.31,"383,263","37,307","53,935","24,991",0.40,0.32,0.12
0.62,"1,262",742,0.37,"384,525","36,045","54,677","24,249",0.40,0.31,0.12
0.63,"1,703",832,0.33,"386,228","34,342","55,509","23,417",0.41,0.30,0.12
0.64,"2,049",902,0.31,"388,277","32,293","56,411","22,515",0.41,0.29,0.11
0.65,"1,960","1,000",0.34,"390,237","30,333","57,411","21,515",0.41,0.27,0.10
0.66,"5,385","3,076",0.36,"395,622","24,948","60,487","18,439",0.42,0.23,0.09
0.67,"3,871","1,941",0.33,"399,493","21,077","62,428","16,498",0.44,0.21,0.08
0.68,284,175,0.38,"399,777","20,793","62,603","16,323",0.44,0.21,0.07
0.69,"1,338",972,0.42,"401,115","19,455","63,575","15,351",0.44,0.19,0.07
0.7,599,279,0.32,"401,714","18,856","63,854","15,072",0.44,0.19,0.07
0.71,"2,141","1,290",0.38,"403,855","16,715","65,144","13,782",0.45,0.17,0.06
0.72,"1,520","1,036",0.41,"405,375","15,195","66,180","12,746",0.46,0.16,0.06
0.73,"2,962","1,928",0.39,"408,337","12,233","68,108","10,818",0.47,0.14,0.05
0.74,466,423,0.48,"408,803","11,767","68,531","10,395",0.47,0.13,0.04
0.75,689,536,0.44,"409,492","11,078","69,067","9,859",0.47,0.12,0.04
0.76,"1,221",902,0.42,"410,713","9,857","69,969","8,957",0.48,0.11,0.04
0.77,"1,278",671,0.34,"411,991","8,579","70,640","8,286",0.49,0.10,0.03
0.78,"1,713","1,371",0.44,"413,704","6,866","72,011","6,915",0.50,0.09,0.03
0.79,51,17,0.25,"413,755","6,815","72,028","6,898",0.50,0.09,0.03
0.8,527,311,0.37,"414,282","6,288","72,339","6,587",0.51,0.08,0.03
0.81,164,181,0.52,"414,446","6,124","72,520","6,406",0.51,0.08,0.03
0.82,937,833,0.47,"415,383","5,187","73,353","5,573",0.52,0.07,0.02
0.83,53,29,0.35,"415,436","5,134","73,382","5,544",0.52,0.07,0.02
0.84,654,585,0.47,"416,090","4,480","73,967","4,959",0.53,0.06,0.02
0.85,"1,511","1,600",0.51,"417,601","2,969","75,567","3,359",0.53,0.04,0.01
0.86,256,171,0.40,"417,857","2,713","75,738","3,188",0.54,0.04,0.01
0.87,249,250,0.50,"418,106","2,464","75,988","2,938",0.54,0.04,0.01
0.88,129,101,0.44,"418,235","2,335","76,089","2,837",0.55,0.04,0.01
0.89,700,774,0.53,"418,935","1,635","76,863","2,063",0.56,0.03,0.01
0.9,5,2,0.29,"418,940","1,630","76,865","2,061",0.56,0.03,0.01
0.91,167,84,0.33,"419,107","1,463","76,949","1,977",0.57,0.03,0.01
0.92,4,4,0.50,"419,111","1,459","76,953","1,973",0.57,0.02,0.01
0.93,74,147,0.67,"419,185","1,385","77,100","1,826",0.57,0.02,0.01
0.94,199,271,0.58,"419,384","1,186","77,371","1,555",0.57,0.02,0.01
0.95,265,244,0.48,"419,649",921,"77,615","1,311",0.59,0.02,0.00
0.96,49,20,0.29,"419,698",872,"77,635","1,291",0.60,0.02,0.00
0.97,0,0,nan,"419,698",872,"77,635","1,291",0.60,0.02,0.00
0.98,98,100,0.51,"419,796",774,"77,735","1,191",0.61,0.02,0.00
0.99,32,36,0.53,"419,828",742,"77,771","1,155",0.61,0.01,0.00
1.0,742,"1,155",0.61,"420,570",0,"78,926",0,nan,0.00,0.00
