p,Neg,Pos,mPrec,TN,FP,FN,TP,Prec,Rec,$\hat{p}$
0.0,"3,424",130,0.04,"3,424","176,821",130,"33,695",0.16,1.00,0.98
0.01,440,24,0.05,"3,864","176,381",154,"33,671",0.16,1.00,0.98
0.02,"6,149",294,0.05,"10,013","170,232",448,"33,377",0.16,0.99,0.95
0.03,"1,359",66,0.05,"11,372","168,873",514,"33,311",0.16,0.98,0.94
0.04,120,6,0.05,"11,492","168,753",520,"33,305",0.16,0.98,0.94
0.05,0,0,nan,"11,492","168,753",520,"33,305",0.16,0.98,0.94
0.06,0,0,nan,"11,492","168,753",520,"33,305",0.16,0.98,0.94
0.07,0,0,nan,"11,492","168,753",520,"33,305",0.16,0.98,0.94
0.08,454,23,0.05,"11,946","168,299",543,"33,282",0.17,0.98,0.94
0.09,"7,616",448,0.06,"19,562","160,683",991,"32,834",0.17,0.97,0.90
0.1,"1,774",88,0.05,"21,336","158,909","1,079","32,746",0.17,0.97,0.90
0.11,"5,072",295,0.05,"26,408","153,837","1,374","32,451",0.17,0.96,0.87
0.12,0,0,nan,"26,408","153,837","1,374","32,451",0.17,0.96,0.87
0.13,"1,665",144,0.08,"28,073","152,172","1,518","32,307",0.18,0.96,0.86
0.14,0,0,nan,"28,073","152,172","1,518","32,307",0.18,0.96,0.86
0.15,130,4,0.03,"28,203","152,042","1,522","32,303",0.18,0.96,0.86
0.16,0,0,nan,"28,203","152,042","1,522","32,303",0.18,0.96,0.86
0.17,"1,969",150,0.07,"30,172","150,073","1,672","32,153",0.18,0.95,0.85
0.18,"5,345",466,0.08,"35,517","144,728","2,138","31,687",0.18,0.94,0.82
0.19,"1,108",83,0.07,"36,625","143,620","2,221","31,604",0.18,0.93,0.82
0.2,"1,967",162,0.08,"38,592","141,653","2,383","31,442",0.18,0.93,0.81
0.21,"5,802",503,0.08,"44,394","135,851","2,886","30,939",0.19,0.91,0.78
0.22,"1,312",125,0.09,"45,706","134,539","3,011","30,814",0.19,0.91,0.77
0.23,"2,945",276,0.09,"48,651","131,594","3,287","30,538",0.19,0.90,0.76
0.24,336,40,0.11,"48,987","131,258","3,327","30,498",0.19,0.90,0.76
0.25,0,0,nan,"48,987","131,258","3,327","30,498",0.19,0.90,0.76
0.26,"1,390",142,0.09,"50,377","129,868","3,469","30,356",0.19,0.90,0.75
0.27,355,37,0.09,"50,732","129,513","3,506","30,319",0.19,0.90,0.75
0.28,"6,570",719,0.10,"57,302","122,943","4,225","29,600",0.19,0.88,0.71
0.29,"1,719",203,0.11,"59,021","121,224","4,428","29,397",0.20,0.87,0.70
0.3,"8,564",977,0.10,"67,585","112,660","5,405","28,420",0.20,0.84,0.66
0.31,0,0,nan,"67,585","112,660","5,405","28,420",0.20,0.84,0.66
0.32,"15,154","1,848",0.11,"82,739","97,506","7,253","26,572",0.21,0.79,0.58
0.33,487,85,0.15,"83,226","97,019","7,338","26,487",0.21,0.78,0.58
0.34,0,0,nan,"83,226","97,019","7,338","26,487",0.21,0.78,0.58
0.35,71,8,0.10,"83,297","96,948","7,346","26,479",0.21,0.78,0.58
0.36,"1,644",238,0.13,"84,941","95,304","7,584","26,241",0.22,0.78,0.57
0.37,"5,781",916,0.14,"90,722","89,523","8,500","25,325",0.22,0.75,0.54
0.38,"11,181","1,839",0.14,"101,903","78,342","10,339","23,486",0.23,0.69,0.48
0.39,"7,941","1,451",0.15,"109,844","70,401","11,790","22,035",0.24,0.65,0.43
0.4,230,49,0.18,"110,074","70,171","11,839","21,986",0.24,0.65,0.43
0.41,"9,818","1,608",0.14,"119,892","60,353","13,447","20,378",0.25,0.60,0.38
0.42,960,259,0.21,"120,852","59,393","13,706","20,119",0.25,0.59,0.37
0.43,312,44,0.12,"121,164","59,081","13,750","20,075",0.25,0.59,0.37
0.44,12,2,0.14,"121,176","59,069","13,752","20,073",0.25,0.59,0.37
0.45,"1,386",281,0.17,"122,562","57,683","14,033","19,792",0.26,0.59,0.36
0.46,"4,381",974,0.18,"126,943","53,302","15,007","18,818",0.26,0.56,0.34
0.47,"9,162","2,137",0.19,"136,105","44,140","17,144","16,681",0.27,0.49,0.28
0.48,"8,719","1,894",0.18,"144,824","35,421","19,038","14,787",0.29,0.44,0.23
0.49,"1,370",348,0.20,"146,194","34,051","19,386","14,439",0.30,0.43,0.23
0.5,7,2,0.22,"146,201","34,044","19,388","14,437",0.30,0.43,0.23
0.51,377,109,0.22,"146,578","33,667","19,497","14,328",0.30,0.42,0.22
0.52,201,66,0.25,"146,779","33,466","19,563","14,262",0.30,0.42,0.22
0.53,273,71,0.21,"147,052","33,193","19,634","14,191",0.30,0.42,0.22
0.54,739,196,0.21,"147,791","32,454","19,830","13,995",0.30,0.41,0.22
0.55,"8,158","2,257",0.22,"155,949","24,296","22,087","11,738",0.33,0.35,0.17
0.56,659,175,0.21,"156,608","23,637","22,262","11,563",0.33,0.34,0.16
0.57,"3,691","1,095",0.23,"160,299","19,946","23,357","10,468",0.34,0.31,0.14
0.58,"1,810",626,0.26,"162,109","18,136","23,983","9,842",0.35,0.29,0.13
0.59,515,178,0.26,"162,624","17,621","24,161","9,664",0.35,0.29,0.13
0.6,78,29,0.27,"162,702","17,543","24,190","9,635",0.35,0.28,0.13
0.61,62,15,0.19,"162,764","17,481","24,205","9,620",0.35,0.28,0.13
0.62,"1,585",558,0.26,"164,349","15,896","24,763","9,062",0.36,0.27,0.12
0.63,269,86,0.24,"164,618","15,627","24,849","8,976",0.36,0.27,0.11
0.64,"3,562","1,466",0.29,"168,180","12,065","26,315","7,510",0.38,0.22,0.09
0.65,624,231,0.27,"168,804","11,441","26,546","7,279",0.39,0.22,0.09
0.66,279,72,0.21,"169,083","11,162","26,618","7,207",0.39,0.21,0.09
0.67,646,277,0.30,"169,729","10,516","26,895","6,930",0.40,0.20,0.08
0.68,"2,028","1,000",0.33,"171,757","8,488","27,895","5,930",0.41,0.18,0.07
0.69,0,0,nan,"171,757","8,488","27,895","5,930",0.41,0.18,0.07
0.7,383,176,0.31,"172,140","8,105","28,071","5,754",0.42,0.17,0.06
0.71,635,338,0.35,"172,775","7,470","28,409","5,416",0.42,0.16,0.06
0.72,197,78,0.28,"172,972","7,273","28,487","5,338",0.42,0.16,0.06
0.73,35,14,0.29,"173,007","7,238","28,501","5,324",0.42,0.16,0.06
0.74,253,148,0.37,"173,260","6,985","28,649","5,176",0.43,0.15,0.06
0.75,308,118,0.28,"173,568","6,677","28,767","5,058",0.43,0.15,0.05
0.76,561,409,0.42,"174,129","6,116","29,176","4,649",0.43,0.14,0.05
0.77,"1,008",657,0.39,"175,137","5,108","29,833","3,992",0.44,0.12,0.04
0.78,0,0,nan,"175,137","5,108","29,833","3,992",0.44,0.12,0.04
0.79,682,441,0.39,"175,819","4,426","30,274","3,551",0.45,0.10,0.04
0.8,6,4,0.40,"175,825","4,420","30,278","3,547",0.45,0.10,0.04
0.81,22,21,0.49,"175,847","4,398","30,299","3,526",0.44,0.10,0.04
0.82,130,64,0.33,"175,977","4,268","30,363","3,462",0.45,0.10,0.04
0.83,83,96,0.54,"176,060","4,185","30,459","3,366",0.45,0.10,0.04
0.84,"1,579","1,158",0.42,"177,639","2,606","31,617","2,208",0.46,0.07,0.02
0.85,111,51,0.31,"177,750","2,495","31,668","2,157",0.46,0.06,0.02
0.86,145,93,0.39,"177,895","2,350","31,761","2,064",0.47,0.06,0.02
0.87,199,160,0.45,"178,094","2,151","31,921","1,904",0.47,0.06,0.02
0.88,0,0,nan,"178,094","2,151","31,921","1,904",0.47,0.06,0.02
0.89,3,3,0.50,"178,097","2,148","31,924","1,901",0.47,0.06,0.02
0.9,32,21,0.40,"178,129","2,116","31,945","1,880",0.47,0.06,0.02
0.91,189,61,0.24,"178,318","1,927","32,006","1,819",0.49,0.05,0.02
0.92,233,260,0.53,"178,551","1,694","32,266","1,559",0.48,0.05,0.02
0.93,716,690,0.49,"179,267",978,"32,956",869,0.47,0.03,0.01
0.94,33,18,0.35,"179,300",945,"32,974",851,0.47,0.03,0.01
0.95,414,327,0.44,"179,714",531,"33,301",524,0.50,0.02,0.00
0.96,0,0,nan,"179,714",531,"33,301",524,0.50,0.02,0.00
0.97,2,3,0.60,"179,716",529,"33,304",521,0.50,0.02,0.00
0.98,27,13,0.33,"179,743",502,"33,317",508,0.50,0.02,0.00
0.99,45,64,0.59,"179,788",457,"33,381",444,0.49,0.01,0.00
1.0,457,444,0.49,"180,245",0,"33,825",0,nan,0.00,0.00
