p,Neg,Pos,mPrec,TN,FP,FN,TP,Prec,Rec,$\hat{p}$
0.0,"2,593",29,0.01,"2,593","177,652",29,"33,796",0.16,1.00,0.99
0.01,244,8,0.03,"2,837","177,408",37,"33,788",0.16,1.00,0.99
0.02,"1,130",24,0.02,"3,967","176,278",61,"33,764",0.16,1.00,0.98
0.03,633,16,0.02,"4,600","175,645",77,"33,748",0.16,1.00,0.98
0.04,225,3,0.01,"4,825","175,420",80,"33,745",0.16,1.00,0.98
0.05,0,0,nan,"4,825","175,420",80,"33,745",0.16,1.00,0.98
0.06,"1,134",35,0.03,"5,959","174,286",115,"33,710",0.16,1.00,0.97
0.07,722,15,0.02,"6,681","173,564",130,"33,695",0.16,1.00,0.97
0.08,"2,074",30,0.01,"8,755","171,490",160,"33,665",0.16,1.00,0.96
0.09,899,41,0.04,"9,654","170,591",201,"33,624",0.16,0.99,0.95
0.1,336,8,0.02,"9,990","170,255",209,"33,616",0.16,0.99,0.95
0.11,414,14,0.03,"10,404","169,841",223,"33,602",0.17,0.99,0.95
0.12,"1,101",28,0.02,"11,505","168,740",251,"33,574",0.17,0.99,0.95
0.13,"1,383",46,0.03,"12,888","167,357",297,"33,528",0.17,0.99,0.94
0.14,"2,740",105,0.04,"15,628","164,617",402,"33,423",0.17,0.99,0.93
0.15,"3,648",148,0.04,"19,276","160,969",550,"33,275",0.17,0.98,0.91
0.16,"2,278",73,0.03,"21,554","158,691",623,"33,202",0.17,0.98,0.90
0.17,168,5,0.03,"21,722","158,523",628,"33,197",0.17,0.98,0.90
0.18,"2,338",91,0.04,"24,060","156,185",719,"33,106",0.17,0.98,0.88
0.19,329,22,0.06,"24,389","155,856",741,"33,084",0.18,0.98,0.88
0.2,"1,668",77,0.04,"26,057","154,188",818,"33,007",0.18,0.98,0.87
0.21,"4,501",267,0.06,"30,558","149,687","1,085","32,740",0.18,0.97,0.85
0.22,"2,939",162,0.05,"33,497","146,748","1,247","32,578",0.18,0.96,0.84
0.23,"1,579",128,0.07,"35,076","145,169","1,375","32,450",0.18,0.96,0.83
0.24,"2,657",162,0.06,"37,733","142,512","1,537","32,288",0.18,0.95,0.82
0.25,"1,649",112,0.06,"39,382","140,863","1,649","32,176",0.19,0.95,0.81
0.26,666,49,0.07,"40,048","140,197","1,698","32,127",0.19,0.95,0.80
0.27,"2,964",193,0.06,"43,012","137,233","1,891","31,934",0.19,0.94,0.79
0.28,"6,283",526,0.08,"49,295","130,950","2,417","31,408",0.19,0.93,0.76
0.29,"2,119",187,0.08,"51,414","128,831","2,604","31,221",0.20,0.92,0.75
0.3,"3,492",222,0.06,"54,906","125,339","2,826","30,999",0.20,0.92,0.73
0.31,"3,018",251,0.08,"57,924","122,321","3,077","30,748",0.20,0.91,0.72
0.32,"2,016",215,0.10,"59,940","120,305","3,292","30,533",0.20,0.90,0.70
0.33,989,55,0.05,"60,929","119,316","3,347","30,478",0.20,0.90,0.70
0.34,"3,055",251,0.08,"63,984","116,261","3,598","30,227",0.21,0.89,0.68
0.35,"10,456","1,141",0.10,"74,440","105,805","4,739","29,086",0.22,0.86,0.63
0.36,"5,670",648,0.10,"80,110","100,135","5,387","28,438",0.22,0.84,0.60
0.37,"6,892",758,0.10,"87,002","93,243","6,145","27,680",0.23,0.82,0.56
0.38,"2,185",303,0.12,"89,187","91,058","6,448","27,377",0.23,0.81,0.55
0.39,"1,414",130,0.08,"90,601","89,644","6,578","27,247",0.23,0.81,0.55
0.4,"2,745",359,0.12,"93,346","86,899","6,937","26,888",0.24,0.79,0.53
0.41,"5,890",712,0.11,"99,236","81,009","7,649","26,176",0.24,0.77,0.50
0.42,"3,733",505,0.12,"102,969","77,276","8,154","25,671",0.25,0.76,0.48
0.43,"10,313","1,663",0.14,"113,282","66,963","9,817","24,008",0.26,0.71,0.42
0.44,"2,321",450,0.16,"115,603","64,642","10,267","23,558",0.27,0.70,0.41
0.45,"1,861",369,0.17,"117,464","62,781","10,636","23,189",0.27,0.69,0.40
0.46,712,133,0.16,"118,176","62,069","10,769","23,056",0.27,0.68,0.40
0.47,"1,264",167,0.12,"119,440","60,805","10,936","22,889",0.27,0.68,0.39
0.48,"2,896",526,0.15,"122,336","57,909","11,462","22,363",0.28,0.66,0.37
0.49,"6,605","1,225",0.16,"128,941","51,304","12,687","21,138",0.29,0.62,0.34
0.5,"7,131","1,540",0.18,"136,072","44,173","14,227","19,598",0.31,0.58,0.30
0.51,"1,171",249,0.18,"137,243","43,002","14,476","19,349",0.31,0.57,0.29
0.52,321,72,0.18,"137,564","42,681","14,548","19,277",0.31,0.57,0.29
0.53,"2,287",619,0.21,"139,851","40,394","15,167","18,658",0.32,0.55,0.28
0.54,459,135,0.23,"140,310","39,935","15,302","18,523",0.32,0.55,0.27
0.55,"2,747",728,0.21,"143,057","37,188","16,030","17,795",0.32,0.53,0.26
0.56,"6,047","1,719",0.22,"149,104","31,141","17,749","16,076",0.34,0.48,0.22
0.57,"5,579","1,965",0.26,"154,683","25,562","19,714","14,111",0.36,0.42,0.19
0.58,"1,027",390,0.28,"155,710","24,535","20,104","13,721",0.36,0.41,0.18
0.59,981,382,0.28,"156,691","23,554","20,486","13,339",0.36,0.39,0.17
0.6,"1,125",433,0.28,"157,816","22,429","20,919","12,906",0.37,0.38,0.17
0.61,704,153,0.18,"158,520","21,725","21,072","12,753",0.37,0.38,0.16
0.62,"1,247",442,0.26,"159,767","20,478","21,514","12,311",0.38,0.36,0.15
0.63,"3,264","1,067",0.25,"163,031","17,214","22,581","11,244",0.40,0.33,0.13
0.64,"1,063",475,0.31,"164,094","16,151","23,056","10,769",0.40,0.32,0.13
0.65,512,250,0.33,"164,606","15,639","23,306","10,519",0.40,0.31,0.12
0.66,524,238,0.31,"165,130","15,115","23,544","10,281",0.40,0.30,0.12
0.67,"1,296",540,0.29,"166,426","13,819","24,084","9,741",0.41,0.29,0.11
0.68,447,257,0.37,"166,873","13,372","24,341","9,484",0.41,0.28,0.11
0.69,353,147,0.29,"167,226","13,019","24,488","9,337",0.42,0.28,0.10
0.7,"2,479","1,406",0.36,"169,705","10,540","25,894","7,931",0.43,0.23,0.09
0.71,"1,081",580,0.35,"170,786","9,459","26,474","7,351",0.44,0.22,0.08
0.72,705,379,0.35,"171,491","8,754","26,853","6,972",0.44,0.21,0.07
0.73,531,350,0.40,"172,022","8,223","27,203","6,622",0.45,0.20,0.07
0.74,318,140,0.31,"172,340","7,905","27,343","6,482",0.45,0.19,0.07
0.75,820,619,0.43,"173,160","7,085","27,962","5,863",0.45,0.17,0.06
0.76,604,356,0.37,"173,764","6,481","28,318","5,507",0.46,0.16,0.06
0.77,414,252,0.38,"174,178","6,067","28,570","5,255",0.46,0.16,0.05
0.78,992,730,0.42,"175,170","5,075","29,300","4,525",0.47,0.13,0.04
0.79,278,247,0.47,"175,448","4,797","29,547","4,278",0.47,0.13,0.04
0.8,442,236,0.35,"175,890","4,355","29,783","4,042",0.48,0.12,0.04
0.81,422,303,0.42,"176,312","3,933","30,086","3,739",0.49,0.11,0.04
0.82,110,77,0.41,"176,422","3,823","30,163","3,662",0.49,0.11,0.03
0.83,102,120,0.54,"176,524","3,721","30,283","3,542",0.49,0.10,0.03
0.84,785,561,0.42,"177,309","2,936","30,844","2,981",0.50,0.09,0.03
0.85,236,157,0.40,"177,545","2,700","31,001","2,824",0.51,0.08,0.03
0.86,87,66,0.43,"177,632","2,613","31,067","2,758",0.51,0.08,0.03
0.87,236,207,0.47,"177,868","2,377","31,274","2,551",0.52,0.08,0.02
0.88,333,321,0.49,"178,201","2,044","31,595","2,230",0.52,0.07,0.02
0.89,86,71,0.45,"178,287","1,958","31,666","2,159",0.52,0.06,0.02
0.9,20,20,0.50,"178,307","1,938","31,686","2,139",0.52,0.06,0.02
0.91,675,713,0.51,"178,982","1,263","32,399","1,426",0.53,0.04,0.01
0.92,155,122,0.44,"179,137","1,108","32,521","1,304",0.54,0.04,0.01
0.93,35,31,0.47,"179,172","1,073","32,552","1,273",0.54,0.04,0.01
0.94,155,130,0.46,"179,327",918,"32,682","1,143",0.55,0.03,0.01
0.95,186,222,0.54,"179,513",732,"32,904",921,0.56,0.03,0.01
0.96,9,20,0.69,"179,522",723,"32,924",901,0.55,0.03,0.01
0.97,5,4,0.44,"179,527",718,"32,928",897,0.56,0.03,0.01
0.98,73,57,0.44,"179,600",645,"32,985",840,0.57,0.02,0.01
0.99,10,11,0.52,"179,610",635,"32,996",829,0.57,0.02,0.01
1.0,635,829,0.57,"180,245",0,"33,825",0,nan,0.00,0.00
