p,Neg,Pos,mPrec,TN,FP,FN,TP,Prec,Rec,$\hat{p}$
0.0,"3,940",144,0.04,"3,940","416,630",144,"78,782",0.16,1.00,0.99
0.01,0,0,nan,"3,940","416,630",144,"78,782",0.16,1.00,0.99
0.02,0,0,nan,"3,940","416,630",144,"78,782",0.16,1.00,0.99
0.03,0,0,nan,"3,940","416,630",144,"78,782",0.16,1.00,0.99
0.04,0,0,nan,"3,940","416,630",144,"78,782",0.16,1.00,0.99
0.05,0,0,nan,"3,940","416,630",144,"78,782",0.16,1.00,0.99
0.06,"5,115",260,0.05,"9,055","411,515",404,"78,522",0.16,0.99,0.98
0.07,0,0,nan,"9,055","411,515",404,"78,522",0.16,0.99,0.98
0.08,"17,412",815,0.04,"26,467","394,103","1,219","77,707",0.16,0.98,0.94
0.09,236,17,0.07,"26,703","393,867","1,236","77,690",0.16,0.98,0.94
0.1,0,0,nan,"26,703","393,867","1,236","77,690",0.16,0.98,0.94
0.11,0,0,nan,"26,703","393,867","1,236","77,690",0.16,0.98,0.94
0.12,"1,284",68,0.05,"27,987","392,583","1,304","77,622",0.17,0.98,0.94
0.13,"20,722","1,253",0.06,"48,709","371,861","2,557","76,369",0.17,0.97,0.90
0.14,970,51,0.05,"49,679","370,891","2,608","76,318",0.17,0.97,0.90
0.15,"11,543",662,0.05,"61,222","359,348","3,270","75,656",0.17,0.96,0.87
0.16,"3,818",316,0.08,"65,040","355,530","3,586","75,340",0.17,0.95,0.86
0.17,0,0,nan,"65,040","355,530","3,586","75,340",0.17,0.95,0.86
0.18,241,18,0.07,"65,281","355,289","3,604","75,322",0.17,0.95,0.86
0.19,"4,011",332,0.08,"69,292","351,278","3,936","74,990",0.18,0.95,0.85
0.2,"12,909","1,060",0.08,"82,201","338,369","4,996","73,930",0.18,0.94,0.83
0.21,"6,438",534,0.08,"88,639","331,931","5,530","73,396",0.18,0.93,0.81
0.22,836,69,0.08,"89,475","331,095","5,599","73,327",0.18,0.93,0.81
0.23,"16,501","1,426",0.08,"105,976","314,594","7,025","71,901",0.19,0.91,0.77
0.24,"6,831",678,0.09,"112,807","307,763","7,703","71,223",0.19,0.90,0.76
0.25,840,90,0.10,"113,647","306,923","7,793","71,133",0.19,0.90,0.76
0.26,"2,763",327,0.11,"116,410","304,160","8,120","70,806",0.19,0.90,0.75
0.27,"1,282",156,0.11,"117,692","302,878","8,276","70,650",0.19,0.90,0.75
0.28,"15,757","1,675",0.10,"133,449","287,121","9,951","68,975",0.19,0.87,0.71
0.29,"10,055","1,129",0.10,"143,504","277,066","11,080","67,846",0.20,0.86,0.69
0.3,"13,946","1,649",0.11,"157,450","263,120","12,729","66,197",0.20,0.84,0.66
0.31,"35,092","4,464",0.11,"192,542","228,028","17,193","61,733",0.21,0.78,0.58
0.32,"1,162",174,0.13,"193,704","226,866","17,367","61,559",0.21,0.78,0.58
0.33,168,21,0.11,"193,872","226,698","17,388","61,538",0.21,0.78,0.58
0.34,"3,442",547,0.14,"197,314","223,256","17,935","60,991",0.21,0.77,0.57
0.35,"13,596","2,142",0.14,"210,910","209,660","20,077","58,849",0.22,0.75,0.54
0.36,"26,659","4,232",0.14,"237,569","183,001","24,309","54,617",0.23,0.69,0.48
0.37,"18,599","3,052",0.14,"256,168","164,402","27,361","51,565",0.24,0.65,0.43
0.38,"22,958","3,848",0.14,"279,126","141,444","31,209","47,717",0.25,0.60,0.38
0.39,"2,260",564,0.20,"281,386","139,184","31,773","47,153",0.25,0.60,0.37
0.4,650,141,0.18,"282,036","138,534","31,914","47,012",0.25,0.60,0.37
0.41,"2,842",590,0.17,"284,878","135,692","32,504","46,422",0.25,0.59,0.36
0.42,"8,480","1,745",0.17,"293,358","127,212","34,249","44,677",0.26,0.57,0.34
0.43,"3,583",782,0.18,"296,941","123,629","35,031","43,895",0.26,0.56,0.34
0.44,"40,837","8,966",0.18,"337,778","82,792","43,997","34,929",0.30,0.44,0.24
0.45,"3,226",855,0.21,"341,004","79,566","44,852","34,074",0.30,0.43,0.23
0.46,963,304,0.24,"341,967","78,603","45,156","33,770",0.30,0.43,0.22
0.47,539,154,0.22,"342,506","78,064","45,310","33,616",0.30,0.43,0.22
0.48,600,161,0.21,"343,106","77,464","45,471","33,455",0.30,0.42,0.22
0.49,"10,219","2,813",0.22,"353,325","67,245","48,284","30,642",0.31,0.39,0.20
0.5,"11,482","3,218",0.22,"364,807","55,763","51,502","27,424",0.33,0.35,0.17
0.51,"9,267","2,798",0.23,"374,074","46,496","54,300","24,626",0.35,0.31,0.14
0.52,"4,191","1,398",0.25,"378,265","42,305","55,698","23,228",0.35,0.29,0.13
0.53,"1,358",475,0.26,"379,623","40,947","56,173","22,753",0.36,0.29,0.13
0.54,119,49,0.29,"379,742","40,828","56,222","22,704",0.36,0.29,0.13
0.55,"2,188",733,0.25,"381,930","38,640","56,955","21,971",0.36,0.28,0.12
0.56,"2,065",819,0.28,"383,995","36,575","57,774","21,152",0.37,0.27,0.12
0.57,"8,524","3,377",0.28,"392,519","28,051","61,151","17,775",0.39,0.23,0.09
0.58,"1,709",586,0.26,"394,228","26,342","61,737","17,189",0.39,0.22,0.09
0.59,"1,939",715,0.27,"396,167","24,403","62,452","16,474",0.40,0.21,0.08
0.6,"4,625","2,345",0.34,"400,792","19,778","64,797","14,129",0.42,0.18,0.07
0.61,435,220,0.34,"401,227","19,343","65,017","13,909",0.42,0.18,0.07
0.62,530,243,0.31,"401,757","18,813","65,260","13,666",0.42,0.17,0.07
0.63,"1,844",975,0.35,"403,601","16,969","66,235","12,691",0.43,0.16,0.06
0.64,226,105,0.32,"403,827","16,743","66,340","12,586",0.43,0.16,0.06
0.65,682,387,0.36,"404,509","16,061","66,727","12,199",0.43,0.15,0.06
0.66,"1,874","1,150",0.38,"406,383","14,187","67,877","11,049",0.44,0.14,0.05
0.67,"2,084","1,401",0.40,"408,467","12,103","69,278","9,648",0.44,0.12,0.04
0.68,153,102,0.40,"408,620","11,950","69,380","9,546",0.44,0.12,0.04
0.69,"1,603","1,054",0.40,"410,223","10,347","70,434","8,492",0.45,0.11,0.04
0.7,14,9,0.39,"410,237","10,333","70,443","8,483",0.45,0.11,0.04
0.71,83,66,0.44,"410,320","10,250","70,509","8,417",0.45,0.11,0.04
0.72,483,331,0.41,"410,803","9,767","70,840","8,086",0.45,0.10,0.04
0.73,"3,788","2,696",0.42,"414,591","5,979","73,536","5,390",0.47,0.07,0.02
0.74,235,106,0.31,"414,826","5,744","73,642","5,284",0.48,0.07,0.02
0.75,327,210,0.39,"415,153","5,417","73,852","5,074",0.48,0.06,0.02
0.76,449,374,0.45,"415,602","4,968","74,226","4,700",0.49,0.06,0.02
0.77,9,3,0.25,"415,611","4,959","74,229","4,697",0.49,0.06,0.02
0.78,65,52,0.44,"415,676","4,894","74,281","4,645",0.49,0.06,0.02
0.79,952,856,0.47,"416,628","3,942","75,137","3,789",0.49,0.05,0.02
0.8,"1,690","1,637",0.49,"418,318","2,252","76,774","2,152",0.49,0.03,0.01
0.81,66,54,0.45,"418,384","2,186","76,828","2,098",0.49,0.03,0.01
0.82,996,799,0.45,"419,380","1,190","77,627","1,299",0.52,0.02,0.00
0.83,0,0,nan,"419,380","1,190","77,627","1,299",0.52,0.02,0.00
0.84,2,6,0.75,"419,382","1,188","77,633","1,293",0.52,0.02,0.00
0.85,141,159,0.53,"419,523","1,047","77,792","1,134",0.52,0.01,0.00
0.86,372,401,0.52,"419,895",675,"78,193",733,0.52,0.01,0.00
0.87,175,158,0.47,"420,070",500,"78,351",575,0.53,0.01,0.00
0.88,3,4,0.57,"420,073",497,"78,355",571,0.53,0.01,0.00
0.89,350,382,0.52,"420,423",147,"78,737",189,0.56,0.00,0.00
0.9,0,0,nan,"420,423",147,"78,737",189,0.56,0.00,0.00
0.91,11,12,0.52,"420,434",136,"78,749",177,0.57,0.00,0.00
0.92,64,96,0.60,"420,498",72,"78,845",81,0.53,0.00,0.00
0.93,15,13,0.46,"420,513",57,"78,858",68,0.54,0.00,0.00
0.94,49,60,0.55,"420,562",8,"78,918",8,0.50,0.00,0.00
0.95,0,0,nan,"420,562",8,"78,918",8,0.50,0.00,0.00
0.96,0,0,nan,"420,562",8,"78,918",8,0.50,0.00,0.00
0.97,0,0,nan,"420,562",8,"78,918",8,0.50,0.00,0.00
0.98,5,5,0.50,"420,567",3,"78,923",3,0.50,0.00,0.00
0.99,0,0,nan,"420,567",3,"78,923",3,0.50,0.00,0.00
1.0,3,3,0.50,"420,570",0,"78,926",0,nan,0.00,0.00
