p,Neg,Pos,mPrec,TN,FP,FN,TP,Prec,Rec,$\hat{p}$
0.0,412,4,0.01,412,"420,158",4,"78,922",0.16,1.00,1.00
0.1,"5,383",66,0.01,"5,795","414,775",70,"78,856",0.16,1.00,0.99
0.2,"36,951","1,205",0.03,"42,746","377,824","1,275","77,651",0.17,0.98,0.91
0.3,"77,615","4,721",0.06,"120,361","300,209","5,996","72,930",0.20,0.92,0.75
0.4,"113,938","12,783",0.10,"234,299","186,271","18,779","60,147",0.24,0.76,0.49
0.5,"109,427","21,742",0.17,"343,726","76,844","40,521","38,405",0.33,0.49,0.23
0.6,"55,767","21,908",0.28,"399,493","21,077","62,429","16,497",0.44,0.21,0.08
0.7,"14,791","9,911",0.40,"414,284","6,286","72,340","6,586",0.51,0.08,0.03
0.8,"4,904","4,761",0.49,"419,188","1,382","77,101","1,825",0.57,0.02,0.01
0.9,"1,168","1,500",0.56,"420,356",214,"78,601",325,0.60,0.00,0.00
1.0,214,325,0.60,"420,570",0,"78,926",0,nan,0.00,0.00
