p,Neg,Pos,mPrec,TN,FP,FN,TP,Prec,Rec,$\hat{p}$
0.0,185,2,0.01,185,"180,060",2,"33,823",0.16,1.00,1.00
0.01,0,0,nan,185,"180,060",2,"33,823",0.16,1.00,1.00
0.02,0,0,nan,185,"180,060",2,"33,823",0.16,1.00,1.00
0.03,0,0,nan,185,"180,060",2,"33,823",0.16,1.00,1.00
0.04,0,0,nan,185,"180,060",2,"33,823",0.16,1.00,1.00
0.05,560,6,0.01,745,"179,500",8,"33,817",0.16,1.00,1.00
0.06,960,9,0.01,"1,705","178,540",17,"33,808",0.16,1.00,0.99
0.07,0,0,nan,"1,705","178,540",17,"33,808",0.16,1.00,0.99
0.08,0,0,nan,"1,705","178,540",17,"33,808",0.16,1.00,0.99
0.09,344,6,0.02,"2,049","178,196",23,"33,802",0.16,1.00,0.99
0.1,235,4,0.02,"2,284","177,961",27,"33,798",0.16,1.00,0.99
0.11,"2,316",50,0.02,"4,600","175,645",77,"33,748",0.16,1.00,0.98
0.12,0,0,nan,"4,600","175,645",77,"33,748",0.16,1.00,0.98
0.13,0,0,nan,"4,600","175,645",77,"33,748",0.16,1.00,0.98
0.14,"1,527",31,0.02,"6,127","174,118",108,"33,717",0.16,1.00,0.97
0.15,"1,925",33,0.02,"8,052","172,193",141,"33,684",0.16,1.00,0.96
0.16,"1,938",68,0.03,"9,990","170,255",209,"33,616",0.16,0.99,0.95
0.17,1,0,0.00,"9,991","170,254",209,"33,616",0.16,0.99,0.95
0.18,0,0,nan,"9,991","170,254",209,"33,616",0.16,0.99,0.95
0.19,"4,791",172,0.03,"14,782","165,463",381,"33,444",0.17,0.99,0.93
0.2,"4,178",156,0.04,"18,960","161,285",537,"33,288",0.17,0.98,0.91
0.21,"2,762",91,0.03,"21,722","158,523",628,"33,197",0.17,0.98,0.90
0.22,"1,215",38,0.03,"22,937","157,308",666,"33,159",0.17,0.98,0.89
0.23,3,0,0.00,"22,940","157,305",666,"33,159",0.17,0.98,0.89
0.24,"3,028",167,0.05,"25,968","154,277",833,"32,992",0.18,0.98,0.87
0.25,"4,848",307,0.06,"30,816","149,429","1,140","32,685",0.18,0.97,0.85
0.26,"4,317",244,0.05,"35,133","145,112","1,384","32,441",0.18,0.96,0.83
0.27,"3,607",231,0.06,"38,740","141,505","1,615","32,210",0.19,0.95,0.81
0.28,19,0,0.00,"38,759","141,486","1,615","32,210",0.19,0.95,0.81
0.29,"5,110",394,0.07,"43,869","136,376","2,009","31,816",0.19,0.94,0.79
0.3,"7,417",529,0.07,"51,286","128,959","2,538","31,287",0.20,0.92,0.75
0.31,"4,255",331,0.07,"55,541","124,704","2,869","30,956",0.20,0.92,0.73
0.32,"2,409",236,0.09,"57,950","122,295","3,105","30,720",0.20,0.91,0.71
0.33,118,10,0.08,"58,068","122,177","3,115","30,710",0.20,0.91,0.71
0.34,"4,355",411,0.09,"62,423","117,822","3,526","30,299",0.20,0.90,0.69
0.35,"20,579","2,214",0.10,"83,002","97,243","5,740","28,085",0.22,0.83,0.59
0.36,"4,167",432,0.09,"87,169","93,076","6,172","27,653",0.23,0.82,0.56
0.37,"2,164",287,0.12,"89,333","90,912","6,459","27,366",0.23,0.81,0.55
0.38,208,28,0.12,"89,541","90,704","6,487","27,338",0.23,0.81,0.55
0.39,"3,799",480,0.11,"93,340","86,905","6,967","26,858",0.24,0.79,0.53
0.4,"18,471","2,637",0.12,"111,811","68,434","9,604","24,221",0.26,0.72,0.43
0.41,"4,038",718,0.15,"115,849","64,396","10,322","23,503",0.27,0.69,0.41
0.42,"1,289",296,0.19,"117,138","63,107","10,618","23,207",0.27,0.69,0.40
0.43,393,76,0.16,"117,531","62,714","10,694","23,131",0.27,0.68,0.40
0.44,"5,852","1,042",0.15,"123,383","56,862","11,736","22,089",0.28,0.65,0.37
0.45,"12,610","2,478",0.16,"135,993","44,252","14,214","19,611",0.31,0.58,0.30
0.46,"1,464",312,0.18,"137,457","42,788","14,526","19,299",0.31,0.57,0.29
0.47,889,266,0.23,"138,346","41,899","14,792","19,033",0.31,0.56,0.28
0.48,46,10,0.18,"138,392","41,853","14,802","19,023",0.31,0.56,0.28
0.49,"3,891",925,0.19,"142,283","37,962","15,727","18,098",0.32,0.54,0.26
0.5,"12,625","4,055",0.24,"154,908","25,337","19,782","14,043",0.36,0.42,0.18
0.51,"1,184",517,0.30,"156,092","24,153","20,299","13,526",0.36,0.40,0.18
0.52,"1,400",571,0.29,"157,492","22,753","20,870","12,955",0.36,0.38,0.17
0.53,364,80,0.18,"157,856","22,389","20,950","12,875",0.37,0.38,0.16
0.54,"3,131",959,0.23,"160,987","19,258","21,909","11,916",0.38,0.35,0.15
0.55,"2,983","1,039",0.26,"163,970","16,275","22,948","10,877",0.40,0.32,0.13
0.56,723,407,0.36,"164,693","15,552","23,355","10,470",0.40,0.31,0.12
0.57,873,456,0.34,"165,566","14,679","23,811","10,014",0.41,0.30,0.12
0.58,519,160,0.24,"166,085","14,160","23,971","9,854",0.41,0.29,0.11
0.59,"1,910",857,0.31,"167,995","12,250","24,828","8,997",0.42,0.27,0.10
0.6,"3,149","1,795",0.36,"171,144","9,101","26,623","7,202",0.44,0.21,0.08
0.61,535,371,0.41,"171,679","8,566","26,994","6,831",0.44,0.20,0.07
0.62,854,561,0.40,"172,533","7,712","27,555","6,270",0.45,0.19,0.07
0.63,335,215,0.39,"172,868","7,377","27,770","6,055",0.45,0.18,0.06
0.64,923,541,0.37,"173,791","6,454","28,311","5,514",0.46,0.16,0.06
0.65,"1,278",984,0.44,"175,069","5,176","29,295","4,530",0.47,0.13,0.05
0.66,484,374,0.44,"175,553","4,692","29,669","4,156",0.47,0.12,0.04
0.67,481,294,0.38,"176,034","4,211","29,963","3,862",0.48,0.11,0.04
0.68,468,313,0.40,"176,502","3,743","30,276","3,549",0.49,0.10,0.03
0.69,847,586,0.41,"177,349","2,896","30,862","2,963",0.51,0.09,0.03
0.7,172,59,0.26,"177,521","2,724","30,921","2,904",0.52,0.09,0.03
0.71,341,343,0.50,"177,862","2,383","31,264","2,561",0.52,0.08,0.02
0.72,117,96,0.45,"177,979","2,266","31,360","2,465",0.52,0.07,0.02
0.73,281,297,0.51,"178,260","1,985","31,657","2,168",0.52,0.06,0.02
0.74,705,728,0.51,"178,965","1,280","32,385","1,440",0.53,0.04,0.01
0.75,108,73,0.40,"179,073","1,172","32,458","1,367",0.54,0.04,0.01
0.76,206,161,0.44,"179,279",966,"32,619","1,206",0.56,0.04,0.01
0.77,239,303,0.56,"179,518",727,"32,922",903,0.55,0.03,0.01
0.78,7,4,0.36,"179,525",720,"32,926",899,0.56,0.03,0.01
0.79,57,34,0.37,"179,582",663,"32,960",865,0.57,0.03,0.01
0.8,25,57,0.70,"179,607",638,"33,017",808,0.56,0.02,0.01
0.81,137,141,0.51,"179,744",501,"33,158",667,0.57,0.02,0.01
0.82,76,88,0.54,"179,820",425,"33,246",579,0.58,0.02,0.00
0.83,27,10,0.27,"179,847",398,"33,256",569,0.59,0.02,0.00
0.84,39,38,0.49,"179,886",359,"33,294",531,0.60,0.02,0.00
0.85,31,35,0.53,"179,917",328,"33,329",496,0.60,0.01,0.00
0.86,166,224,0.57,"180,083",162,"33,553",272,0.63,0.01,0.00
0.87,17,28,0.62,"180,100",145,"33,581",244,0.63,0.01,0.00
0.88,0,0,nan,"180,100",145,"33,581",244,0.63,0.01,0.00
0.89,0,0,nan,"180,100",145,"33,581",244,0.63,0.01,0.00
0.9,46,100,0.68,"180,146",99,"33,681",144,0.59,0.00,0.00
0.91,76,113,0.60,"180,222",23,"33,794",31,0.57,0.00,0.00
0.92,10,6,0.38,"180,232",13,"33,800",25,0.66,0.00,0.00
0.93,0,0,nan,"180,232",13,"33,800",25,0.66,0.00,0.00
0.94,0,0,nan,"180,232",13,"33,800",25,0.66,0.00,0.00
0.95,6,15,0.71,"180,238",7,"33,815",10,0.59,0.00,0.00
0.96,0,0,nan,"180,238",7,"33,815",10,0.59,0.00,0.00
0.97,0,0,nan,"180,238",7,"33,815",10,0.59,0.00,0.00
0.98,0,0,nan,"180,238",7,"33,815",10,0.59,0.00,0.00
0.99,0,0,nan,"180,238",7,"33,815",10,0.59,0.00,0.00
1.0,7,10,0.59,"180,245",0,"33,825",0,nan,0.00,0.00
