p,Neg,Pos,mPrec,TN,FP,FN,TP,Prec,Rec,$\hat{p}$
0.0,"3,424",130,0.04,"3,424","176,821",130,"33,695",0.16,1.00,0.98
0.1,"17,912",949,0.05,"21,336","158,909","1,079","32,746",0.17,0.97,0.90
0.2,"17,256","1,304",0.07,"38,592","141,653","2,383","31,442",0.18,0.93,0.81
0.3,"28,993","3,022",0.09,"67,585","112,660","5,405","28,420",0.20,0.84,0.66
0.4,"42,489","6,434",0.13,"110,074","70,171","11,839","21,986",0.24,0.65,0.43
0.5,"36,127","7,549",0.17,"146,201","34,044","19,388","14,437",0.30,0.43,0.23
0.6,"16,501","4,802",0.23,"162,702","17,543","24,190","9,635",0.35,0.28,0.13
0.7,"9,438","3,881",0.29,"172,140","8,105","28,071","5,754",0.42,0.17,0.06
0.8,"3,685","2,207",0.37,"175,825","4,420","30,278","3,547",0.45,0.10,0.04
0.9,"2,304","1,667",0.42,"178,129","2,116","31,945","1,880",0.47,0.06,0.02
1.0,"2,116","1,880",0.47,"180,245",0,"33,825",0,nan,0.00,0.00
