p,Neg,Pos,mPrec,TN,FP,FN,TP,Prec,Rec,$\hat{p}$
0.0,0,0,nan,0,"180,245",0,"33,825",0.16,1.00,1.00
0.01,0,0,nan,0,"180,245",0,"33,825",0.16,1.00,1.00
0.02,0,0,nan,0,"180,245",0,"33,825",0.16,1.00,1.00
0.03,"21,834","1,466",0.06,"21,834","158,411","1,466","32,359",0.17,0.96,0.89
0.04,0,0,nan,"21,834","158,411","1,466","32,359",0.17,0.96,0.89
0.05,0,0,nan,"21,834","158,411","1,466","32,359",0.17,0.96,0.89
0.06,0,0,nan,"21,834","158,411","1,466","32,359",0.17,0.96,0.89
0.07,0,0,nan,"21,834","158,411","1,466","32,359",0.17,0.96,0.89
0.08,0,0,nan,"21,834","158,411","1,466","32,359",0.17,0.96,0.89
0.09,"4,164",252,0.06,"25,998","154,247","1,718","32,107",0.17,0.95,0.87
0.1,"6,467",477,0.07,"32,465","147,780","2,195","31,630",0.18,0.94,0.84
0.11,0,0,nan,"32,465","147,780","2,195","31,630",0.18,0.94,0.84
0.12,0,0,nan,"32,465","147,780","2,195","31,630",0.18,0.94,0.84
0.13,0,0,nan,"32,465","147,780","2,195","31,630",0.18,0.94,0.84
0.14,0,0,nan,"32,465","147,780","2,195","31,630",0.18,0.94,0.84
0.15,"1,100",84,0.07,"33,565","146,680","2,279","31,546",0.18,0.93,0.83
0.16,0,0,nan,"33,565","146,680","2,279","31,546",0.18,0.93,0.83
0.17,"3,029",282,0.09,"36,594","143,651","2,561","31,264",0.18,0.92,0.82
0.18,0,0,nan,"36,594","143,651","2,561","31,264",0.18,0.92,0.82
0.19,0,0,nan,"36,594","143,651","2,561","31,264",0.18,0.92,0.82
0.2,0,0,nan,"36,594","143,651","2,561","31,264",0.18,0.92,0.82
0.21,0,0,nan,"36,594","143,651","2,561","31,264",0.18,0.92,0.82
0.22,0,0,nan,"36,594","143,651","2,561","31,264",0.18,0.92,0.82
0.23,492,45,0.08,"37,086","143,159","2,606","31,219",0.18,0.92,0.81
0.24,987,122,0.11,"38,073","142,172","2,728","31,097",0.18,0.92,0.81
0.25,0,0,nan,"38,073","142,172","2,728","31,097",0.18,0.92,0.81
0.26,0,0,nan,"38,073","142,172","2,728","31,097",0.18,0.92,0.81
0.27,"15,058","1,713",0.10,"53,131","127,114","4,441","29,384",0.19,0.87,0.73
0.28,0,0,nan,"53,131","127,114","4,441","29,384",0.19,0.87,0.73
0.29,953,160,0.14,"54,084","126,161","4,601","29,224",0.19,0.86,0.73
0.3,31,8,0.21,"54,115","126,130","4,609","29,216",0.19,0.86,0.73
0.31,0,0,nan,"54,115","126,130","4,609","29,216",0.19,0.86,0.73
0.32,"8,994","1,237",0.12,"63,109","117,136","5,846","27,979",0.19,0.83,0.68
0.33,"4,237",549,0.11,"67,346","112,899","6,395","27,430",0.20,0.81,0.66
0.34,0,0,nan,"67,346","112,899","6,395","27,430",0.20,0.81,0.66
0.35,201,22,0.10,"67,547","112,698","6,417","27,408",0.20,0.81,0.65
0.36,600,125,0.17,"68,147","112,098","6,542","27,283",0.20,0.81,0.65
0.37,0,0,nan,"68,147","112,098","6,542","27,283",0.20,0.81,0.65
0.38,0,0,nan,"68,147","112,098","6,542","27,283",0.20,0.81,0.65
0.39,"2,252",355,0.14,"70,399","109,846","6,897","26,928",0.20,0.80,0.64
0.4,0,0,nan,"70,399","109,846","6,897","26,928",0.20,0.80,0.64
0.41,"2,089",355,0.15,"72,488","107,757","7,252","26,573",0.20,0.79,0.63
0.42,0,0,nan,"72,488","107,757","7,252","26,573",0.20,0.79,0.63
0.43,"20,708","3,075",0.13,"93,196","87,049","10,327","23,498",0.21,0.69,0.52
0.44,0,0,nan,"93,196","87,049","10,327","23,498",0.21,0.69,0.52
0.45,0,0,nan,"93,196","87,049","10,327","23,498",0.21,0.69,0.52
0.46,"1,060",187,0.15,"94,256","85,989","10,514","23,311",0.21,0.69,0.51
0.47,0,0,nan,"94,256","85,989","10,514","23,311",0.21,0.69,0.51
0.48,753,139,0.16,"95,009","85,236","10,653","23,172",0.21,0.69,0.51
0.49,"2,995",490,0.14,"98,004","82,241","11,143","22,682",0.22,0.67,0.49
0.5,"5,671","1,090",0.16,"103,675","76,570","12,233","21,592",0.22,0.64,0.46
0.51,"19,375","3,709",0.16,"123,050","57,195","15,942","17,883",0.24,0.53,0.35
0.52,0,0,nan,"123,050","57,195","15,942","17,883",0.24,0.53,0.35
0.53,"1,098",268,0.20,"124,148","56,097","16,210","17,615",0.24,0.52,0.34
0.54,0,0,nan,"124,148","56,097","16,210","17,615",0.24,0.52,0.34
0.55,0,0,nan,"124,148","56,097","16,210","17,615",0.24,0.52,0.34
0.56,"4,740","1,044",0.18,"128,888","51,357","17,254","16,571",0.24,0.49,0.32
0.57,"2,894",599,0.17,"131,782","48,463","17,853","15,972",0.25,0.47,0.30
0.58,"5,890","1,330",0.18,"137,672","42,573","19,183","14,642",0.26,0.43,0.27
0.59,602,138,0.19,"138,274","41,971","19,321","14,504",0.26,0.43,0.26
0.6,0,0,nan,"138,274","41,971","19,321","14,504",0.26,0.43,0.26
0.61,0,0,nan,"138,274","41,971","19,321","14,504",0.26,0.43,0.26
0.62,0,0,nan,"138,274","41,971","19,321","14,504",0.26,0.43,0.26
0.63,"1,517",389,0.20,"139,791","40,454","19,710","14,115",0.26,0.42,0.25
0.64,972,234,0.19,"140,763","39,482","19,944","13,881",0.26,0.41,0.25
0.65,"3,108",862,0.22,"143,871","36,374","20,806","13,019",0.26,0.38,0.23
0.66,0,0,nan,"143,871","36,374","20,806","13,019",0.26,0.38,0.23
0.67,0,0,nan,"143,871","36,374","20,806","13,019",0.26,0.38,0.23
0.68,0,0,nan,"143,871","36,374","20,806","13,019",0.26,0.38,0.23
0.69,973,323,0.25,"144,844","35,401","21,129","12,696",0.26,0.38,0.22
0.7,535,148,0.22,"145,379","34,866","21,277","12,548",0.26,0.37,0.22
0.71,216,62,0.22,"145,595","34,650","21,339","12,486",0.26,0.37,0.22
0.72,"13,146","3,866",0.23,"158,741","21,504","25,205","8,620",0.29,0.25,0.14
0.73,0,0,nan,"158,741","21,504","25,205","8,620",0.29,0.25,0.14
0.74,0,0,nan,"158,741","21,504","25,205","8,620",0.29,0.25,0.14
0.75,153,50,0.25,"158,894","21,351","25,255","8,570",0.29,0.25,0.14
0.76,868,269,0.24,"159,762","20,483","25,524","8,301",0.29,0.25,0.13
0.77,"6,466","2,575",0.28,"166,228","14,017","28,099","5,726",0.29,0.17,0.09
0.78,"3,859","1,402",0.27,"170,087","10,158","29,501","4,324",0.30,0.13,0.07
0.79,0,0,nan,"170,087","10,158","29,501","4,324",0.30,0.13,0.07
0.8,0,0,nan,"170,087","10,158","29,501","4,324",0.30,0.13,0.07
0.81,0,0,nan,"170,087","10,158","29,501","4,324",0.30,0.13,0.07
0.82,326,126,0.28,"170,413","9,832","29,627","4,198",0.30,0.12,0.07
0.83,0,0,nan,"170,413","9,832","29,627","4,198",0.30,0.12,0.07
0.84,"2,619","1,079",0.29,"173,032","7,213","30,706","3,119",0.30,0.09,0.05
0.85,0,0,nan,"173,032","7,213","30,706","3,119",0.30,0.09,0.05
0.86,"2,092",797,0.28,"175,124","5,121","31,503","2,322",0.31,0.07,0.03
0.87,0,0,nan,"175,124","5,121","31,503","2,322",0.31,0.07,0.03
0.88,0,0,nan,"175,124","5,121","31,503","2,322",0.31,0.07,0.03
0.89,155,67,0.30,"175,279","4,966","31,570","2,255",0.31,0.07,0.03
0.9,0,0,nan,"175,279","4,966","31,570","2,255",0.31,0.07,0.03
0.91,"1,133",468,0.29,"176,412","3,833","32,038","1,787",0.32,0.05,0.03
0.92,710,261,0.27,"177,122","3,123","32,299","1,526",0.33,0.05,0.02
0.93,141,89,0.39,"177,263","2,982","32,388","1,437",0.33,0.04,0.02
0.94,0,0,nan,"177,263","2,982","32,388","1,437",0.33,0.04,0.02
0.95,0,0,nan,"177,263","2,982","32,388","1,437",0.33,0.04,0.02
0.96,0,0,nan,"177,263","2,982","32,388","1,437",0.33,0.04,0.02
0.97,0,0,nan,"177,263","2,982","32,388","1,437",0.33,0.04,0.02
0.98,"1,387",655,0.32,"178,650","1,595","33,043",782,0.33,0.02,0.01
0.99,0,0,nan,"178,650","1,595","33,043",782,0.33,0.02,0.01
1.0,"1,595",782,0.33,"180,245",0,"33,825",0,nan,0.00,0.00
