p,Neg,Pos,mPrec,TN,FP,FN,TP,Prec,Rec,$\hat{p}$
0.0,"1,633",60,0.04,"1,633","178,612",60,"33,765",0.16,1.00,0.99
0.01,"1,791",70,0.04,"3,424","176,821",130,"33,695",0.16,1.00,0.98
0.02,440,24,0.05,"3,864","176,381",154,"33,671",0.16,1.00,0.98
0.03,"7,508",360,0.05,"11,372","168,873",514,"33,311",0.16,0.98,0.94
0.04,0,0,nan,"11,372","168,873",514,"33,311",0.16,0.98,0.94
0.05,120,6,0.05,"11,492","168,753",520,"33,305",0.16,0.98,0.94
0.06,0,0,nan,"11,492","168,753",520,"33,305",0.16,0.98,0.94
0.07,0,0,nan,"11,492","168,753",520,"33,305",0.16,0.98,0.94
0.08,0,0,nan,"11,492","168,753",520,"33,305",0.16,0.98,0.94
0.09,537,26,0.05,"12,029","168,216",546,"33,279",0.17,0.98,0.94
0.1,"7,533",445,0.06,"19,562","160,683",991,"32,834",0.17,0.97,0.90
0.11,"1,774",88,0.05,"21,336","158,909","1,079","32,746",0.17,0.97,0.90
0.12,"5,072",295,0.05,"26,408","153,837","1,374","32,451",0.17,0.96,0.87
0.13,0,0,nan,"26,408","153,837","1,374","32,451",0.17,0.96,0.87
0.14,"1,665",144,0.08,"28,073","152,172","1,518","32,307",0.18,0.96,0.86
0.15,0,0,nan,"28,073","152,172","1,518","32,307",0.18,0.96,0.86
0.16,130,4,0.03,"28,203","152,042","1,522","32,303",0.18,0.96,0.86
0.17,0,0,nan,"28,203","152,042","1,522","32,303",0.18,0.96,0.86
0.18,"1,969",150,0.07,"30,172","150,073","1,672","32,153",0.18,0.95,0.85
0.19,"5,345",466,0.08,"35,517","144,728","2,138","31,687",0.18,0.94,0.82
0.2,"1,108",83,0.07,"36,625","143,620","2,221","31,604",0.18,0.93,0.82
0.21,"1,967",162,0.08,"38,592","141,653","2,383","31,442",0.18,0.93,0.81
0.22,0,0,nan,"38,592","141,653","2,383","31,442",0.18,0.93,0.81
0.23,"7,114",628,0.08,"45,706","134,539","3,011","30,814",0.19,0.91,0.77
0.24,"2,945",276,0.09,"48,651","131,594","3,287","30,538",0.19,0.90,0.76
0.25,241,32,0.12,"48,892","131,353","3,319","30,506",0.19,0.90,0.76
0.26,95,8,0.08,"48,987","131,258","3,327","30,498",0.19,0.90,0.76
0.27,"1,192",127,0.10,"50,179","130,066","3,454","30,371",0.19,0.90,0.75
0.28,553,52,0.09,"50,732","129,513","3,506","30,319",0.19,0.90,0.75
0.29,80,4,0.05,"50,812","129,433","3,510","30,315",0.19,0.90,0.75
0.3,"8,209",918,0.10,"59,021","121,224","4,428","29,397",0.20,0.87,0.70
0.31,"2,752",335,0.11,"61,773","118,472","4,763","29,062",0.20,0.86,0.69
0.32,"5,812",642,0.10,"67,585","112,660","5,405","28,420",0.20,0.84,0.66
0.33,"15,154","1,848",0.11,"82,739","97,506","7,253","26,572",0.21,0.79,0.58
0.34,0,0,nan,"82,739","97,506","7,253","26,572",0.21,0.79,0.58
0.35,487,85,0.15,"83,226","97,019","7,338","26,487",0.21,0.78,0.58
0.36,71,8,0.10,"83,297","96,948","7,346","26,479",0.21,0.78,0.58
0.37,"1,436",203,0.12,"84,733","95,512","7,549","26,276",0.22,0.78,0.57
0.38,261,42,0.14,"84,994","95,251","7,591","26,234",0.22,0.78,0.57
0.39,"6,732","1,076",0.14,"91,726","88,519","8,667","25,158",0.22,0.74,0.53
0.4,"12,896","2,122",0.14,"104,622","75,623","10,789","23,036",0.23,0.68,0.46
0.41,"5,222","1,001",0.16,"109,844","70,401","11,790","22,035",0.24,0.65,0.43
0.42,"10,048","1,657",0.14,"119,892","60,353","13,447","20,378",0.25,0.60,0.38
0.43,0,0,nan,"119,892","60,353","13,447","20,378",0.25,0.60,0.38
0.44,960,259,0.21,"120,852","59,393","13,706","20,119",0.25,0.59,0.37
0.45,314,44,0.12,"121,166","59,079","13,750","20,075",0.25,0.59,0.37
0.46,"1,053",225,0.18,"122,219","58,026","13,975","19,850",0.25,0.59,0.36
0.47,343,58,0.14,"122,562","57,683","14,033","19,792",0.26,0.59,0.36
0.48,"4,381",974,0.18,"126,943","53,302","15,007","18,818",0.26,0.56,0.34
0.49,"9,162","2,137",0.19,"136,105","44,140","17,144","16,681",0.27,0.49,0.28
0.5,"8,719","1,894",0.18,"144,824","35,421","19,038","14,787",0.29,0.44,0.23
0.51,"1,370",348,0.20,"146,194","34,051","19,386","14,439",0.30,0.43,0.23
0.52,7,2,0.22,"146,201","34,044","19,388","14,437",0.30,0.43,0.23
0.53,377,109,0.22,"146,578","33,667","19,497","14,328",0.30,0.42,0.22
0.54,201,66,0.25,"146,779","33,466","19,563","14,262",0.30,0.42,0.22
0.55,273,71,0.21,"147,052","33,193","19,634","14,191",0.30,0.42,0.22
0.56,739,196,0.21,"147,791","32,454","19,830","13,995",0.30,0.41,0.22
0.57,"7,971","2,197",0.22,"155,762","24,483","22,027","11,798",0.33,0.35,0.17
0.58,842,232,0.22,"156,604","23,641","22,259","11,566",0.33,0.34,0.16
0.59,"3,695","1,098",0.23,"160,299","19,946","23,357","10,468",0.34,0.31,0.14
0.6,"1,718",591,0.26,"162,017","18,228","23,948","9,877",0.35,0.29,0.13
0.61,92,35,0.28,"162,109","18,136","23,983","9,842",0.35,0.29,0.13
0.62,593,207,0.26,"162,702","17,543","24,190","9,635",0.35,0.28,0.13
0.63,62,15,0.19,"162,764","17,481","24,205","9,620",0.35,0.28,0.13
0.64,942,314,0.25,"163,706","16,539","24,519","9,306",0.36,0.28,0.12
0.65,903,329,0.27,"164,609","15,636","24,848","8,977",0.36,0.27,0.11
0.66,"2,762","1,128",0.29,"167,371","12,874","25,976","7,849",0.38,0.23,0.10
0.67,921,370,0.29,"168,292","11,953","26,346","7,479",0.38,0.22,0.09
0.68,621,234,0.27,"168,913","11,332","26,580","7,245",0.39,0.21,0.09
0.69,588,217,0.27,"169,501","10,744","26,797","7,028",0.40,0.21,0.08
0.7,228,98,0.30,"169,729","10,516","26,895","6,930",0.40,0.20,0.08
0.71,"2,028","1,000",0.33,"171,757","8,488","27,895","5,930",0.41,0.18,0.07
0.72,383,176,0.31,"172,140","8,105","28,071","5,754",0.42,0.17,0.06
0.73,0,0,nan,"172,140","8,105","28,071","5,754",0.42,0.17,0.06
0.74,774,393,0.34,"172,914","7,331","28,464","5,361",0.42,0.16,0.06
0.75,68,26,0.28,"172,982","7,263","28,490","5,335",0.42,0.16,0.06
0.76,88,42,0.32,"173,070","7,175","28,532","5,293",0.42,0.16,0.06
0.77,223,136,0.38,"173,293","6,952","28,668","5,157",0.43,0.15,0.06
0.78,822,501,0.38,"174,115","6,130","29,169","4,656",0.43,0.14,0.05
0.79,77,27,0.26,"174,192","6,053","29,196","4,629",0.43,0.14,0.05
0.8,945,637,0.40,"175,137","5,108","29,833","3,992",0.44,0.12,0.04
0.81,635,407,0.39,"175,772","4,473","30,240","3,585",0.44,0.11,0.04
0.82,47,34,0.42,"175,819","4,426","30,274","3,551",0.45,0.10,0.04
0.83,6,4,0.40,"175,825","4,420","30,278","3,547",0.45,0.10,0.04
0.84,22,21,0.49,"175,847","4,398","30,299","3,526",0.44,0.10,0.04
0.85,130,64,0.33,"175,977","4,268","30,363","3,462",0.45,0.10,0.04
0.86,83,96,0.54,"176,060","4,185","30,459","3,366",0.45,0.10,0.04
0.87,"1,579","1,158",0.42,"177,639","2,606","31,617","2,208",0.46,0.07,0.02
0.88,82,40,0.33,"177,721","2,524","31,657","2,168",0.46,0.06,0.02
0.89,174,104,0.37,"177,895","2,350","31,761","2,064",0.47,0.06,0.02
0.9,0,0,nan,"177,895","2,350","31,761","2,064",0.47,0.06,0.02
0.91,199,160,0.45,"178,094","2,151","31,921","1,904",0.47,0.06,0.02
0.92,3,3,0.50,"178,097","2,148","31,924","1,901",0.47,0.06,0.02
0.93,23,13,0.36,"178,120","2,125","31,937","1,888",0.47,0.06,0.02
0.94,145,44,0.23,"178,265","1,980","31,981","1,844",0.48,0.05,0.02
0.95,286,285,0.50,"178,551","1,694","32,266","1,559",0.48,0.05,0.02
0.96,36,18,0.33,"178,587","1,658","32,284","1,541",0.48,0.05,0.01
0.97,680,672,0.50,"179,267",978,"32,956",869,0.47,0.03,0.01
0.98,447,345,0.44,"179,714",531,"33,301",524,0.50,0.02,0.00
0.99,0,0,nan,"179,714",531,"33,301",524,0.50,0.02,0.00
1.0,531,524,0.50,"180,245",0,"33,825",0,nan,0.00,0.00
