p,Neg,Pos,mPrec,TN,FP,FN,TP,Prec,Rec,$\hat{p}$
0.0,423,6,0.01,423,"420,147",6,"78,920",0.16,1.00,1.00
0.1,"4,601",66,0.01,"5,024","415,546",72,"78,854",0.16,1.00,0.99
0.2,"38,567","1,264",0.03,"43,591","376,979","1,336","77,590",0.17,0.98,0.91
0.3,"75,602","4,446",0.06,"119,193","301,377","5,782","73,144",0.20,0.93,0.75
0.4,"140,413","16,518",0.11,"259,606","160,964","22,300","56,626",0.26,0.72,0.44
0.5,"102,127","23,966",0.19,"361,733","58,837","46,266","32,660",0.36,0.41,0.18
0.6,"37,681","16,154",0.30,"399,414","21,156","62,420","16,506",0.44,0.21,0.08
0.7,"14,771","9,894",0.40,"414,185","6,385","72,314","6,612",0.51,0.08,0.03
0.8,"4,976","4,744",0.49,"419,161","1,409","77,058","1,868",0.57,0.02,0.01
0.9,"1,192","1,522",0.56,"420,353",217,"78,580",346,0.61,0.00,0.00
1.0,217,346,0.61,"420,570",0,"78,926",0,nan,0.00,0.00
