p,Neg,Pos,mPrec,TN,FP,FN,TP,Prec,Rec,$\hat{p}$
0.0,187,3,0.02,187,"180,058",3,"33,822",0.16,1.00,1.00
0.01,0,0,nan,187,"180,058",3,"33,822",0.16,1.00,1.00
0.02,0,0,nan,187,"180,058",3,"33,822",0.16,1.00,1.00
0.03,2,1,0.33,189,"180,056",4,"33,821",0.16,1.00,1.00
0.04,79,2,0.02,268,"179,977",6,"33,819",0.16,1.00,1.00
0.05,128,4,0.03,396,"179,849",10,"33,815",0.16,1.00,1.00
0.06,"1,215",10,0.01,"1,611","178,634",20,"33,805",0.16,1.00,0.99
0.07,2,0,0.00,"1,613","178,632",20,"33,805",0.16,1.00,0.99
0.08,27,0,0.00,"1,640","178,605",20,"33,805",0.16,1.00,0.99
0.09,331,10,0.03,"1,971","178,274",30,"33,795",0.16,1.00,0.99
0.1,520,11,0.02,"2,491","177,754",41,"33,784",0.16,1.00,0.99
0.11,818,26,0.03,"3,309","176,936",67,"33,758",0.16,1.00,0.98
0.12,"1,266",27,0.02,"4,575","175,670",94,"33,731",0.16,1.00,0.98
0.13,242,2,0.01,"4,817","175,428",96,"33,729",0.16,1.00,0.98
0.14,"2,169",47,0.02,"6,986","173,259",143,"33,682",0.16,1.00,0.97
0.15,676,22,0.03,"7,662","172,583",165,"33,660",0.16,1.00,0.96
0.16,"1,653",37,0.02,"9,315","170,930",202,"33,623",0.16,0.99,0.96
0.17,597,23,0.04,"9,912","170,333",225,"33,600",0.16,0.99,0.95
0.18,"1,116",32,0.03,"11,028","169,217",257,"33,568",0.17,0.99,0.95
0.19,"3,869",163,0.04,"14,897","165,348",420,"33,405",0.17,0.99,0.93
0.2,"3,397",133,0.04,"18,294","161,951",553,"33,272",0.17,0.98,0.91
0.21,"2,664",83,0.03,"20,958","159,287",636,"33,189",0.17,0.98,0.90
0.22,"1,954",55,0.03,"22,912","157,333",691,"33,134",0.17,0.98,0.89
0.23,354,25,0.07,"23,266","156,979",716,"33,109",0.17,0.98,0.89
0.24,"2,571",128,0.05,"25,837","154,408",844,"32,981",0.18,0.98,0.88
0.25,"5,626",296,0.05,"31,463","148,782","1,140","32,685",0.18,0.97,0.85
0.26,"2,563",186,0.07,"34,026","146,219","1,326","32,499",0.18,0.96,0.83
0.27,"4,821",260,0.05,"38,847","141,398","1,586","32,239",0.19,0.95,0.81
0.28,697,34,0.05,"39,544","140,701","1,620","32,205",0.19,0.95,0.81
0.29,"2,412",170,0.07,"41,956","138,289","1,790","32,035",0.19,0.95,0.80
0.3,"9,727",676,0.06,"51,683","128,562","2,466","31,359",0.20,0.93,0.75
0.31,"2,178",149,0.06,"53,861","126,384","2,615","31,210",0.20,0.92,0.74
0.32,"4,301",382,0.08,"58,162","122,083","2,997","30,828",0.20,0.91,0.71
0.33,948,93,0.09,"59,110","121,135","3,090","30,735",0.20,0.91,0.71
0.34,"4,527",395,0.08,"63,637","116,608","3,485","30,340",0.21,0.90,0.69
0.35,"13,888","1,604",0.10,"77,525","102,720","5,089","28,736",0.22,0.85,0.61
0.36,"8,309",855,0.09,"85,834","94,411","5,944","27,881",0.23,0.82,0.57
0.37,"4,002",476,0.11,"89,836","90,409","6,420","27,405",0.23,0.81,0.55
0.38,943,198,0.17,"90,779","89,466","6,618","27,207",0.23,0.80,0.55
0.39,"2,062",302,0.13,"92,841","87,404","6,920","26,905",0.24,0.80,0.53
0.4,"7,858","1,077",0.12,"100,699","79,546","7,997","25,828",0.25,0.76,0.49
0.41,"14,328","2,126",0.13,"115,027","65,218","10,123","23,702",0.27,0.70,0.42
0.42,"2,245",436,0.16,"117,272","62,973","10,559","23,266",0.27,0.69,0.40
0.43,"1,237",233,0.16,"118,509","61,736","10,792","23,033",0.27,0.68,0.40
0.44,"3,289",660,0.17,"121,798","58,447","11,452","22,373",0.28,0.66,0.38
0.45,"6,208","1,155",0.16,"128,006","52,239","12,607","21,218",0.29,0.63,0.34
0.46,"9,115","1,851",0.17,"137,121","43,124","14,458","19,367",0.31,0.57,0.29
0.47,"1,536",404,0.21,"138,657","41,588","14,862","18,963",0.31,0.56,0.28
0.48,541,156,0.22,"139,198","41,047","15,018","18,807",0.31,0.56,0.28
0.49,"2,115",573,0.21,"141,313","38,932","15,591","18,234",0.32,0.54,0.27
0.5,"6,062","1,718",0.22,"147,375","32,870","17,309","16,516",0.33,0.49,0.23
0.51,"8,893","3,027",0.25,"156,268","23,977","20,336","13,489",0.36,0.40,0.18
0.52,"1,048",301,0.22,"157,316","22,929","20,637","13,188",0.37,0.39,0.17
0.53,"1,053",465,0.31,"158,369","21,876","21,102","12,723",0.37,0.38,0.16
0.54,"1,860",623,0.25,"160,229","20,016","21,725","12,100",0.38,0.36,0.15
0.55,"2,944","1,036",0.26,"163,173","17,072","22,761","11,064",0.39,0.33,0.13
0.56,"1,558",743,0.32,"164,731","15,514","23,504","10,321",0.40,0.31,0.12
0.57,719,326,0.31,"165,450","14,795","23,830","9,995",0.40,0.30,0.12
0.58,"1,102",460,0.29,"166,552","13,693","24,290","9,535",0.41,0.28,0.11
0.59,"1,264",571,0.31,"167,816","12,429","24,861","8,964",0.42,0.27,0.10
0.6,"3,357","1,876",0.36,"171,173","9,072","26,737","7,088",0.44,0.21,0.08
0.61,350,202,0.37,"171,523","8,722","26,939","6,886",0.44,0.20,0.07
0.62,566,376,0.40,"172,089","8,156","27,315","6,510",0.44,0.19,0.07
0.63,971,595,0.38,"173,060","7,185","27,910","5,915",0.45,0.17,0.06
0.64,646,450,0.41,"173,706","6,539","28,360","5,465",0.46,0.16,0.06
0.65,"1,418","1,045",0.42,"175,124","5,121","29,405","4,420",0.46,0.13,0.04
0.66,323,249,0.44,"175,447","4,798","29,654","4,171",0.47,0.12,0.04
0.67,564,416,0.42,"176,011","4,234","30,070","3,755",0.47,0.11,0.04
0.68,672,391,0.37,"176,683","3,562","30,461","3,364",0.49,0.10,0.03
0.69,671,471,0.41,"177,354","2,891","30,932","2,893",0.50,0.09,0.03
0.7,220,132,0.38,"177,574","2,671","31,064","2,761",0.51,0.08,0.03
0.71,159,151,0.49,"177,733","2,512","31,215","2,610",0.51,0.08,0.02
0.72,298,286,0.49,"178,031","2,214","31,501","2,324",0.51,0.07,0.02
0.73,253,255,0.50,"178,284","1,961","31,756","2,069",0.51,0.06,0.02
0.74,638,669,0.51,"178,922","1,323","32,425","1,400",0.51,0.04,0.01
0.75,150,89,0.37,"179,072","1,173","32,514","1,311",0.53,0.04,0.01
0.76,102,103,0.50,"179,174","1,071","32,617","1,208",0.53,0.04,0.01
0.77,344,320,0.48,"179,518",727,"32,937",888,0.55,0.03,0.01
0.78,2,2,0.50,"179,520",725,"32,939",886,0.55,0.03,0.01
0.79,65,30,0.32,"179,585",660,"32,969",856,0.56,0.03,0.01
0.8,43,56,0.57,"179,628",617,"33,025",800,0.56,0.02,0.01
0.81,92,138,0.60,"179,720",525,"33,163",662,0.56,0.02,0.01
0.82,93,113,0.55,"179,813",432,"33,276",549,0.56,0.02,0.00
0.83,20,11,0.35,"179,833",412,"33,287",538,0.57,0.02,0.00
0.84,60,47,0.44,"179,893",352,"33,334",491,0.58,0.01,0.00
0.85,26,19,0.42,"179,919",326,"33,353",472,0.59,0.01,0.00
0.86,139,196,0.59,"180,058",187,"33,549",276,0.60,0.01,0.00
0.87,31,32,0.51,"180,089",156,"33,581",244,0.61,0.01,0.00
0.88,0,0,nan,"180,089",156,"33,581",244,0.61,0.01,0.00
0.89,0,0,nan,"180,089",156,"33,581",244,0.61,0.01,0.00
0.9,54,79,0.59,"180,143",102,"33,660",165,0.62,0.00,0.00
0.91,75,128,0.63,"180,218",27,"33,788",37,0.58,0.00,0.00
0.92,10,10,0.50,"180,228",17,"33,798",27,0.61,0.00,0.00
0.93,0,0,nan,"180,228",17,"33,798",27,0.61,0.00,0.00
0.94,0,1,1.00,"180,228",17,"33,799",26,0.60,0.00,0.00
0.95,0,0,nan,"180,228",17,"33,799",26,0.60,0.00,0.00
0.96,10,19,0.66,"180,238",7,"33,818",7,0.50,0.00,0.00
0.97,0,0,nan,"180,238",7,"33,818",7,0.50,0.00,0.00
0.98,0,0,nan,"180,238",7,"33,818",7,0.50,0.00,0.00
0.99,0,0,nan,"180,238",7,"33,818",7,0.50,0.00,0.00
1.0,7,7,0.50,"180,245",0,"33,825",0,nan,0.00,0.00
