p,Neg,Pos,mPrec,TN,FP,FN,TP,Prec,Rec,$\hat{p}$
0.0,"8,609",414,0.05,"8,609","171,636",414,"33,411",0.16,0.99,0.96
0.1,"17,248",970,0.05,"25,857","154,388","1,384","32,441",0.17,0.96,0.87
0.2,"12,615",981,0.07,"38,472","141,773","2,365","31,460",0.18,0.93,0.81
0.3,"27,915","2,911",0.09,"66,387","113,858","5,276","28,549",0.20,0.84,0.67
0.4,"42,727","6,322",0.13,"109,114","71,131","11,598","22,227",0.24,0.66,0.44
0.5,"34,907","7,161",0.17,"144,021","36,224","18,759","15,066",0.29,0.45,0.24
0.6,"17,390","4,901",0.22,"161,411","18,834","23,660","10,165",0.35,0.30,0.14
0.7,"8,081","3,159",0.28,"169,492","10,753","26,819","7,006",0.39,0.21,0.08
0.8,"4,593","2,373",0.34,"174,085","6,160","29,192","4,633",0.43,0.14,0.05
0.9,"3,653","2,460",0.40,"177,738","2,507","31,652","2,173",0.46,0.06,0.02
1.0,"2,507","2,173",0.46,"180,245",0,"33,825",0,nan,0.00,0.00
