p,Neg,Pos,mPrec,TN,FP,FN,TP,Prec,Rec,$\hat{p}$
0.0,"23,253","1,096",0.05,"23,253","397,317","1,096","77,830",0.16,0.99,0.95
0.1,"37,969","2,174",0.05,"61,222","359,348","3,270","75,656",0.17,0.96,0.87
0.2,"28,253","2,329",0.08,"89,475","331,095","5,599","73,327",0.18,0.93,0.81
0.3,"54,199","5,501",0.09,"143,674","276,896","11,100","67,826",0.20,0.86,0.69
0.4,"112,481","16,260",0.13,"256,155","164,415","27,360","51,566",0.24,0.65,0.43
0.5,"81,623","16,637",0.17,"337,778","82,792","43,997","34,929",0.30,0.44,0.24
0.6,"36,296","10,303",0.22,"374,074","46,496","54,300","24,626",0.35,0.31,0.14
0.7,"21,506","7,935",0.27,"395,580","24,990","62,235","16,691",0.40,0.21,0.08
0.8,"10,803","5,642",0.34,"406,383","14,187","67,877","11,049",0.44,0.14,0.05
0.9,"8,395","5,751",0.41,"414,778","5,792","73,628","5,298",0.48,0.07,0.02
1.0,"5,792","5,298",0.48,"420,570",0,"78,926",0,nan,0.00,0.00
