p,Neg,Pos,mPrec,TN,FP,FN,TP,Prec,Rec,$\hat{p}$
0.0,0,0,nan,0,"180,245",0,"33,825",0.16,1.00,1.00
0.05,"21,834","1,466",0.06,"21,834","158,411","1,466","32,359",0.17,0.96,0.89
0.1,"10,631",729,0.06,"32,465","147,780","2,195","31,630",0.18,0.94,0.84
0.15,"1,100",84,0.07,"33,565","146,680","2,279","31,546",0.18,0.93,0.83
0.2,"3,029",282,0.09,"36,594","143,651","2,561","31,264",0.18,0.92,0.82
0.25,"1,479",167,0.10,"38,073","142,172","2,728","31,097",0.18,0.92,0.81
0.3,"16,042","1,881",0.10,"54,115","126,130","4,609","29,216",0.19,0.86,0.73
0.35,"13,432","1,808",0.12,"67,547","112,698","6,417","27,408",0.20,0.81,0.65
0.4,"2,852",480,0.14,"70,399","109,846","6,897","26,928",0.20,0.80,0.64
0.45,"22,797","3,430",0.13,"93,196","87,049","10,327","23,498",0.21,0.69,0.52
0.5,"10,479","1,906",0.15,"103,675","76,570","12,233","21,592",0.22,0.64,0.46
0.55,"20,473","3,977",0.16,"124,148","56,097","16,210","17,615",0.24,0.52,0.34
0.6,"14,126","3,111",0.18,"138,274","41,971","19,321","14,504",0.26,0.43,0.26
0.65,"5,597","1,485",0.21,"143,871","36,374","20,806","13,019",0.26,0.38,0.23
0.7,"1,508",471,0.24,"145,379","34,866","21,277","12,548",0.26,0.37,0.22
0.75,"13,515","3,978",0.23,"158,894","21,351","25,255","8,570",0.29,0.25,0.14
0.8,"11,193","4,246",0.28,"170,087","10,158","29,501","4,324",0.30,0.13,0.07
0.85,"2,945","1,205",0.29,"173,032","7,213","30,706","3,119",0.30,0.09,0.05
0.9,"2,247",864,0.28,"175,279","4,966","31,570","2,255",0.31,0.07,0.03
0.95,"1,984",818,0.29,"177,263","2,982","32,388","1,437",0.33,0.04,0.02
1.0,"2,982","1,437",0.33,"180,245",0,"33,825",0,nan,0.00,0.00
