p,Neg,Pos,mPrec,TN,FP,FN,TP,Prec,Rec,FP/P,$\hat{p}$
0.0,808,31,0.04,808,"600,007",31,"112,720",0.16,1.00,5.321522647249249,1.00
0.1,"37,387","1,725",0.04,"38,195","562,620","1,756","110,995",0.16,0.98,4.989933570433965,0.94
0.2,"88,049","6,044",0.06,"126,244","474,571","7,800","104,951",0.18,0.93,4.209018101835017,0.81
0.3,"147,323","16,434",0.10,"273,567","327,248","24,234","88,517",0.21,0.79,2.902395544163688,0.58
0.4,"144,711","24,537",0.14,"418,278","182,537","48,771","63,980",0.26,0.57,1.6189390781456483,0.35
0.5,"121,978","30,873",0.20,"540,256","60,559","79,644","33,107",0.35,0.29,0.5371038837793013,0.13
0.6,"36,418","15,127",0.29,"576,674","24,141","94,771","17,980",0.43,0.16,0.2141089657741395,0.06
0.7,"15,468","10,255",0.40,"592,142","8,673","105,026","7,725",0.47,0.07,0.07692171244600934,0.02
0.8,"7,063","5,998",0.46,"599,205","1,610","111,024","1,727",0.52,0.02,0.014279252512172842,0.00
0.9,"1,597","1,710",0.52,"600,802",13,"112,734",17,0.57,0.00,0.00011529831221009127,0.00
1.0,13,17,0.57,"600,815",0,"112,751",0,nan,0.00,0.0,0.00
