p,Neg,Pos,mPrec,TN,FP,FN,TP,Prec,Rec,$\hat{p}$
0.0,"51,116","3,257",0.06,"51,116","369,454","3,257","75,669",0.17,0.96,0.89
0.1,"24,814","1,747",0.07,"75,930","344,640","5,004","73,922",0.18,0.94,0.84
0.2,"12,933","1,273",0.09,"88,863","331,707","6,277","72,649",0.18,0.92,0.81
0.3,"67,671","8,404",0.11,"156,534","264,036","14,681","64,245",0.20,0.81,0.66
0.4,"60,637","9,218",0.13,"217,171","203,399","23,899","55,027",0.21,0.70,0.52
0.5,"72,061","13,532",0.16,"289,232","131,338","37,431","41,495",0.24,0.53,0.35
0.6,"45,619","10,865",0.19,"334,851","85,719","48,296","30,630",0.26,0.39,0.23
0.7,"35,570","10,525",0.23,"370,421","50,149","58,821","20,105",0.29,0.25,0.14
0.8,"34,955","13,316",0.28,"405,376","15,194","72,137","6,789",0.31,0.09,0.04
0.9,"8,354","3,420",0.29,"413,730","6,840","75,557","3,369",0.33,0.04,0.02
1.0,"6,840","3,369",0.33,"420,570",0,"78,926",0,nan,0.00,0.00
