p,Neg,Pos,mPrec,TN,FP,FN,TP,Prec,Rec,$\hat{p}$
0.0,"3,940",144,0.04,"3,940","416,630",144,"78,782",0.16,1.00,0.99
0.01,"4,170",202,0.05,"8,110","412,460",346,"78,580",0.16,1.00,0.98
0.02,945,58,0.06,"9,055","411,515",404,"78,522",0.16,0.99,0.98
0.03,"17,412",815,0.04,"26,467","394,103","1,219","77,707",0.16,0.98,0.94
0.04,0,0,nan,"26,467","394,103","1,219","77,707",0.16,0.98,0.94
0.05,236,17,0.07,"26,703","393,867","1,236","77,690",0.16,0.98,0.94
0.06,0,0,nan,"26,703","393,867","1,236","77,690",0.16,0.98,0.94
0.07,0,0,nan,"26,703","393,867","1,236","77,690",0.16,0.98,0.94
0.08,0,0,nan,"26,703","393,867","1,236","77,690",0.16,0.98,0.94
0.09,"1,284",68,0.05,"27,987","392,583","1,304","77,622",0.17,0.98,0.94
0.1,"17,457","1,036",0.06,"45,444","375,126","2,340","76,586",0.17,0.97,0.90
0.11,"4,049",247,0.06,"49,493","371,077","2,587","76,339",0.17,0.97,0.90
0.12,"11,729",683,0.06,"61,222","359,348","3,270","75,656",0.17,0.96,0.87
0.13,0,0,nan,"61,222","359,348","3,270","75,656",0.17,0.96,0.87
0.14,"3,818",316,0.08,"65,040","355,530","3,586","75,340",0.17,0.95,0.86
0.15,0,0,nan,"65,040","355,530","3,586","75,340",0.17,0.95,0.86
0.16,241,18,0.07,"65,281","355,289","3,604","75,322",0.17,0.95,0.86
0.17,0,0,nan,"65,281","355,289","3,604","75,322",0.17,0.95,0.86
0.18,"4,485",365,0.08,"69,766","350,804","3,969","74,957",0.18,0.95,0.85
0.19,"12,435","1,027",0.08,"82,201","338,369","4,996","73,930",0.18,0.94,0.83
0.2,"2,542",196,0.07,"84,743","335,827","5,192","73,734",0.18,0.93,0.82
0.21,"4,732",407,0.08,"89,475","331,095","5,599","73,327",0.18,0.93,0.81
0.22,0,0,nan,"89,475","331,095","5,599","73,327",0.18,0.93,0.81
0.23,"16,501","1,426",0.08,"105,976","314,594","7,025","71,901",0.19,0.91,0.77
0.24,"6,831",678,0.09,"112,807","307,763","7,703","71,223",0.19,0.90,0.76
0.25,570,67,0.11,"113,377","307,193","7,770","71,156",0.19,0.90,0.76
0.26,270,23,0.08,"113,647","306,923","7,793","71,133",0.19,0.90,0.76
0.27,"2,763",327,0.11,"116,410","304,160","8,120","70,806",0.19,0.90,0.75
0.28,"1,282",156,0.11,"117,692","302,878","8,276","70,650",0.19,0.90,0.75
0.29,158,16,0.09,"117,850","302,720","8,292","70,634",0.19,0.89,0.75
0.3,"19,349","2,104",0.10,"137,199","283,371","10,396","68,530",0.19,0.87,0.70
0.31,"6,475",704,0.10,"143,674","276,896","11,100","67,826",0.20,0.86,0.69
0.32,"13,776","1,629",0.11,"157,450","263,120","12,729","66,197",0.20,0.84,0.66
0.33,"35,092","4,464",0.11,"192,542","228,028","17,193","61,733",0.21,0.78,0.58
0.34,0,0,nan,"192,542","228,028","17,193","61,733",0.21,0.78,0.58
0.35,"1,162",174,0.13,"193,704","226,866","17,367","61,559",0.21,0.78,0.58
0.36,168,21,0.11,"193,872","226,698","17,388","61,538",0.21,0.78,0.58
0.37,"3,398",538,0.14,"197,270","223,300","17,926","61,000",0.21,0.77,0.57
0.38,645,101,0.14,"197,915","222,655","18,027","60,899",0.21,0.77,0.57
0.39,"15,612","2,445",0.14,"213,527","207,043","20,472","58,454",0.22,0.74,0.53
0.4,"30,255","4,799",0.14,"243,782","176,788","25,271","53,655",0.23,0.68,0.46
0.41,"12,386","2,090",0.14,"256,168","164,402","27,361","51,565",0.24,0.65,0.43
0.42,"22,958","3,848",0.14,"279,126","141,444","31,209","47,717",0.25,0.60,0.38
0.43,0,0,nan,"279,126","141,444","31,209","47,717",0.25,0.60,0.38
0.44,"2,260",564,0.20,"281,386","139,184","31,773","47,153",0.25,0.60,0.37
0.45,655,142,0.18,"282,041","138,529","31,915","47,011",0.25,0.60,0.37
0.46,"2,519",541,0.18,"284,560","136,010","32,456","46,470",0.25,0.59,0.37
0.47,761,135,0.15,"285,321","135,249","32,591","46,335",0.26,0.59,0.36
0.48,"10,213","2,187",0.18,"295,534","125,036","34,778","44,148",0.26,0.56,0.34
0.49,"21,649","4,853",0.18,"317,183","103,387","39,631","39,295",0.28,0.50,0.29
0.5,"20,595","4,366",0.17,"337,778","82,792","43,997","34,929",0.30,0.44,0.24
0.51,"3,210",854,0.21,"340,988","79,582","44,851","34,075",0.30,0.43,0.23
0.52,16,1,0.06,"341,004","79,566","44,852","34,074",0.30,0.43,0.23
0.53,963,304,0.24,"341,967","78,603","45,156","33,770",0.30,0.43,0.22
0.54,539,154,0.22,"342,506","78,064","45,310","33,616",0.30,0.43,0.22
0.55,600,161,0.21,"343,106","77,464","45,471","33,455",0.30,0.42,0.22
0.56,"1,615",479,0.23,"344,721","75,849","45,950","32,976",0.30,0.42,0.22
0.57,"18,766","5,206",0.22,"363,487","57,083","51,156","27,770",0.33,0.35,0.17
0.58,"1,892",515,0.21,"365,379","55,191","51,671","27,255",0.33,0.35,0.17
0.59,"8,695","2,629",0.23,"374,074","46,496","54,300","24,626",0.35,0.31,0.14
0.6,"3,951","1,310",0.25,"378,025","42,545","55,610","23,316",0.35,0.30,0.13
0.61,240,88,0.27,"378,265","42,305","55,698","23,228",0.35,0.29,0.13
0.62,"1,358",475,0.26,"379,623","40,947","56,173","22,753",0.36,0.29,0.13
0.63,119,49,0.29,"379,742","40,828","56,222","22,704",0.36,0.29,0.13
0.64,"2,188",733,0.25,"381,930","38,640","56,955","21,971",0.36,0.28,0.12
0.65,"2,036",809,0.28,"383,966","36,604","57,764","21,162",0.37,0.27,0.12
0.66,"6,533","2,644",0.29,"390,499","30,071","60,408","18,518",0.38,0.23,0.10
0.67,"2,307",813,0.26,"392,806","27,764","61,221","17,705",0.39,0.22,0.09
0.68,"1,432",519,0.27,"394,238","26,332","61,740","17,186",0.39,0.22,0.09
0.69,"1,342",495,0.27,"395,580","24,990","62,235","16,691",0.40,0.21,0.08
0.7,587,217,0.27,"396,167","24,403","62,452","16,474",0.40,0.21,0.08
0.71,"4,692","2,370",0.34,"400,859","19,711","64,822","14,104",0.42,0.18,0.07
0.72,898,438,0.33,"401,757","18,813","65,260","13,666",0.42,0.17,0.07
0.73,0,0,nan,"401,757","18,813","65,260","13,666",0.42,0.17,0.07
0.74,"1,844",975,0.35,"403,601","16,969","66,235","12,691",0.43,0.16,0.06
0.75,162,73,0.31,"403,763","16,807","66,308","12,618",0.43,0.16,0.06
0.76,206,83,0.29,"403,969","16,601","66,391","12,535",0.43,0.16,0.06
0.77,540,336,0.38,"404,509","16,061","66,727","12,199",0.43,0.15,0.06
0.78,"1,842","1,128",0.38,"406,351","14,219","67,855","11,071",0.44,0.14,0.05
0.79,136,68,0.33,"406,487","14,083","67,923","11,003",0.44,0.14,0.05
0.8,"2,133","1,457",0.41,"408,620","11,950","69,380","9,546",0.44,0.12,0.04
0.81,"1,473",971,0.40,"410,093","10,477","70,351","8,575",0.45,0.11,0.04
0.82,130,83,0.39,"410,223","10,347","70,434","8,492",0.45,0.11,0.04
0.83,14,9,0.39,"410,237","10,333","70,443","8,483",0.45,0.11,0.04
0.84,55,44,0.44,"410,292","10,278","70,487","8,439",0.45,0.11,0.04
0.85,308,127,0.29,"410,600","9,970","70,614","8,312",0.45,0.11,0.04
0.86,203,226,0.53,"410,803","9,767","70,840","8,086",0.45,0.10,0.04
0.87,"3,779","2,685",0.42,"414,582","5,988","73,525","5,401",0.47,0.07,0.02
0.88,196,103,0.34,"414,778","5,792","73,628","5,298",0.48,0.07,0.02
0.89,375,224,0.37,"415,153","5,417","73,852","5,074",0.48,0.06,0.02
0.9,0,0,nan,"415,153","5,417","73,852","5,074",0.48,0.06,0.02
0.91,449,374,0.45,"415,602","4,968","74,226","4,700",0.49,0.06,0.02
0.92,9,3,0.25,"415,611","4,959","74,229","4,697",0.49,0.06,0.02
0.93,44,32,0.42,"415,655","4,915","74,261","4,665",0.49,0.06,0.02
0.94,261,141,0.35,"415,916","4,654","74,402","4,524",0.49,0.06,0.02
0.95,714,736,0.51,"416,630","3,940","75,138","3,788",0.49,0.05,0.02
0.96,64,30,0.32,"416,694","3,876","75,168","3,758",0.49,0.05,0.02
0.97,"1,629","1,614",0.50,"418,323","2,247","76,782","2,144",0.49,0.03,0.01
0.98,"1,057",845,0.44,"419,380","1,190","77,627","1,299",0.52,0.02,0.00
0.99,0,0,nan,"419,380","1,190","77,627","1,299",0.52,0.02,0.00
1.0,"1,190","1,299",0.52,"420,570",0,"78,926",0,nan,0.00,0.00
