p,Neg,Pos,mPrec,TN,FP,FN,TP,Prec,Rec,$\hat{p}$
0.0,"4,559",94,0.02,"4,559","175,686",94,"33,731",0.16,1.00,0.98
0.01,25,0,0.00,"4,584","175,661",94,"33,731",0.16,1.00,0.98
0.02,233,2,0.01,"4,817","175,428",96,"33,729",0.16,1.00,0.98
0.03,679,19,0.03,"5,496","174,749",115,"33,710",0.16,1.00,0.97
0.04,"2,082",46,0.02,"7,578","172,667",161,"33,664",0.16,1.00,0.96
0.05,84,4,0.05,"7,662","172,583",165,"33,660",0.16,1.00,0.96
0.06,"1,312",26,0.02,"8,974","171,271",191,"33,634",0.16,0.99,0.96
0.07,806,29,0.03,"9,780","170,465",220,"33,605",0.16,0.99,0.95
0.08,132,5,0.04,"9,912","170,333",225,"33,600",0.16,0.99,0.95
0.09,199,8,0.04,"10,111","170,134",233,"33,592",0.16,0.99,0.95
0.1,"1,417",41,0.03,"11,528","168,717",274,"33,551",0.17,0.99,0.94
0.11,"4,527",189,0.04,"16,055","164,190",463,"33,362",0.17,0.99,0.92
0.12,"2,239",90,0.04,"18,294","161,951",553,"33,272",0.17,0.98,0.91
0.13,407,11,0.03,"18,701","161,544",564,"33,261",0.17,0.98,0.91
0.14,"4,077",123,0.03,"22,778","157,467",687,"33,138",0.17,0.98,0.89
0.15,128,4,0.03,"22,906","157,339",691,"33,134",0.17,0.98,0.89
0.16,154,4,0.03,"23,060","157,185",695,"33,130",0.17,0.98,0.89
0.17,255,23,0.08,"23,315","156,930",718,"33,107",0.17,0.98,0.89
0.18,"1,636",95,0.05,"24,951","155,294",813,"33,012",0.18,0.98,0.88
0.19,"2,332",88,0.04,"27,283","152,962",901,"32,924",0.18,0.97,0.87
0.2,"4,909",277,0.05,"32,192","148,053","1,178","32,647",0.18,0.97,0.84
0.21,"1,531",133,0.08,"33,723","146,522","1,311","32,514",0.18,0.96,0.84
0.22,"4,793",266,0.05,"38,516","141,729","1,577","32,248",0.19,0.95,0.81
0.23,573,25,0.04,"39,089","141,156","1,602","32,223",0.19,0.95,0.81
0.24,455,18,0.04,"39,544","140,701","1,620","32,205",0.19,0.95,0.81
0.25,992,77,0.07,"40,536","139,709","1,697","32,128",0.19,0.95,0.80
0.26,"2,805",187,0.06,"43,341","136,904","1,884","31,941",0.19,0.94,0.79
0.27,"8,342",582,0.07,"51,683","128,562","2,466","31,359",0.20,0.93,0.75
0.28,"1,816",100,0.05,"53,499","126,746","2,566","31,259",0.20,0.92,0.74
0.29,"1,491",145,0.09,"54,990","125,255","2,711","31,114",0.20,0.92,0.73
0.3,"3,216",289,0.08,"58,206","122,039","3,000","30,825",0.20,0.91,0.71
0.31,708,61,0.08,"58,914","121,331","3,061","30,764",0.20,0.91,0.71
0.32,336,42,0.11,"59,250","120,995","3,103","30,722",0.20,0.91,0.71
0.33,"4,588",403,0.08,"63,838","116,407","3,506","30,319",0.21,0.90,0.69
0.34,"13,273","1,518",0.10,"77,111","103,134","5,024","28,801",0.22,0.85,0.62
0.35,"6,632",719,0.10,"83,743","96,502","5,743","28,082",0.23,0.83,0.58
0.36,"2,570",259,0.09,"86,313","93,932","6,002","27,823",0.23,0.82,0.57
0.37,"3,427",403,0.11,"89,740","90,505","6,405","27,420",0.23,0.81,0.55
0.38,266,43,0.14,"90,006","90,239","6,448","27,377",0.23,0.81,0.55
0.39,845,180,0.18,"90,851","89,394","6,628","27,197",0.23,0.80,0.54
0.4,"1,966",290,0.13,"92,817","87,428","6,918","26,907",0.24,0.80,0.53
0.41,"5,105",731,0.13,"97,922","82,323","7,649","26,176",0.24,0.77,0.51
0.42,"14,727","2,099",0.12,"112,649","67,596","9,748","24,077",0.26,0.71,0.43
0.43,"2,300",360,0.14,"114,949","65,296","10,108","23,717",0.27,0.70,0.42
0.44,806,146,0.15,"115,755","64,490","10,254","23,571",0.27,0.70,0.41
0.45,"1,630",332,0.17,"117,385","62,860","10,586","23,239",0.27,0.69,0.40
0.46,"1,086",195,0.15,"118,471","61,774","10,781","23,044",0.27,0.68,0.40
0.47,"2,184",460,0.17,"120,655","59,590","11,241","22,584",0.27,0.67,0.38
0.48,"4,193",776,0.16,"124,848","55,397","12,017","21,808",0.28,0.64,0.36
0.49,"3,048",569,0.16,"127,896","52,349","12,586","21,239",0.29,0.63,0.34
0.5,"9,082","1,831",0.17,"136,978","43,267","14,417","19,408",0.31,0.57,0.29
0.51,386,99,0.20,"137,364","42,881","14,516","19,309",0.31,0.57,0.29
0.52,"1,293",346,0.21,"138,657","41,588","14,862","18,963",0.31,0.56,0.28
0.53,408,112,0.22,"139,065","41,180","14,974","18,851",0.31,0.56,0.28
0.54,"1,357",396,0.23,"140,422","39,823","15,370","18,455",0.32,0.55,0.27
0.55,"1,676",385,0.19,"142,098","38,147","15,755","18,070",0.32,0.53,0.26
0.56,"5,226","1,527",0.23,"147,324","32,921","17,282","16,543",0.33,0.49,0.23
0.57,"7,660","2,549",0.25,"154,984","25,261","19,831","13,994",0.36,0.41,0.18
0.58,"1,306",513,0.28,"156,290","23,955","20,344","13,481",0.36,0.40,0.17
0.59,762,227,0.23,"157,052","23,193","20,571","13,254",0.36,0.39,0.17
0.6,"1,051",470,0.31,"158,103","22,142","21,041","12,784",0.37,0.38,0.16
0.61,787,233,0.23,"158,890","21,355","21,274","12,551",0.37,0.37,0.16
0.62,"1,264",437,0.26,"160,154","20,091","21,711","12,114",0.38,0.36,0.15
0.63,"2,710",911,0.25,"162,864","17,381","22,622","11,203",0.39,0.33,0.13
0.64,"1,225",554,0.31,"164,089","16,156","23,176","10,649",0.40,0.31,0.13
0.65,637,327,0.34,"164,726","15,519","23,503","10,322",0.40,0.31,0.12
0.66,331,141,0.30,"165,057","15,188","23,644","10,181",0.40,0.30,0.12
0.67,449,215,0.32,"165,506","14,739","23,859","9,966",0.40,0.29,0.12
0.68,"1,043",430,0.29,"166,549","13,696","24,289","9,536",0.41,0.28,0.11
0.69,733,330,0.31,"167,282","12,963","24,619","9,206",0.42,0.27,0.10
0.7,"2,263","1,270",0.36,"169,545","10,700","25,889","7,936",0.43,0.23,0.09
0.71,"1,628",848,0.34,"171,173","9,072","26,737","7,088",0.44,0.21,0.08
0.72,82,55,0.40,"171,255","8,990","26,792","7,033",0.44,0.21,0.07
0.73,523,355,0.40,"171,778","8,467","27,147","6,678",0.44,0.20,0.07
0.74,311,168,0.35,"172,089","8,156","27,315","6,510",0.44,0.19,0.07
0.75,802,531,0.40,"172,891","7,354","27,846","5,979",0.45,0.18,0.06
0.76,290,148,0.34,"173,181","7,064","27,994","5,831",0.45,0.17,0.06
0.77,712,484,0.40,"173,893","6,352","28,478","5,347",0.46,0.16,0.05
0.78,"1,185",905,0.43,"175,078","5,167","29,383","4,442",0.46,0.13,0.04
0.79,202,139,0.41,"175,280","4,965","29,522","4,303",0.46,0.13,0.04
0.8,210,158,0.43,"175,490","4,755","29,680","4,145",0.47,0.12,0.04
0.81,463,341,0.42,"175,953","4,292","30,021","3,804",0.47,0.11,0.04
0.82,532,310,0.37,"176,485","3,760","30,331","3,494",0.48,0.10,0.03
0.83,198,130,0.40,"176,683","3,562","30,461","3,364",0.49,0.10,0.03
0.84,670,471,0.41,"177,353","2,892","30,932","2,893",0.50,0.09,0.03
0.85,141,67,0.32,"177,494","2,751","30,999","2,826",0.51,0.08,0.03
0.86,83,68,0.45,"177,577","2,668","31,067","2,758",0.51,0.08,0.03
0.87,145,139,0.49,"177,722","2,523","31,206","2,619",0.51,0.08,0.02
0.88,278,284,0.51,"178,000","2,245","31,490","2,335",0.51,0.07,0.02
0.89,31,11,0.26,"178,031","2,214","31,501","2,324",0.51,0.07,0.02
0.9,253,255,0.50,"178,284","1,961","31,756","2,069",0.51,0.06,0.02
0.91,630,667,0.51,"178,914","1,331","32,423","1,402",0.51,0.04,0.01
0.92,15,9,0.38,"178,929","1,316","32,432","1,393",0.51,0.04,0.01
0.93,138,81,0.37,"179,067","1,178","32,513","1,312",0.53,0.04,0.01
0.94,87,80,0.48,"179,154","1,091","32,593","1,232",0.53,0.04,0.01
0.95,136,120,0.47,"179,290",955,"32,713","1,112",0.54,0.03,0.01
0.96,228,224,0.50,"179,518",727,"32,937",888,0.55,0.03,0.01
0.97,1,0,0.00,"179,519",726,"32,937",888,0.55,0.03,0.01
0.98,66,30,0.31,"179,585",660,"32,967",858,0.57,0.03,0.01
0.99,0,2,1.00,"179,585",660,"32,969",856,0.56,0.03,0.01
1.0,660,856,0.56,"180,245",0,"33,825",0,nan,0.00,0.00
