p,Neg,Pos,mPrec,TN,FP,FN,TP,Prec,Rec,FP/P,$\hat{p}$
0.0,"14,151",951,0.06,"14,151","586,664",951,"111,800",0.16,0.99,5.203182233416999,0.98
0.01,"58,455","3,676",0.06,"72,606","528,209","4,627","108,124",0.17,0.96,4.6847389380138535,0.89
0.02,423,34,0.07,"73,029","527,786","4,661","108,090",0.17,0.96,4.680987308316556,0.89
0.03,0,0,nan,"73,029","527,786","4,661","108,090",0.17,0.96,4.680987308316556,0.89
0.04,0,0,nan,"73,029","527,786","4,661","108,090",0.17,0.96,4.680987308316556,0.89
0.05,"2,711",164,0.06,"75,740","525,075","4,825","107,926",0.17,0.96,4.656943175670282,0.89
0.06,"12,683",817,0.06,"88,423","512,392","5,642","107,109",0.17,0.95,4.544456368457929,0.87
0.07,"15,737","1,174",0.07,"104,160","496,655","6,816","105,935",0.18,0.94,4.404883326977144,0.84
0.08,"4,238",309,0.07,"108,398","492,417","7,125","105,626",0.18,0.94,4.367296077196655,0.84
0.09,0,0,nan,"108,398","492,417","7,125","105,626",0.18,0.94,4.367296077196655,0.84
0.1,0,0,nan,"108,398","492,417","7,125","105,626",0.18,0.94,4.367296077196655,0.84
0.11,796,66,0.08,"109,194","491,621","7,191","105,560",0.18,0.94,4.360236272849021,0.84
0.12,"2,092",186,0.08,"111,286","489,529","7,377","105,374",0.18,0.93,4.3416821136841355,0.83
0.13,"4,693",417,0.08,"115,979","484,836","7,794","104,957",0.18,0.93,4.300059422976293,0.83
0.14,"6,040",595,0.09,"122,019","478,796","8,389","104,362",0.18,0.93,4.2464900533032965,0.82
0.15,0,0,nan,"122,019","478,796","8,389","104,362",0.18,0.93,4.2464900533032965,0.82
0.16,86,6,0.07,"122,105","478,710","8,395","104,356",0.18,0.93,4.245727310622522,0.82
0.17,0,0,nan,"122,105","478,710","8,395","104,356",0.18,0.93,4.245727310622522,0.82
0.18,656,62,0.09,"122,761","478,054","8,457","104,294",0.18,0.92,4.239909180406382,0.82
0.19,"1,488",185,0.11,"124,249","476,566","8,642","104,109",0.18,0.92,4.226711958208797,0.81
0.2,"2,634",297,0.10,"126,883","473,932","8,939","103,812",0.18,0.92,4.203350746334844,0.81
0.21,86,20,0.19,"126,969","473,846","8,959","103,792",0.18,0.92,4.2025880036540695,0.81
0.22,"27,828","3,073",0.10,"154,797","446,018","12,032","100,719",0.18,0.89,3.9557786627169604,0.77
0.23,"19,788","2,242",0.10,"174,585","426,230","14,274","98,477",0.19,0.87,3.780276893331323,0.74
0.24,"2,315",294,0.11,"176,900","423,915","14,568","98,183",0.19,0.87,3.7597449246569874,0.73
0.25,"2,885",517,0.15,"179,785","421,030","15,085","97,666",0.19,0.87,3.7341575684472863,0.73
0.26,260,24,0.08,"180,045","420,770","15,109","97,642",0.19,0.87,3.7318516022030845,0.73
0.27,"4,798",664,0.12,"184,843","415,972","15,773","96,978",0.19,0.86,3.6892976558966217,0.72
0.28,"27,031","3,525",0.12,"211,874","388,941","19,298","93,453",0.19,0.83,3.449556988408085,0.68
0.29,"11,512","1,517",0.12,"223,386","377,429","20,815","91,936",0.20,0.82,3.3474558983955798,0.66
0.3,911,129,0.12,"224,297","376,518","20,944","91,807",0.20,0.81,3.339376147439934,0.66
0.31,"1,517",299,0.16,"225,814","375,001","21,243","91,508",0.20,0.81,3.3259217213151104,0.65
0.32,854,163,0.16,"226,668","374,147","21,406","91,345",0.20,0.81,3.3183475091130012,0.65
0.33,"1,216",185,0.13,"227,884","372,931","21,591","91,160",0.20,0.81,3.307562682370888,0.65
0.34,"6,631","1,075",0.14,"234,515","366,300","22,666","90,085",0.20,0.80,3.2487516740428024,0.64
0.35,"3,938",683,0.15,"238,453","362,362","23,349","89,402",0.20,0.79,3.2138251545440837,0.63
0.36,"2,416",410,0.15,"240,869","359,946","23,759","88,992",0.20,0.79,3.1923974066748855,0.63
0.37,308,37,0.11,"241,177","359,638","23,796","88,955",0.20,0.79,3.1896657235856,0.63
0.38,"67,381","10,031",0.13,"308,558","292,257","33,827","78,924",0.21,0.70,2.5920568331988187,0.52
0.39,"2,004",324,0.14,"310,562","290,253","34,151","78,600",0.21,0.70,2.574283154916586,0.52
0.4,"2,103",379,0.15,"312,665","288,150","34,530","78,221",0.21,0.69,2.555631435641369,0.51
0.41,"2,709",487,0.15,"315,374","285,441","35,017","77,734",0.21,0.69,2.5316050411969737,0.51
0.42,933,195,0.17,"316,307","284,508","35,212","77,539",0.21,0.69,2.523330170020665,0.51
0.43,"9,853","1,596",0.14,"326,160","274,655","36,808","75,943",0.22,0.67,2.4359429184663552,0.49
0.44,"18,789","3,462",0.16,"344,949","255,866","40,270","72,481",0.22,0.64,2.2693013809190163,0.46
0.45,"59,177","11,438",0.16,"404,126","196,689","51,708","61,043",0.24,0.54,1.7444545946377417,0.36
0.46,"6,610","1,253",0.16,"410,736","190,079","52,961","59,790",0.24,0.53,1.6858298374293799,0.35
0.47,"2,504",591,0.19,"413,240","187,575","53,552","59,199",0.24,0.53,1.6636216086775284,0.35
0.48,820,148,0.15,"414,060","186,755","53,700","59,051",0.24,0.52,1.6563489459073533,0.34
0.49,"3,164",603,0.16,"417,224","183,591","54,303","58,448",0.24,0.52,1.628287110535605,0.34
0.5,"16,389","3,740",0.19,"433,613","167,202","58,043","54,708",0.25,0.49,1.4829314152424369,0.31
0.51,"22,002","5,104",0.19,"455,615","145,200","63,147","49,604",0.25,0.44,1.287793456377327,0.27
0.52,"2,568",634,0.20,"458,183","142,632","63,781","48,970",0.26,0.43,1.2650176051653643,0.27
0.53,"1,887",416,0.18,"460,070","140,745","64,197","48,554",0.26,0.43,1.2482816116930227,0.27
0.54,174,53,0.23,"460,244","140,571","64,250","48,501",0.26,0.43,1.2467383881295953,0.26
0.55,615,155,0.20,"460,859","139,956","64,405","48,346",0.26,0.43,1.2412838910519641,0.26
0.56,"5,383","1,325",0.20,"466,242","134,573","65,730","47,021",0.26,0.42,1.1935415206960471,0.25
0.57,"6,939","1,869",0.21,"473,181","127,634","67,599","45,152",0.26,0.40,1.131998829278676,0.24
0.58,"5,551","1,473",0.21,"478,732","122,083","69,072","43,679",0.26,0.39,1.082766449964967,0.23
0.59,559,191,0.25,"479,291","121,524","69,263","43,488",0.26,0.39,1.077808622539933,0.23
0.6,29,7,0.19,"479,320","121,495","69,270","43,481",0.26,0.39,1.0775514186126953,0.23
0.61,320,82,0.20,"479,640","121,175","69,352","43,399",0.26,0.38,1.0747133063121392,0.23
0.62,"4,193","1,333",0.24,"483,833","116,982","70,685","42,066",0.26,0.37,1.037525166073915,0.22
0.63,"1,350",413,0.23,"485,183","115,632","71,098","41,653",0.26,0.37,1.025551879805944,0.22
0.64,"42,235","12,388",0.23,"527,418","73,397","83,486","29,265",0.29,0.26,0.650965401637236,0.14
0.65,"1,592",534,0.25,"529,010","71,805","84,020","28,731",0.29,0.25,0.6368457929419695,0.14
0.66,0,0,nan,"529,010","71,805","84,020","28,731",0.29,0.25,0.6368457929419695,0.14
0.67,529,186,0.26,"529,539","71,276","84,206","28,545",0.29,0.25,0.6321540385451127,0.14
0.68,"3,088",982,0.24,"532,627","68,188","85,188","27,563",0.29,0.24,0.6047662548447464,0.13
0.69,"10,020","3,974",0.28,"542,647","58,168","89,162","23,589",0.29,0.21,0.5158978634335838,0.11
0.7,"16,175","5,990",0.27,"558,822","41,993","95,152","17,599",0.30,0.16,0.3724401557414125,0.08
0.71,"8,217","2,873",0.26,"567,039","33,776","98,025","14,726",0.30,0.13,0.2995627533236956,0.07
0.72,0,0,nan,"567,039","33,776","98,025","14,726",0.30,0.13,0.2995627533236956,0.07
0.73,310,110,0.26,"567,349","33,466","98,135","14,616",0.30,0.13,0.29681333203253185,0.07
0.74,558,200,0.26,"567,907","32,908","98,335","14,416",0.30,0.13,0.29186437370843715,0.07
0.75,"3,179","1,236",0.28,"571,086","29,729","99,571","13,180",0.31,0.12,0.26366950182260024,0.06
0.76,"6,784","2,912",0.30,"577,870","22,945","102,483","10,268",0.31,0.09,0.20350152105081107,0.05
0.77,"4,927","1,941",0.28,"582,797","18,018","104,424","8,327",0.32,0.07,0.1598034607231865,0.04
0.78,"1,049",466,0.31,"583,846","16,969","104,890","7,861",0.32,0.07,0.15049977383792604,0.03
0.79,0,0,nan,"583,846","16,969","104,890","7,861",0.32,0.07,0.15049977383792604,0.03
0.8,644,252,0.28,"584,490","16,325","105,142","7,609",0.32,0.07,0.14478807283305692,0.03
0.81,591,230,0.28,"585,081","15,734","105,372","7,379",0.32,0.07,0.1395464341779674,0.03
0.82,"2,368",988,0.29,"587,449","13,366","106,360","6,391",0.32,0.06,0.1185444031538523,0.03
0.83,"3,000","1,311",0.30,"590,449","10,366","107,671","5,080",0.33,0.05,0.09193710033613893,0.02
0.84,514,211,0.29,"590,963","9,852","107,882","4,869",0.33,0.04,0.0873783824533707,0.02
0.85,0,0,nan,"590,963","9,852","107,882","4,869",0.33,0.04,0.0873783824533707,0.02
0.86,39,25,0.39,"591,002","9,813","107,907","4,844",0.33,0.04,0.08703248751674043,0.02
0.87,6,2,0.25,"591,008","9,807","107,909","4,842",0.33,0.04,0.08697927291110501,0.02
0.88,"2,421","1,120",0.32,"593,429","7,386","109,029","3,722",0.34,0.03,0.06550717953721032,0.02
0.89,"2,162","1,074",0.33,"595,591","5,224","110,103","2,648",0.34,0.02,0.04633218330657821,0.01
0.9,0,0,nan,"595,591","5,224","110,103","2,648",0.34,0.02,0.04633218330657821,0.01
0.91,0,0,nan,"595,591","5,224","110,103","2,648",0.34,0.02,0.04633218330657821,0.01
0.92,0,0,nan,"595,591","5,224","110,103","2,648",0.34,0.02,0.04633218330657821,0.01
0.93,259,121,0.32,"595,850","4,965","110,224","2,527",0.34,0.02,0.044035086163315626,0.01
0.94,"2,760","1,325",0.32,"598,610","2,205","111,549","1,202",0.35,0.01,0.019556367571019327,0.00
0.95,"1,174",603,0.34,"599,784","1,031","112,152",599,0.37,0.01,0.00914404306835416,0.00
0.96,0,0,nan,"599,784","1,031","112,152",599,0.37,0.01,0.00914404306835416,0.00
0.97,0,0,nan,"599,784","1,031","112,152",599,0.37,0.01,0.00914404306835416,0.00
0.98,0,0,nan,"599,784","1,031","112,152",599,0.37,0.01,0.00914404306835416,0.00
0.99,169,104,0.38,"599,953",862,"112,256",495,0.36,0.00,0.007645165009622975,0.00
1.0,862,495,0.36,"600,815",0,"112,751",0,nan,0.00,0.0,0.00
