p,Neg,Pos,mPrec,TN,FP,FN,TP,Prec,Rec,$\hat{p}$
0.0,"10,519",195,0.02,"10,519","410,051",195,"78,731",0.16,1.00,0.98
0.01,156,3,0.02,"10,675","409,895",198,"78,728",0.16,1.00,0.98
0.02,453,8,0.02,"11,128","409,442",206,"78,720",0.16,1.00,0.98
0.03,"1,729",39,0.02,"12,857","407,713",245,"78,681",0.16,1.00,0.97
0.04,"5,070",114,0.02,"17,927","402,643",359,"78,567",0.16,1.00,0.96
0.05,177,10,0.05,"18,104","402,466",369,"78,557",0.16,1.00,0.96
0.06,"2,994",62,0.02,"21,098","399,472",431,"78,495",0.16,0.99,0.96
0.07,"2,039",86,0.04,"23,137","397,433",517,"78,409",0.16,0.99,0.95
0.08,334,11,0.03,"23,471","397,099",528,"78,398",0.16,0.99,0.95
0.09,371,4,0.01,"23,842","396,728",532,"78,394",0.16,0.99,0.95
0.1,"2,930",88,0.03,"26,772","393,798",620,"78,306",0.17,0.99,0.95
0.11,"1,037",68,0.06,"27,809","392,761",688,"78,238",0.17,0.99,0.94
0.12,"14,937",587,0.04,"42,746","377,824","1,275","77,651",0.17,0.98,0.91
0.13,342,15,0.04,"43,088","377,482","1,290","77,636",0.17,0.98,0.91
0.14,"5,254",175,0.03,"48,342","372,228","1,465","77,461",0.17,0.98,0.90
0.15,"4,789",152,0.03,"53,131","367,439","1,617","77,309",0.17,0.98,0.89
0.16,322,13,0.04,"53,453","367,117","1,630","77,296",0.17,0.98,0.89
0.17,480,40,0.08,"53,933","366,637","1,670","77,256",0.17,0.98,0.89
0.18,"2,695",145,0.05,"56,628","363,942","1,815","77,111",0.17,0.98,0.88
0.19,"4,832",307,0.06,"61,460","359,110","2,122","76,804",0.18,0.97,0.87
0.2,"11,349",625,0.05,"72,809","347,761","2,747","76,179",0.18,0.97,0.85
0.21,"2,044",106,0.05,"74,853","345,717","2,853","76,073",0.18,0.96,0.84
0.22,"5,920",443,0.07,"80,773","339,797","3,296","75,630",0.18,0.96,0.83
0.23,"9,424",484,0.05,"90,197","330,373","3,780","75,146",0.19,0.95,0.81
0.24,776,47,0.06,"90,973","329,597","3,827","75,099",0.19,0.95,0.81
0.25,"2,098",103,0.05,"93,071","327,499","3,930","74,996",0.19,0.95,0.81
0.26,"4,718",365,0.07,"97,789","322,781","4,295","74,631",0.19,0.95,0.80
0.27,"20,382","1,551",0.07,"118,171","302,399","5,846","73,080",0.19,0.93,0.75
0.28,"2,476",168,0.06,"120,647","299,923","6,014","72,912",0.20,0.92,0.75
0.29,"6,472",514,0.07,"127,119","293,451","6,528","72,398",0.20,0.92,0.73
0.3,"7,817",676,0.08,"134,936","285,634","7,204","71,722",0.20,0.91,0.72
0.31,"1,159",105,0.08,"136,095","284,475","7,309","71,617",0.20,0.91,0.71
0.32,"1,862",179,0.09,"137,957","282,613","7,488","71,438",0.20,0.91,0.71
0.33,"9,040",779,0.08,"146,997","273,573","8,267","70,659",0.21,0.90,0.69
0.34,"3,634",429,0.11,"150,631","269,939","8,696","70,230",0.21,0.89,0.68
0.35,"30,593","3,415",0.10,"181,224","239,346","12,111","66,815",0.22,0.85,0.61
0.36,"18,236","1,986",0.10,"199,460","221,110","14,097","64,829",0.23,0.82,0.57
0.37,"2,171",227,0.09,"201,631","218,939","14,324","64,602",0.23,0.82,0.57
0.38,"7,601",867,0.10,"209,232","211,338","15,191","63,735",0.23,0.81,0.55
0.39,"1,500",194,0.11,"210,732","209,838","15,385","63,541",0.23,0.81,0.55
0.4,"3,791",582,0.13,"214,523","206,047","15,967","62,959",0.23,0.80,0.54
0.41,"1,905",301,0.14,"216,428","204,142","16,268","62,658",0.23,0.79,0.53
0.42,"17,388","2,452",0.12,"233,816","186,754","18,720","60,206",0.24,0.76,0.49
0.43,"29,811","4,353",0.13,"263,627","156,943","23,073","55,853",0.26,0.71,0.43
0.44,"4,639",737,0.14,"268,266","152,304","23,810","55,116",0.27,0.70,0.42
0.45,"4,821",936,0.16,"273,087","147,483","24,746","54,180",0.27,0.69,0.40
0.46,"1,290",221,0.15,"274,377","146,193","24,967","53,959",0.27,0.68,0.40
0.47,"1,918",354,0.16,"276,295","144,275","25,321","53,605",0.27,0.68,0.40
0.48,"7,672","1,466",0.16,"283,967","136,603","26,787","52,139",0.28,0.66,0.38
0.49,"7,742","1,410",0.15,"291,709","128,861","28,197","50,729",0.28,0.64,0.36
0.5,"24,519","4,817",0.16,"316,228","104,342","33,014","45,912",0.31,0.58,0.30
0.51,"3,383",702,0.17,"319,611","100,959","33,716","45,210",0.31,0.57,0.29
0.52,"1,153",281,0.20,"320,764","99,806","33,997","44,929",0.31,0.57,0.29
0.53,"2,489",717,0.22,"323,253","97,317","34,714","44,212",0.31,0.56,0.28
0.54,"1,128",321,0.22,"324,381","96,189","35,035","43,891",0.31,0.56,0.28
0.55,"4,176","1,133",0.21,"328,557","92,013","36,168","42,758",0.32,0.54,0.27
0.56,"13,669","3,905",0.22,"342,226","78,344","40,073","38,853",0.33,0.49,0.23
0.57,"1,500",448,0.23,"343,726","76,844","40,521","38,405",0.33,0.49,0.23
0.58,"18,903","6,193",0.25,"362,629","57,941","46,714","32,212",0.36,0.41,0.18
0.59,"2,064",742,0.26,"364,693","55,877","47,456","31,470",0.36,0.40,0.17
0.6,"2,311",629,0.21,"367,004","53,566","48,085","30,841",0.37,0.39,0.17
0.61,"2,535","1,084",0.30,"369,539","51,031","49,169","29,757",0.37,0.38,0.16
0.62,"1,436",379,0.21,"370,975","49,595","49,548","29,378",0.37,0.37,0.16
0.63,"3,098","1,037",0.25,"374,073","46,497","50,585","28,341",0.38,0.36,0.15
0.64,"6,423","2,112",0.25,"380,496","40,074","52,697","26,229",0.40,0.33,0.13
0.65,"2,797","1,256",0.31,"383,293","37,277","53,953","24,973",0.40,0.32,0.12
0.66,"1,217",713,0.37,"384,510","36,060","54,666","24,260",0.40,0.31,0.12
0.67,"1,072",500,0.32,"385,582","34,988","55,166","23,760",0.40,0.30,0.12
0.68,"1,510",909,0.38,"387,092","33,478","56,075","22,851",0.41,0.29,0.11
0.69,"1,776",603,0.25,"388,868","31,702","56,678","22,248",0.41,0.28,0.11
0.7,"2,035","1,040",0.34,"390,903","29,667","57,718","21,208",0.42,0.27,0.10
0.71,"7,244","4,018",0.36,"398,147","22,423","61,736","17,190",0.43,0.22,0.08
0.72,"1,353",699,0.34,"399,500","21,070","62,435","16,491",0.44,0.21,0.08
0.73,312,240,0.43,"399,812","20,758","62,675","16,251",0.44,0.21,0.07
0.74,"1,303",900,0.41,"401,115","19,455","63,575","15,351",0.44,0.19,0.07
0.75,587,271,0.32,"401,702","18,868","63,846","15,080",0.44,0.19,0.07
0.76,"2,113","1,281",0.38,"403,815","16,755","65,127","13,799",0.45,0.17,0.06
0.77,"1,208",755,0.38,"405,023","15,547","65,882","13,044",0.46,0.17,0.06
0.78,867,607,0.41,"405,890","14,680","66,489","12,437",0.46,0.16,0.05
0.79,"2,778","1,965",0.41,"408,668","11,902","68,454","10,472",0.47,0.13,0.04
0.8,373,282,0.43,"409,041","11,529","68,736","10,190",0.47,0.13,0.04
0.81,451,331,0.42,"409,492","11,078","69,067","9,859",0.47,0.12,0.04
0.82,"1,202",896,0.43,"410,694","9,876","69,963","8,963",0.48,0.11,0.04
0.83,"1,123",578,0.34,"411,817","8,753","70,541","8,385",0.49,0.11,0.03
0.84,416,389,0.48,"412,233","8,337","70,930","7,996",0.49,0.10,0.03
0.85,"1,521","1,098",0.42,"413,754","6,816","72,028","6,898",0.50,0.09,0.03
0.86,362,158,0.30,"414,116","6,454","72,186","6,740",0.51,0.09,0.03
0.87,177,158,0.47,"414,293","6,277","72,344","6,582",0.51,0.08,0.03
0.88,364,316,0.46,"414,657","5,913","72,660","6,266",0.51,0.08,0.02
0.89,726,693,0.49,"415,383","5,187","73,353","5,573",0.52,0.07,0.02
0.9,53,29,0.35,"415,436","5,134","73,382","5,544",0.52,0.07,0.02
0.91,654,585,0.47,"416,090","4,480","73,967","4,959",0.53,0.06,0.02
0.92,"1,497","1,585",0.51,"417,587","2,983","75,552","3,374",0.53,0.04,0.01
0.93,29,34,0.54,"417,616","2,954","75,586","3,340",0.53,0.04,0.01
0.94,297,212,0.42,"417,913","2,657","75,798","3,128",0.54,0.04,0.01
0.95,197,193,0.49,"418,110","2,460","75,991","2,935",0.54,0.04,0.01
0.96,323,294,0.48,"418,433","2,137","76,285","2,641",0.55,0.03,0.01
0.97,502,578,0.54,"418,935","1,635","76,863","2,063",0.56,0.03,0.01
0.98,5,2,0.29,"418,940","1,630","76,865","2,061",0.56,0.03,0.01
0.99,167,84,0.33,"419,107","1,463","76,949","1,977",0.57,0.03,0.01
1.0,"1,463","1,977",0.57,"420,570",0,"78,926",0,nan,0.00,0.00
