p,Neg,Pos,mPrec,TN,FP,FN,TP,Prec,Rec,$\hat{p}$
0.0,"21,913","1,404",0.06,"21,913","158,332","1,404","32,421",0.17,0.96,0.89
0.1,"10,555",717,0.06,"32,468","147,777","2,121","31,704",0.18,0.94,0.84
0.2,"5,638",561,0.09,"38,106","142,139","2,682","31,143",0.18,0.92,0.81
0.3,"29,246","3,544",0.11,"67,352","112,893","6,226","27,599",0.20,0.82,0.66
0.4,"25,816","3,978",0.13,"93,168","87,077","10,204","23,621",0.21,0.70,0.52
0.5,"30,980","5,954",0.16,"124,148","56,097","16,158","17,667",0.24,0.52,0.34
0.6,"19,364","4,565",0.19,"143,512","36,733","20,723","13,102",0.26,0.39,0.23
0.7,"15,077","4,476",0.23,"158,589","21,656","25,199","8,626",0.28,0.26,0.14
0.8,"15,162","5,648",0.27,"173,751","6,494","30,847","2,978",0.31,0.09,0.04
0.9,"3,482","1,478",0.30,"177,233","3,012","32,325","1,500",0.33,0.04,0.02
1.0,"3,012","1,500",0.33,"180,245",0,"33,825",0,nan,0.00,0.00
