p,Neg,Pos,mPrec,TN,FP,FN,TP,Prec,Rec,FP/P,$\hat{p}$
0.0,"6,726",262,0.04,"6,726","594,089",262,"112,489",0.16,1.00,5.269035307890839,0.99
0.1,"62,729","3,319",0.05,"69,455","531,360","3,581","109,170",0.17,0.97,4.712685475073392,0.90
0.2,"58,229","4,365",0.07,"127,684","473,131","7,946","104,805",0.18,0.93,4.196246596482514,0.81
0.3,"91,187","9,429",0.09,"218,871","381,944","17,375","95,376",0.20,0.85,3.3874998891362385,0.67
0.4,"152,622","22,664",0.13,"371,493","229,322","40,039","72,712",0.24,0.64,2.0338799655878885,0.42
0.5,"115,831","24,222",0.17,"487,324","113,491","64,261","48,490",0.30,0.43,1.0065631346950359,0.23
0.6,"55,170","16,185",0.23,"542,494","58,321","80,446","32,305",0.36,0.29,0.5172548358772872,0.13
0.7,"31,925","13,131",0.29,"574,419","26,396","93,577","19,174",0.42,0.17,0.23410878839212068,0.06
0.8,"11,669","7,158",0.38,"586,088","14,727","100,735","12,016",0.45,0.11,0.13061524953215492,0.04
0.9,"7,759","5,532",0.42,"593,847","6,968","106,267","6,484",0.48,0.06,0.06179989534460892,0.02
1.0,"6,968","6,484",0.48,"600,815",0,"112,751",0,nan,0.00,0.0,0.00
