p,Neg,Pos,mPrec,TN,FP,FN,TP,Prec,Rec,$\hat{p}$
0.0,"2,049",23,0.01,"2,049","178,196",23,"33,802",0.16,1.00,0.99
0.05,"2,551",54,0.02,"4,600","175,645",77,"33,748",0.16,1.00,0.98
0.1,"5,390",132,0.02,"9,990","170,255",209,"33,616",0.16,0.99,0.95
0.15,"8,369",310,0.04,"18,359","161,886",519,"33,306",0.17,0.98,0.91
0.2,"4,621",150,0.03,"22,980","157,265",669,"33,156",0.17,0.98,0.89
0.25,"15,760",946,0.06,"38,740","141,505","1,615","32,210",0.19,0.95,0.81
0.3,"14,736","1,071",0.07,"53,476","126,769","2,686","31,139",0.20,0.92,0.74
0.35,"14,054","1,393",0.09,"67,530","112,715","4,079","29,746",0.21,0.88,0.67
0.4,"21,980","2,405",0.10,"89,510","90,735","6,484","27,341",0.23,0.81,0.55
0.45,"27,627","4,134",0.13,"117,137","63,108","10,618","23,207",0.27,0.69,0.40
0.5,"18,866","3,599",0.16,"136,003","44,242","14,217","19,608",0.31,0.58,0.30
0.55,"4,469","1,135",0.20,"140,472","39,773","15,352","18,473",0.32,0.55,0.27
0.6,"17,217","5,554",0.24,"157,689","22,556","20,906","12,919",0.36,0.38,0.17
0.65,"7,020","2,460",0.26,"164,709","15,536","23,366","10,459",0.40,0.31,0.12
0.7,"6,400","3,242",0.34,"171,109","9,136","26,608","7,217",0.44,0.21,0.08
0.75,"2,012","1,281",0.39,"173,121","7,124","27,889","5,936",0.45,0.18,0.06
0.8,"2,913","2,074",0.42,"176,034","4,211","29,963","3,862",0.48,0.11,0.04
0.85,"1,556","1,038",0.40,"177,590","2,655","31,001","2,824",0.52,0.08,0.03
0.9,"1,375","1,384",0.50,"178,965","1,280","32,385","1,440",0.53,0.04,0.01
0.95,558,540,0.49,"179,523",722,"32,925",900,0.55,0.03,0.01
1.0,722,900,0.55,"180,245",0,"33,825",0,nan,0.00,0.00
