p,Neg,Pos,mPrec,TN,FP,FN,TP,Prec,Rec,FP/P,$\hat{p}$
0.0,"6,022",221,0.04,"6,022","594,793",221,"112,530",0.16,1.00,5.275279154952062,0.99
0.01,"5,033",216,0.04,"11,055","589,760",437,"112,314",0.16,1.00,5.230640969924878,0.98
0.02,"6,664",306,0.04,"17,719","583,096",743,"112,008",0.16,0.99,5.171537281265798,0.97
0.03,"8,399",459,0.05,"26,118","574,697","1,202","111,549",0.16,0.99,5.09704570247714,0.96
0.04,"10,930",619,0.05,"37,048","563,767","1,821","110,930",0.16,0.98,5.000106429211271,0.95
0.05,"10,762",635,0.06,"47,810","553,005","2,456","110,295",0.17,0.98,4.904657164903194,0.93
0.06,"10,838",693,0.06,"58,648","542,167","3,149","109,602",0.17,0.97,4.808533848923735,0.91
0.07,"12,383",824,0.06,"71,031","529,784","3,973","108,778",0.17,0.96,4.698707771993153,0.89
0.08,"11,064",815,0.07,"82,095","518,720","4,788","107,963",0.17,0.96,4.600580039201426,0.88
0.09,"10,193",830,0.08,"92,288","508,527","5,618","107,133",0.17,0.95,4.510177293327775,0.86
0.1,"9,737",764,0.07,"102,025","498,790","6,382","106,369",0.18,0.94,4.423818857482417,0.85
0.11,"8,978",733,0.08,"111,003","489,812","7,115","105,636",0.18,0.94,4.3441920692499405,0.83
0.12,"9,318",846,0.08,"120,321","480,494","7,961","104,790",0.18,0.93,4.261549786698122,0.82
0.13,"9,346",924,0.09,"129,667","471,148","8,885","103,866",0.18,0.92,4.178659169320006,0.81
0.14,"9,482",999,0.10,"139,149","461,666","9,884","102,867",0.18,0.91,4.094562354214153,0.79
0.15,"10,357","1,130",0.10,"149,506","451,309","11,014","101,737",0.18,0.90,4.0027050757864675,0.78
0.16,"12,032","1,458",0.11,"161,538","439,277","12,472","100,279",0.19,0.89,3.8959920532855583,0.76
0.17,"12,357","1,365",0.10,"173,895","426,920","13,837","98,914",0.19,0.88,3.786396572979397,0.74
0.18,"13,062","1,553",0.11,"186,957","413,858","15,390","97,361",0.19,0.86,3.670548376511073,0.72
0.19,"13,800","1,815",0.12,"200,757","400,058","17,205","95,546",0.19,0.85,3.5481547835495917,0.69
0.2,"12,629","1,615",0.11,"213,386","387,429","18,820","93,931",0.20,0.83,3.4361469077879576,0.67
0.21,"14,420","1,945",0.12,"227,806","373,009","20,765","91,986",0.20,0.82,3.3082544722441485,0.65
0.22,"15,307","2,139",0.12,"243,113","357,702","22,904","89,847",0.20,0.80,3.1724951441672355,0.63
0.23,"13,669","2,019",0.13,"256,782","344,033","24,923","87,828",0.20,0.78,3.0512634034287944,0.61
0.24,"14,106","2,142",0.13,"270,888","329,927","27,065","85,686",0.21,0.76,2.926155865579906,0.58
0.25,"14,481","2,179",0.13,"285,369","315,446","29,244","83,507",0.21,0.74,2.7977224148788036,0.56
0.26,"13,795","2,135",0.13,"299,164","301,651","31,379","81,372",0.21,0.72,2.6753731674220185,0.54
0.27,"14,469","2,369",0.14,"313,633","287,182","33,748","79,003",0.22,0.70,2.5470461459321867,0.51
0.28,"12,792","2,142",0.14,"326,425","274,390","35,890","76,861",0.22,0.68,2.433592606717457,0.49
0.29,"12,399","2,166",0.15,"338,824","261,991","38,056","74,695",0.22,0.66,2.3236246241718477,0.47
0.3,"12,261","2,194",0.15,"351,085","249,730","40,250","72,501",0.22,0.64,2.2148805775558533,0.45
0.31,"10,555","1,973",0.16,"361,640","239,175","42,223","70,528",0.23,0.63,2.1212672171421985,0.43
0.32,"10,566","2,045",0.16,"372,206","228,609","44,268","68,483",0.23,0.61,2.027556296618212,0.42
0.33,"11,278","2,163",0.16,"383,484","217,331","46,431","66,320",0.23,0.59,1.927530576225488,0.40
0.34,"10,585","2,026",0.16,"394,069","206,746","48,457","64,294",0.24,0.57,1.833651142783656,0.38
0.35,"9,222","1,870",0.17,"403,291","197,524","50,327","62,424",0.24,0.55,1.7518602939220052,0.36
0.36,"8,987","1,861",0.17,"412,278","188,537","52,188","60,563",0.24,0.54,1.672153683781075,0.35
0.37,"8,896","1,962",0.18,"421,174","179,641","54,150","58,601",0.25,0.52,1.5932541618256157,0.33
0.38,"8,275","1,794",0.18,"429,449","171,366","55,944","56,807",0.25,0.50,1.519862351553423,0.32
0.39,"8,437","1,964",0.19,"437,886","162,929","57,908","54,843",0.25,0.49,1.4450337469290737,0.31
0.4,"7,325","1,708",0.19,"445,211","155,604","59,616","53,135",0.25,0.47,1.380067582549157,0.29
0.41,"7,363","1,731",0.19,"452,574","148,241","61,347","51,404",0.26,0.46,1.3147643923335492,0.28
0.42,"7,189","1,745",0.20,"459,763","141,052","63,092","49,659",0.26,0.44,1.2510044256813686,0.27
0.43,"7,185","1,800",0.20,"466,948","133,867","64,892","47,859",0.26,0.42,1.187279935432945,0.25
0.44,"6,673","1,604",0.19,"473,621","127,194","66,496","46,255",0.27,0.41,1.1280964248654113,0.24
0.45,"6,267","1,679",0.21,"479,888","120,927","68,175","44,576",0.27,0.40,1.0725137692792082,0.23
0.46,"5,932","1,558",0.21,"485,820","114,995","69,733","43,018",0.27,0.38,1.0199022625076497,0.22
0.47,"5,925","1,610",0.21,"491,745","109,070","71,343","41,408",0.28,0.37,0.9673528394426657,0.21
0.48,"5,873","1,696",0.22,"497,618","103,197","73,039","39,712",0.28,0.35,0.9152646096265221,0.20
0.49,"5,437","1,615",0.23,"503,055","97,760","74,654","38,097",0.28,0.34,0.8670433078198863,0.19
0.5,"5,418","1,643",0.23,"508,473","92,342","76,297","36,454",0.28,0.32,0.818990518931096,0.18
0.51,"5,103","1,569",0.24,"513,576","87,239","77,866","34,885",0.29,0.31,0.7737314968381656,0.17
0.52,"4,828","1,549",0.24,"518,404","82,411","79,415","33,336",0.29,0.30,0.7309114775035255,0.16
0.53,"4,672","1,532",0.25,"523,076","77,739","80,947","31,804",0.29,0.28,0.6894750379154065,0.15
0.54,"4,491","1,428",0.24,"527,567","73,248","82,375","30,376",0.29,0.27,0.6496439055972896,0.15
0.55,"4,052","1,309",0.24,"531,619","69,196","83,684","29,067",0.30,0.26,0.6137063085914981,0.14
0.56,"4,367","1,445",0.25,"535,986","64,829","85,129","27,622",0.30,0.24,0.5749749447898467,0.13
0.57,"4,071","1,480",0.27,"540,057","60,758","86,609","26,142",0.30,0.23,0.5388688348662096,0.12
0.58,"3,941","1,393",0.26,"543,998","56,817","88,002","24,749",0.30,0.22,0.5039157080646735,0.11
0.59,"4,026","1,394",0.26,"548,024","52,791","89,396","23,355",0.31,0.21,0.46820870768330214,0.11
0.6,"3,531","1,292",0.27,"551,555","49,260","90,688","22,063",0.31,0.20,0.43689191226685353,0.10
0.61,"3,472","1,247",0.26,"555,027","45,788","91,935","20,816",0.31,0.18,0.4060983938058199,0.09
0.62,"3,161","1,184",0.27,"558,188","42,627","93,119","19,632",0.32,0.17,0.37806316573688925,0.09
0.63,"3,255","1,217",0.27,"561,443","39,372","94,336","18,415",0.32,0.16,0.34919424217967027,0.08
0.64,"2,482",930,0.27,"563,925","36,890","95,266","17,485",0.32,0.16,0.32718113364848206,0.08
0.65,"2,729","1,060",0.28,"566,654","34,161","96,326","16,425",0.32,0.15,0.3029773571853021,0.07
0.66,"2,359",940,0.28,"569,013","31,802","97,266","15,485",0.33,0.14,0.28205514806964016,0.07
0.67,"2,307",900,0.28,"571,320","29,495","98,166","14,585",0.33,0.13,0.2615941322028186,0.06
0.68,"2,094",824,0.28,"573,414","27,401","98,990","13,761",0.33,0.12,0.24302223483605467,0.06
0.69,"2,070",850,0.29,"575,484","25,331","99,840","12,911",0.34,0.11,0.22466319589183245,0.05
0.7,"1,864",779,0.29,"577,348","23,467","100,619","12,132",0.34,0.11,0.2081311917410932,0.05
0.71,"1,735",759,0.30,"579,083","21,732","101,378","11,373",0.34,0.10,0.19274330161151565,0.05
0.72,"1,597",689,0.30,"580,680","20,135","102,067","10,684",0.35,0.09,0.1785793474115529,0.04
0.73,"1,498",691,0.32,"582,178","18,637","102,758","9,993",0.35,0.09,0.16529343420457468,0.04
0.74,"1,686",763,0.31,"583,864","16,951","103,521","9,230",0.35,0.08,0.15034013002101976,0.04
0.75,"1,320",589,0.31,"585,184","15,631","104,110","8,641",0.36,0.08,0.13863291678122588,0.03
0.76,"1,193",559,0.32,"586,377","14,438","104,669","8,082",0.36,0.07,0.1280520793607152,0.03
0.77,"1,226",595,0.33,"587,603","13,212","105,264","7,487",0.36,0.07,0.11717856160920967,0.03
0.78,"1,014",468,0.32,"588,617","12,198","105,732","7,019",0.37,0.06,0.10818529325682255,0.03
0.79,"1,064",517,0.33,"589,681","11,134","106,249","6,502",0.37,0.06,0.09874856985747354,0.02
0.8,"1,004",480,0.32,"590,685","10,130","106,729","6,022",0.37,0.05,0.0898439925144788,0.02
0.81,898,471,0.34,"591,583","9,232","107,200","5,551",0.38,0.05,0.08187953987104327,0.02
0.82,719,367,0.34,"592,302","8,513","107,567","5,184",0.38,0.05,0.0755026562957313,0.02
0.83,703,386,0.35,"593,005","7,810","107,953","4,798",0.38,0.04,0.06926767833544714,0.02
0.84,622,341,0.35,"593,627","7,188","108,294","4,457",0.38,0.04,0.06375109755124123,0.02
0.85,671,382,0.36,"594,298","6,517","108,676","4,075",0.38,0.04,0.057799930821012674,0.01
0.86,556,295,0.35,"594,854","5,961","108,971","3,780",0.39,0.03,0.052868710698796464,0.01
0.87,564,335,0.37,"595,418","5,397","109,306","3,445",0.39,0.03,0.04786653776906635,0.01
0.88,519,306,0.37,"595,937","4,878","109,612","3,139",0.39,0.03,0.043263474381601934,0.01
0.89,411,208,0.34,"596,348","4,467","109,820","2,931",0.40,0.03,0.03961827389557521,0.01
0.9,347,236,0.40,"596,695","4,120","110,056","2,695",0.40,0.02,0.03654069586965969,0.01
0.91,346,211,0.38,"597,041","3,774","110,267","2,484",0.40,0.02,0.03347198694468342,0.01
0.92,291,163,0.36,"597,332","3,483","110,430","2,321",0.40,0.02,0.03089107857136522,0.01
0.93,362,243,0.40,"597,694","3,121","110,673","2,078",0.40,0.02,0.02768046403136114,0.01
0.94,269,174,0.39,"597,963","2,852","110,847","1,904",0.40,0.02,0.025294675878706176,0.01
0.95,269,178,0.40,"598,232","2,583","111,025","1,726",0.40,0.02,0.02290888772605121,0.01
0.96,250,125,0.33,"598,482","2,333","111,150","1,601",0.41,0.01,0.020691612491241764,0.01
0.97,202,140,0.41,"598,684","2,131","111,290","1,461",0.41,0.01,0.01890005410151573,0.01
0.98,175,104,0.37,"598,859","1,956","111,394","1,357",0.41,0.01,0.017347961437149118,0.00
0.99,178,129,0.42,"599,037","1,778","111,523","1,228",0.41,0.01,0.01576926146996479,0.00
1.0,"1,778","1,228",0.41,"600,815",0,"112,751",0,nan,0.00,0.0,0.00
