p,Neg,Pos,mPrec,TN,FP,FN,TP,Prec,Rec,FP/P,$\hat{p}$
0.0,"15,021",146,0.01,"15,021","585,794",146,"112,605",0.16,1.00,5.195466115599862,0.98
0.1,"82,437","1,865",0.02,"97,458","503,357","2,011","110,740",0.18,0.98,4.464324041471916,0.86
0.2,"129,682","7,064",0.05,"227,140","373,675","9,075","103,676",0.22,0.92,3.314161293469681,0.67
0.3,"133,340","14,045",0.10,"360,480","240,335","23,120","89,631",0.27,0.79,2.131555374231714,0.46
0.4,"104,006","19,202",0.16,"464,486","136,329","42,322","70,429",0.34,0.62,1.2091156619453487,0.29
0.5,"67,350","19,838",0.23,"531,836","68,979","62,160","50,591",0.42,0.45,0.6117817136876835,0.17
0.6,"36,789","16,715",0.31,"568,625","32,190","78,875","33,876",0.51,0.30,0.28549635923406447,0.09
0.7,"17,863","12,583",0.41,"586,488","14,327","91,458","21,293",0.60,0.19,0.12706760915645982,0.05
0.8,"8,091","8,502",0.51,"594,579","6,236","99,960","12,791",0.67,0.11,0.055307713457086856,0.03
0.9,"3,647","5,871",0.62,"598,226","2,589","105,831","6,920",0.73,0.06,0.022962102331686638,0.01
1.0,"2,589","6,920",0.73,"600,815",0,"112,751",0,nan,0.00,0.0,0.00
