p,Neg,Pos,mPrec,TN,FP,FN,TP,Prec,Rec,$\hat{p}$
0.0,"1,803",36,0.02,"1,803","178,442",36,"33,789",0.16,1.00,0.99
0.1,"48,669","2,935",0.06,"50,472","129,773","2,971","30,854",0.19,0.91,0.75
0.2,"55,710","6,841",0.11,"106,182","74,063","9,812","24,013",0.24,0.71,0.46
0.3,"34,087","6,752",0.17,"140,269","39,976","16,564","17,261",0.30,0.51,0.27
0.4,"18,537","5,264",0.22,"158,806","21,439","21,828","11,997",0.36,0.35,0.16
0.5,"9,903","3,865",0.28,"168,709","11,536","25,693","8,132",0.41,0.24,0.09
0.6,"5,234","2,702",0.34,"173,943","6,302","28,395","5,430",0.46,0.16,0.05
0.7,"2,923","1,991",0.41,"176,866","3,379","30,386","3,439",0.50,0.10,0.03
0.8,"1,798","1,513",0.46,"178,664","1,581","31,899","1,926",0.55,0.06,0.02
0.9,927,"1,010",0.52,"179,591",654,"32,909",916,0.58,0.03,0.01
1.0,654,916,0.58,"180,245",0,"33,825",0,nan,0.00,0.00
