p,Neg,Pos,mPrec,TN,FP,FN,TP,Prec,Rec,FP/P,$\hat{p}$
0.0,1,0,0.00,1,"600,814",0,"112,751",0.16,1.00,5.328680011707213,1.00
0.1,"59,274",923,0.02,"59,275","541,540",923,"111,828",0.17,0.99,4.802972922634832,0.92
0.2,"203,950","11,161",0.05,"263,225","337,590","12,084","100,667",0.23,0.89,2.9941197860772855,0.61
0.3,"191,192","27,926",0.13,"454,417","146,398","40,010","72,741",0.33,0.65,1.2984186393025339,0.31
0.4,"99,153","31,328",0.24,"553,570","47,245","71,338","41,413",0.47,0.37,0.4190206738742894,0.12
0.5,"34,445","21,470",0.38,"588,015","12,800","92,808","19,943",0.61,0.18,0.11352449202224371,0.05
0.6,"9,540","11,764",0.55,"597,555","3,260","104,572","8,179",0.72,0.07,0.028913269061915194,0.02
0.7,"2,827","6,401",0.69,"600,382",433,"110,973","1,778",0.80,0.02,0.003840320706689963,0.00
0.8,412,"1,607",0.80,"600,794",21,"112,580",171,0.89,0.00,0.00018625111972399357,0.00
0.9,20,144,0.88,"600,814",1,"112,724",27,0.96,0.00,8.869100939237789e-06,0.00
1.0,1,27,0.96,"600,815",0,"112,751",0,nan,0.00,0.0,0.00
