p,Neg,Pos,mPrec,TN,FP,FN,TP,Prec,Rec,FP/P,$\hat{p}$
0.0,0,0,nan,0,"600,815",0,"112,751",0.16,1.00,5.328688880808152,1.00
0.01,766,12,0.02,766,"600,049",12,"112,739",0.16,1.00,5.321895149488697,1.00
0.02,"6,472",150,0.02,"7,238","593,577",162,"112,589",0.16,1.00,5.264494328209949,0.99
0.03,"15,794",462,0.03,"23,032","577,783",624,"112,127",0.16,0.99,5.124415747975628,0.97
0.04,"23,781",943,0.04,"46,813","554,002","1,567","111,184",0.17,0.99,4.913499658539614,0.93
0.05,"29,001","1,583",0.05,"75,814","525,001","3,150","109,601",0.17,0.97,4.656286862200779,0.89
0.06,"32,217","2,028",0.06,"108,031","492,784","5,178","107,573",0.18,0.95,4.370551037241355,0.84
0.07,"34,629","2,589",0.07,"142,660","458,155","7,767","104,984",0.19,0.93,4.06342294081649,0.79
0.08,"36,014","3,103",0.08,"178,674","422,141","10,870","101,881",0.19,0.90,3.74401113959078,0.73
0.09,"35,408","3,518",0.09,"214,082","386,733","14,388","98,363",0.20,0.87,3.429974013534248,0.68
0.1,"34,114","3,687",0.10,"248,196","352,619","18,075","94,676",0.21,0.84,3.12741350409309,0.63
0.11,"32,714","4,008",0.11,"280,910","319,905","22,083","90,668",0.22,0.80,2.837269735966865,0.58
0.12,"30,148","4,134",0.12,"311,058","289,757","26,217","86,534",0.23,0.77,2.569884080850724,0.53
0.13,"27,776","3,962",0.12,"338,834","261,981","30,179","82,572",0.24,0.73,2.3235359331624554,0.48
0.14,"25,246","4,013",0.14,"364,080","236,735","34,192","78,559",0.25,0.70,2.099626610850458,0.44
0.15,"23,314","4,017",0.15,"387,394","213,421","38,209","74,542",0.26,0.66,1.8928523915530682,0.40
0.16,"20,998","3,894",0.16,"408,392","192,423","42,103","70,648",0.27,0.63,1.706619010030953,0.37
0.17,"18,815","3,755",0.17,"427,207","173,608","45,858","66,893",0.28,0.59,1.5397468758591941,0.34
0.18,"17,122","3,708",0.18,"444,329","156,486","49,566","63,185",0.29,0.56,1.3878901295775647,0.31
0.19,"15,281","3,440",0.18,"459,610","141,205","53,006","59,745",0.30,0.53,1.252361398125072,0.28
0.2,"13,668","3,282",0.19,"473,278","127,537","56,288","56,463",0.31,0.50,1.13113852648757,0.26
0.21,"12,164","3,235",0.21,"485,442","115,373","59,523","53,228",0.32,0.47,1.0232547826626814,0.24
0.22,"10,959","2,957",0.21,"496,401","104,414","62,480","50,271",0.32,0.45,0.9260583054695746,0.22
0.23,"10,017","2,838",0.22,"506,418","94,397","65,318","47,433",0.33,0.42,0.8372165213612296,0.20
0.24,"9,009","2,648",0.23,"515,427","85,388","67,966","44,785",0.34,0.40,0.7573147909996364,0.18
0.25,"8,013","2,597",0.24,"523,440","77,375","70,563","42,188",0.35,0.37,0.6862466851735239,0.17
0.26,"7,091","2,426",0.25,"530,531","70,284","72,989","39,762",0.36,0.35,0.6233558904133888,0.15
0.27,"6,538","2,267",0.26,"537,069","63,746","75,256","37,495",0.37,0.33,0.5653697084726521,0.14
0.28,"5,820","2,120",0.27,"542,889","57,926","77,376","35,375",0.38,0.31,0.5137515410062882,0.13
0.29,"5,356","1,937",0.27,"548,245","52,570","79,313","33,438",0.39,0.30,0.4662486363757306,0.12
0.3,"4,772","1,859",0.28,"553,017","47,798","81,172","31,579",0.40,0.28,0.42392528669368784,0.11
0.31,"4,321","1,721",0.28,"557,338","43,477","82,893","29,858",0.41,0.26,0.3856019015352414,0.10
0.32,"3,776","1,693",0.31,"561,114","39,701","84,586","28,165",0.42,0.25,0.3521121763886795,0.10
0.33,"3,380","1,592",0.32,"564,494","36,321","86,178","26,573",0.42,0.24,0.32213461521405573,0.09
0.34,"3,167","1,435",0.31,"567,661","33,154","87,613","25,138",0.43,0.22,0.29404617253948967,0.08
0.35,"2,825","1,397",0.33,"570,486","30,329","89,010","23,741",0.44,0.21,0.2689909623861429,0.08
0.36,"2,549","1,296",0.34,"573,035","27,780","90,306","22,445",0.45,0.20,0.2463836240920258,0.07
0.37,"2,276","1,280",0.36,"575,311","25,504","91,586","21,165",0.45,0.19,0.22619755035432057,0.07
0.38,"2,113","1,234",0.37,"577,424","23,391","92,820","19,931",0.46,0.18,0.20745714006971114,0.06
0.39,"2,091","1,155",0.36,"579,515","21,300","93,975","18,776",0.47,0.17,0.1889118500057649,0.06
0.4,"1,777","1,142",0.39,"581,292","19,523","95,117","17,634",0.47,0.16,0.17315145763673936,0.05
0.41,"1,662","1,055",0.39,"582,954","17,861","96,172","16,579",0.48,0.15,0.15841101187572615,0.05
0.42,"1,559","1,067",0.41,"584,513","16,302","97,239","15,512",0.49,0.14,0.14458408351145444,0.04
0.43,"1,447",986,0.41,"585,960","14,855","98,225","14,526",0.49,0.13,0.13175049445237735,0.04
0.44,"1,315",969,0.42,"587,275","13,540","99,194","13,557",0.50,0.12,0.12008762671727967,0.04
0.45,"1,217",917,0.43,"588,492","12,323","100,111","12,640",0.51,0.11,0.10929393087422729,0.03
0.46,"1,187",918,0.44,"589,679","11,136","101,029","11,722",0.51,0.10,0.09876630805935202,0.03
0.47,"1,093",793,0.42,"590,772","10,043","101,822","10,929",0.52,0.10,0.08907238073276512,0.03
0.48,"1,011",788,0.44,"591,783","9,032","102,610","10,141",0.53,0.09,0.08010571968319571,0.03
0.49,905,796,0.47,"592,688","8,127","103,406","9,345",0.53,0.08,0.07207918333318551,0.02
0.5,779,760,0.49,"593,467","7,348","104,166","8,585",0.54,0.08,0.06517015370151928,0.02
0.51,782,661,0.46,"594,249","6,566","104,827","7,924",0.55,0.07,0.058234516767035324,0.02
0.52,678,635,0.48,"594,927","5,888","105,462","7,289",0.55,0.06,0.0522212663302321,0.02
0.53,635,592,0.48,"595,562","5,253","106,054","6,697",0.56,0.06,0.04658938723381611,0.02
0.54,582,595,0.51,"596,144","4,671","106,649","6,102",0.57,0.05,0.04142757048717972,0.02
0.55,568,603,0.51,"596,712","4,103","107,252","5,499",0.57,0.05,0.03638992115369265,0.01
0.56,501,540,0.52,"597,213","3,602","107,792","4,959",0.58,0.04,0.031946501583134515,0.01
0.57,411,517,0.56,"597,624","3,191","108,309","4,442",0.58,0.04,0.028301301097107785,0.01
0.58,393,414,0.51,"598,017","2,798","108,723","4,028",0.59,0.04,0.024815744427987334,0.01
0.59,351,446,0.56,"598,368","2,447","109,169","3,582",0.59,0.03,0.021702689998314872,0.01
0.6,313,421,0.57,"598,681","2,134","109,590","3,161",0.60,0.03,0.018926661404333443,0.01
0.61,298,369,0.55,"598,979","1,836","109,959","2,792",0.60,0.02,0.016283669324440583,0.01
0.62,271,358,0.57,"599,250","1,565","110,317","2,434",0.61,0.02,0.01388014296990714,0.01
0.63,234,322,0.58,"599,484","1,331","110,639","2,112",0.61,0.02,0.011804773350125497,0.00
0.64,205,285,0.58,"599,689","1,126","110,924","1,827",0.62,0.02,0.009986607657581751,0.00
0.65,174,262,0.60,"599,863",952,"111,186","1,565",0.62,0.01,0.008443384094154375,0.00
0.66,165,201,0.55,"600,028",787,"111,387","1,364",0.63,0.01,0.00697998243918014,0.00
0.67,130,201,0.61,"600,158",657,"111,588","1,163",0.64,0.01,0.005826999317079228,0.00
0.68,116,189,0.62,"600,274",541,"111,777",974,0.64,0.01,0.004798183608127644,0.00
0.69,92,161,0.64,"600,366",449,"111,938",813,0.64,0.01,0.003982226321717767,0.00
0.7,86,157,0.65,"600,452",363,"112,095",656,0.64,0.01,0.0032194836409433175,0.00
0.71,79,121,0.60,"600,531",284,"112,216",535,0.65,0.00,0.002518824666743532,0.00
0.72,53,90,0.63,"600,584",231,"112,306",445,0.66,0.00,0.0020487623169639295,0.00
0.73,62,99,0.61,"600,646",169,"112,405",346,0.67,0.00,0.0014988780587311865,0.00
0.74,35,64,0.65,"600,681",134,"112,469",282,0.68,0.00,0.0011884595258578638,0.00
0.75,43,52,0.55,"600,724",91,"112,521",230,0.72,0.00,0.0008070881854706388,0.00
0.76,24,52,0.68,"600,748",67,"112,573",178,0.73,0.00,0.0005942297629289319,0.00
0.77,21,45,0.68,"600,769",46,"112,618",133,0.74,0.00,0.0004079786432049383,0.00
0.78,17,40,0.70,"600,786",29,"112,658",93,0.76,0.00,0.0002572039272378959,0.00
0.79,6,25,0.81,"600,792",23,"112,683",68,0.75,0.00,0.00020398932160246914,0.00
0.8,6,19,0.76,"600,798",17,"112,702",49,0.74,0.00,0.0001507747159670424,0.00
0.81,3,21,0.88,"600,801",14,"112,723",28,0.67,0.00,0.00012416741314932904,0.00
0.82,5,9,0.64,"600,806",9,"112,732",19,0.68,0.00,7.98219084531401e-05,0.00
0.83,3,5,0.62,"600,809",6,"112,737",14,0.70,0.00,5.321460563542674e-05,0.00
0.84,2,8,0.80,"600,811",4,"112,745",6,0.60,0.00,3.5476403756951156e-05,0.00
0.85,1,2,0.67,"600,812",3,"112,747",4,0.57,0.00,2.660730281771337e-05,0.00
0.86,2,1,0.33,"600,814",1,"112,748",3,0.75,0.00,8.869100939237789e-06,0.00
0.87,1,1,0.50,"600,815",0,"112,749",2,1.00,0.00,0.0,0.00
0.88,0,1,1.00,"600,815",0,"112,750",1,1.00,0.00,0.0,0.00
0.89,0,1,1.00,"600,815",0,"112,751",0,nan,0.00,0.0,0.00
0.9,0,0,nan,"600,815",0,"112,751",0,nan,0.00,0.0,0.00
0.91,0,0,nan,"600,815",0,"112,751",0,nan,0.00,0.0,0.00
0.92,0,0,nan,"600,815",0,"112,751",0,nan,0.00,0.0,0.00
0.93,0,0,nan,"600,815",0,"112,751",0,nan,0.00,0.0,0.00
0.94,0,0,nan,"600,815",0,"112,751",0,nan,0.00,0.0,0.00
0.95,0,0,nan,"600,815",0,"112,751",0,nan,0.00,0.0,0.00
0.96,0,0,nan,"600,815",0,"112,751",0,nan,0.00,0.0,0.00
0.97,0,0,nan,"600,815",0,"112,751",0,nan,0.00,0.0,0.00
0.98,0,0,nan,"600,815",0,"112,751",0,nan,0.00,0.0,0.00
0.99,0,0,nan,"600,815",0,"112,751",0,nan,0.00,0.0,0.00
1.0,0,0,nan,"600,815",0,"112,751",0,nan,0.00,0.0,0.00
