p,Neg,Pos,mPrec,TN,FP,FN,TP,Prec,Rec,$\hat{p}$
0.0,"1,803",12,0.01,"1,803","178,442",12,"33,813",0.16,1.00,0.99
0.1,"23,301",394,0.02,"25,104","155,141",406,"33,419",0.18,0.99,0.88
0.2,"27,585","1,169",0.04,"52,689","127,556","1,575","32,250",0.20,0.95,0.75
0.3,"26,591","1,980",0.07,"79,280","100,965","3,555","30,270",0.23,0.89,0.61
0.4,"25,302","2,869",0.10,"104,582","75,663","6,424","27,401",0.27,0.81,0.48
0.5,"22,346","3,564",0.14,"126,928","53,317","9,988","23,837",0.31,0.70,0.36
0.6,"18,436","4,210",0.19,"145,364","34,881","14,198","19,627",0.36,0.58,0.25
0.7,"14,699","4,756",0.24,"160,063","20,182","18,954","14,871",0.42,0.44,0.16
0.8,"10,671","4,860",0.31,"170,734","9,511","23,814","10,011",0.51,0.30,0.09
0.9,"6,440","4,888",0.43,"177,174","3,071","28,702","5,123",0.63,0.15,0.04
1.0,"3,071","5,123",0.63,"180,245",0,"33,825",0,nan,0.00,0.00
