p,Neg,Pos,mPrec,TN,FP,FN,TP,Prec,Rec,$\hat{p}$
0.0,1,0,0.00,1,"180,244",0,"33,825",0.16,1.00,1.00
0.1,"23,324","1,314",0.05,"23,325","156,920","1,314","32,511",0.17,0.96,0.88
0.2,"46,400","5,145",0.10,"69,725","110,520","6,459","27,366",0.20,0.81,0.64
0.3,"54,705","9,474",0.15,"124,430","55,815","15,933","17,892",0.24,0.53,0.34
0.4,"25,795","6,330",0.20,"150,225","30,020","22,263","11,562",0.28,0.34,0.19
0.5,"17,256","5,728",0.25,"167,481","12,764","27,991","5,834",0.31,0.17,0.09
0.6,"8,818","3,679",0.29,"176,299","3,946","31,670","2,155",0.35,0.06,0.03
0.7,"2,992","1,552",0.34,"179,291",954,"33,222",603,0.39,0.02,0.01
0.8,755,467,0.38,"180,046",199,"33,689",136,0.41,0.00,0.00
0.9,154,117,0.43,"180,200",45,"33,806",19,0.30,0.00,0.00
1.0,45,19,0.30,"180,245",0,"33,825",0,nan,0.00,0.00
