p,Neg,Pos,mPrec,TN,FP,FN,TP,Prec,Rec,$\hat{p}$
0.0,"4,507",106,0.02,"4,507","175,738",106,"33,719",0.16,1.00,0.98
0.1,"46,429","2,905",0.06,"50,936","129,309","3,011","30,814",0.19,0.91,0.75
0.2,"50,801","6,096",0.11,"101,737","78,508","9,107","24,718",0.24,0.73,0.48
0.3,"33,388","6,160",0.16,"135,125","45,120","15,267","18,558",0.29,0.55,0.30
0.4,"19,175","5,139",0.21,"154,300","25,945","20,406","13,419",0.34,0.40,0.18
0.5,"11,085","3,907",0.26,"165,385","14,860","24,313","9,512",0.39,0.28,0.11
0.6,"6,303","2,858",0.31,"171,688","8,557","27,171","6,654",0.44,0.20,0.07
0.7,"3,603","2,044",0.36,"175,291","4,954","29,215","4,610",0.48,0.14,0.04
0.8,"2,188","1,665",0.43,"177,479","2,766","30,880","2,945",0.52,0.09,0.03
0.9,"1,389","1,242",0.47,"178,868","1,377","32,122","1,703",0.55,0.05,0.01
1.0,"1,377","1,703",0.55,"180,245",0,"33,825",0,nan,0.00,0.00
