p,Neg,Pos,mPrec,TN,FP,FN,TP,Prec,Rec,FP/P,$\hat{p}$
0.0,"6,009",49,0.01,"6,009","594,806",49,"112,702",0.16,1.00,5.275394453264273,0.99
0.01,"27,520",343,0.01,"33,529","567,286",392,"112,359",0.17,1.00,5.031316795416449,0.95
0.02,"34,462",771,0.02,"67,991","532,824","1,163","111,588",0.17,0.99,4.725669838848436,0.90
0.03,"35,728","1,142",0.03,"103,719","497,096","2,305","110,446",0.18,0.98,4.4087946004913485,0.85
0.04,"34,546","1,419",0.04,"138,265","462,550","3,724","109,027",0.19,0.97,4.102402639444439,0.80
0.05,"32,541","1,556",0.05,"170,806","430,009","5,280","107,471",0.20,0.95,3.8137932257807026,0.75
0.06,"30,373","1,925",0.06,"201,179","399,636","7,205","105,546",0.21,0.94,3.5444120229532334,0.71
0.07,"28,291","2,046",0.07,"229,470","371,345","9,251","103,500",0.22,0.92,3.293496288281257,0.67
0.08,"26,249","2,190",0.08,"255,719","345,096","11,441","101,310",0.23,0.90,3.0606912577272043,0.63
0.09,"24,584","2,213",0.08,"280,303","320,512","13,654","99,097",0.24,0.88,2.8426532802369824,0.59
0.1,"22,342","2,282",0.09,"302,645","298,170","15,936","96,815",0.25,0.86,2.6444998270525315,0.55
0.11,"20,182","2,320",0.10,"322,827","277,988","18,256","94,495",0.25,0.84,2.4655036318968344,0.52
0.12,"19,279","2,375",0.11,"342,106","258,709","20,631","92,120",0.26,0.82,2.294516234889269,0.49
0.13,"17,695","2,361",0.12,"359,801","241,014","22,992","89,759",0.27,0.80,2.1375774937694567,0.46
0.14,"16,387","2,364",0.13,"376,188","224,627","25,356","87,395",0.28,0.78,1.992239536678167,0.44
0.15,"15,194","2,342",0.13,"391,382","209,433","27,698","85,053",0.29,0.75,1.857482417007388,0.41
0.16,"13,828","2,325",0.14,"405,210","195,605","30,023","82,728",0.30,0.73,1.7348404892196079,0.39
0.17,"12,770","2,322",0.15,"417,980","182,835","32,345","80,406",0.31,0.71,1.6215820702255412,0.37
0.18,"11,938","2,236",0.16,"429,918","170,897","34,581","78,170",0.31,0.69,1.5157027432129204,0.35
0.19,"11,012","2,238",0.17,"440,930","159,885","36,819","75,932",0.32,0.67,1.418036203670034,0.33
0.2,"10,259","2,218",0.18,"451,189","149,626","39,037","73,714",0.33,0.65,1.3270480971343934,0.31
0.21,"9,789","2,249",0.19,"460,978","139,837","41,286","71,465",0.34,0.63,1.2402284680401947,0.30
0.22,"9,002","2,160",0.19,"469,980","130,835","43,446","69,305",0.35,0.61,1.1603888213851763,0.28
0.23,"8,414","2,100",0.20,"478,394","122,421","45,546","67,205",0.35,0.60,1.0857642060824295,0.27
0.24,"7,849","2,129",0.21,"486,243","114,572","47,675","65,076",0.36,0.58,1.016150632810352,0.25
0.25,"7,495","1,993",0.21,"493,738","107,077","49,668","63,083",0.37,0.56,0.9496767212707647,0.24
0.26,"6,816","2,000",0.23,"500,554","100,261","51,668","61,083",0.38,0.54,0.88922492926892,0.23
0.27,"6,374","1,884",0.23,"506,928","93,887","53,552","59,199",0.39,0.53,0.8326932798822183,0.21
0.28,"5,978","1,944",0.25,"512,906","87,909","55,496","57,255",0.39,0.51,0.7796737944674549,0.20
0.29,"5,575","1,823",0.25,"518,481","82,334","57,319","55,432",0.40,0.49,0.7302285567312041,0.19
0.3,"5,225","1,784",0.25,"523,706","77,109","59,103","53,648",0.41,0.48,0.6838875043236867,0.18
0.31,"4,923","1,706",0.26,"528,629","72,186","60,809","51,942",0.42,0.46,0.640224920399819,0.17
0.32,"4,646","1,705",0.27,"533,275","67,540","62,514","50,237",0.43,0.45,0.5990190774361203,0.17
0.33,"4,254","1,630",0.28,"537,529","63,286","64,144","48,607",0.43,0.43,0.5612899220406028,0.16
0.34,"3,932","1,603",0.29,"541,461","59,354","65,747","47,004",0.44,0.42,0.5264166171475197,0.15
0.35,"3,701","1,560",0.30,"545,162","55,653","67,307","45,444",0.45,0.40,0.4935920745714007,0.14
0.36,"3,511","1,477",0.30,"548,673","52,142","68,784","43,967",0.46,0.39,0.46245266117373685,0.13
0.37,"3,180","1,537",0.33,"551,853","48,962","70,321","42,430",0.46,0.38,0.43424892018696065,0.13
0.38,"2,956","1,414",0.32,"554,809","46,006","71,735","41,016",0.47,0.36,0.4080318578105737,0.12
0.39,"2,799","1,343",0.32,"557,608","43,207","73,078","39,673",0.48,0.35,0.38320724428164715,0.12
0.4,"2,619","1,296",0.33,"560,227","40,588","74,374","38,377",0.49,0.34,0.3599790689217834,0.11
0.41,"2,466","1,308",0.35,"562,693","38,122","75,682","37,069",0.49,0.33,0.33810786600562304,0.11
0.42,"2,332","1,202",0.34,"565,025","35,790","76,884","35,867",0.50,0.32,0.31742512261532047,0.10
0.43,"2,060","1,262",0.38,"567,085","33,730","78,146","34,605",0.51,0.31,0.2991547746804906,0.10
0.44,"2,069","1,135",0.35,"569,154","31,661","79,281","33,470",0.51,0.30,0.28080460483720765,0.09
0.45,"1,943","1,134",0.37,"571,097","29,718","80,415","32,336",0.52,0.29,0.2635719417122686,0.09
0.46,"1,762","1,106",0.39,"572,859","27,956","81,521","31,230",0.53,0.28,0.24794458585733165,0.08
0.47,"1,675","1,077",0.39,"574,534","26,281","82,598","30,153",0.53,0.27,0.23308884178410835,0.08
0.48,"1,574","1,039",0.40,"576,108","24,707","83,637","29,114",0.54,0.26,0.21912887690574806,0.08
0.49,"1,522",966,0.39,"577,630","23,185","84,603","28,148",0.55,0.25,0.20563010527622816,0.07
0.5,"1,456","1,025",0.41,"579,086","21,729","85,628","27,123",0.56,0.24,0.19271669430869792,0.07
0.51,"1,310",909,0.41,"580,396","20,419","86,537","26,214",0.56,0.23,0.18109817207829643,0.07
0.52,"1,215",932,0.43,"581,611","19,204","87,469","25,282",0.57,0.22,0.1703222144371225,0.06
0.53,"1,128",872,0.44,"582,739","18,076","88,341","24,410",0.57,0.22,0.16031786857766228,0.06
0.54,"1,067",875,0.45,"583,806","17,009","89,216","23,535",0.58,0.21,0.15085453787549555,0.06
0.55,"1,013",786,0.44,"584,819","15,996","90,002","22,749",0.59,0.20,0.14187013862404768,0.05
0.56,970,851,0.47,"585,789","15,026","90,853","21,898",0.59,0.19,0.13326711071298702,0.05
0.57,884,803,0.48,"586,673","14,142","91,656","21,095",0.60,0.19,0.12542682548270082,0.05
0.58,877,727,0.45,"587,550","13,265","92,383","20,368",0.61,0.18,0.11764862395898927,0.05
0.59,794,764,0.49,"588,344","12,471","93,147","19,604",0.61,0.17,0.11060655781323447,0.04
0.6,761,692,0.48,"589,105","11,710","93,839","18,912",0.62,0.17,0.10385717199847451,0.04
0.61,709,642,0.48,"589,814","11,001","94,481","18,270",0.62,0.16,0.09756897943255492,0.04
0.62,659,628,0.49,"590,473","10,342","95,109","17,642",0.63,0.16,0.09172424191359722,0.04
0.63,657,670,0.50,"591,130","9,685","95,779","16,972",0.64,0.15,0.08589724259651799,0.04
0.64,605,638,0.51,"591,735","9,080","96,417","16,334",0.64,0.14,0.08053143652827913,0.04
0.65,509,594,0.54,"592,244","8,571","97,011","15,740",0.65,0.14,0.07601706415020709,0.03
0.66,517,576,0.53,"592,761","8,054","97,587","15,164",0.65,0.13,0.07143173896462116,0.03
0.67,493,553,0.53,"593,254","7,561","98,140","14,611",0.66,0.13,0.06705927220157692,0.03
0.68,477,573,0.55,"593,731","7,084","98,713","14,038",0.66,0.12,0.0628287110535605,0.03
0.69,433,557,0.56,"594,164","6,651","99,270","13,481",0.67,0.12,0.05898839034687054,0.03
0.7,402,539,0.57,"594,566","6,249","99,809","12,942",0.67,0.11,0.05542301176929695,0.03
0.71,402,463,0.54,"594,968","5,847","100,272","12,479",0.68,0.11,0.05185763319172335,0.03
0.72,378,564,0.60,"595,346","5,469","100,836","11,915",0.69,0.11,0.04850511303669147,0.02
0.73,363,519,0.59,"595,709","5,106","101,355","11,396",0.69,0.10,0.04528562939574815,0.02
0.74,343,528,0.61,"596,052","4,763","101,883","10,868",0.70,0.10,0.04224352777358959,0.02
0.75,316,513,0.62,"596,368","4,447","102,396","10,355",0.70,0.09,0.03944089187679045,0.02
0.76,304,485,0.61,"596,672","4,143","102,881","9,870",0.70,0.09,0.036744685191262165,0.02
0.77,267,422,0.61,"596,939","3,876","103,303","9,448",0.71,0.08,0.03437663524048567,0.02
0.78,251,501,0.67,"597,190","3,625","103,804","8,947",0.71,0.08,0.032150490904736984,0.02
0.79,254,442,0.64,"597,444","3,371","104,246","8,505",0.72,0.08,0.02989773926617059,0.02
0.8,243,411,0.63,"597,687","3,128","104,657","8,094",0.72,0.07,0.027742547737935806,0.02
0.81,240,445,0.65,"597,927","2,888","105,102","7,649",0.73,0.07,0.025613963512518736,0.01
0.82,215,439,0.67,"598,142","2,673","105,541","7,210",0.73,0.06,0.02370710681058261,0.01
0.83,206,419,0.67,"598,348","2,467","105,960","6,791",0.73,0.06,0.021880072017099628,0.01
0.84,201,395,0.66,"598,549","2,266","106,355","6,396",0.74,0.06,0.02009738272831283,0.01
0.85,189,409,0.68,"598,738","2,077","106,764","5,987",0.74,0.05,0.01842112265079689,0.01
0.86,158,401,0.72,"598,896","1,919","107,165","5,586",0.74,0.05,0.017019804702397317,0.01
0.87,181,395,0.69,"599,077","1,738","107,560","5,191",0.75,0.05,0.015414497432395279,0.01
0.88,165,425,0.72,"599,242","1,573","107,985","4,766",0.75,0.04,0.013951095777421043,0.01
0.89,142,370,0.72,"599,384","1,431","108,355","4,396",0.75,0.04,0.012691683444049277,0.01
0.9,134,358,0.73,"599,518","1,297","108,713","4,038",0.76,0.04,0.011503223918191413,0.01
0.91,170,327,0.66,"599,688","1,127","109,040","3,711",0.77,0.03,0.009995476758520989,0.01
0.92,118,347,0.75,"599,806","1,009","109,387","3,364",0.77,0.03,0.00894892284769093,0.01
0.93,129,321,0.71,"599,935",880,"109,708","3,043",0.78,0.03,0.007804808826529255,0.01
0.94,108,324,0.75,"600,043",772,"110,032","2,719",0.78,0.02,0.006846945925091574,0.00
0.95,108,304,0.74,"600,151",664,"110,336","2,415",0.78,0.02,0.005889083023653892,0.00
0.96,104,291,0.74,"600,255",560,"110,627","2,124",0.79,0.02,0.004966696525973162,0.00
0.97,76,268,0.78,"600,331",484,"110,895","1,856",0.79,0.02,0.00429264485459109,0.00
0.98,89,276,0.76,"600,420",395,"111,171","1,580",0.80,0.01,0.0035032948709989267,0.00
0.99,49,233,0.83,"600,469",346,"111,404","1,347",0.80,0.01,0.003068708924976275,0.00
1.0,346,"1,347",0.80,"600,815",0,"112,751",0,nan,0.00,0.0,0.00
