p,Neg,Pos,Neg/Pos,TN,FP,FN,TP,FP/TP,Prec.,Rec.,$\hat{p}$
0.0,0,0,nan,0,"420,570",0,"78,926",5.33,0.16,1.00,1.00
0.05,5,0,inf,5,"420,565",0,"78,926",5.33,0.16,1.00,1.00
0.1,29,0,inf,34,"420,536",0,"78,926",5.33,0.16,1.00,1.00
0.15,92,0,inf,126,"420,444",0,"78,926",5.33,0.16,1.00,1.00
0.2,227,0,inf,353,"420,217",0,"78,926",5.32,0.16,1.00,1.00
0.25,761,0,inf,"1,114","419,456",0,"78,926",5.31,0.16,1.00,1.00
0.3,"3,446",0,inf,"4,560","416,010",0,"78,926",5.27,0.16,1.00,0.99
0.35,"15,163",46,329.63,"19,723","400,847",46,"78,880",5.08,0.16,1.00,0.96
0.4,"52,100",754,69.10,"71,823","348,747",800,"78,126",4.46,0.18,0.99,0.85
0.45,"116,609","5,923",19.69,"188,432","232,138","6,723","72,203",3.22,0.24,0.91,0.61
0.5,"142,430","21,397",6.66,"330,862","89,708","28,120","50,806",1.77,0.36,0.64,0.28
0.55,"73,001","29,098",2.51,"403,863","16,707","57,218","21,708",0.77,0.57,0.28,0.08
0.6,"14,378","14,958",0.96,"418,241","2,329","72,176","6,750",0.35,0.74,0.09,0.02
0.65,"2,230","6,088",0.37,"420,471",99,"78,264",662,0.15,0.87,0.01,0.00
0.7,98,607,0.16,"420,569",1,"78,871",55,0.02,0.98,0.00,0.00
0.75,1,48,0.02,"420,570",0,"78,919",7,0.00,1.00,0.00,0.00
0.8,0,3,0.00,"420,570",0,"78,922",4,0.00,1.00,0.00,0.00
0.85,0,2,0.00,"420,570",0,"78,924",2,0.00,1.00,0.00,0.00
0.9,0,2,0.00,"420,570",0,"78,926",0,nan,nan,0.00,0.00
0.95,0,0,nan,"420,570",0,"78,926",0,nan,nan,0.00,0.00
1.0,0,0,nan,"420,570",0,"78,926",0,nan,nan,0.00,0.00
