p,Neg,Pos,Neg/Pos,TN,FP,FN,TP,FP/TP,Prec.,Rec.,$\hat{p}$
0.0,0,0,nan,0,"420,570",0,"78,926",5.33,0.16,1.00,1.00
0.05,"2,114",16,132.12,"2,114","418,456",16,"78,910",5.30,0.16,1.00,1.00
0.1,"10,390",195,53.28,"12,504","408,066",211,"78,715",5.18,0.16,1.00,0.97
0.15,"20,278",606,33.46,"32,782","387,788",817,"78,109",4.96,0.17,0.99,0.93
0.2,"29,132","1,241",23.47,"61,914","358,656","2,058","76,868",4.67,0.18,0.97,0.87
0.25,"36,631","2,161",16.95,"98,545","322,025","4,219","74,707",4.31,0.19,0.95,0.79
0.3,"42,561","3,419",12.45,"141,106","279,464","7,638","71,288",3.92,0.20,0.90,0.70
0.35,"44,723","4,636",9.65,"185,829","234,741","12,274","66,652",3.52,0.22,0.84,0.60
0.4,"44,269","5,587",7.92,"230,098","190,472","17,861","61,065",3.12,0.24,0.77,0.50
0.45,"41,118","6,552",6.28,"271,216","149,354","24,413","54,513",2.74,0.27,0.69,0.41
0.5,"37,058","7,228",5.13,"308,274","112,296","31,641","47,285",2.37,0.30,0.60,0.32
0.55,"31,354","7,770",4.04,"339,628","80,942","39,411","39,515",2.05,0.33,0.50,0.24
0.6,"24,888","7,279",3.42,"364,516","56,054","46,690","32,236",1.74,0.37,0.41,0.18
0.65,"18,790","6,995",2.69,"383,306","37,264","53,685","25,241",1.48,0.40,0.32,0.13
0.7,"14,016","6,287",2.23,"397,322","23,248","59,972","18,954",1.23,0.45,0.24,0.08
0.75,"9,668","5,597",1.73,"406,990","13,580","65,569","13,357",1.02,0.50,0.17,0.05
0.8,"6,810","5,142",1.32,"413,800","6,770","70,711","8,215",0.82,0.55,0.10,0.03
0.85,"4,345","4,415",0.98,"418,145","2,425","75,126","3,800",0.64,0.61,0.05,0.01
0.9,"2,022","2,921",0.69,"420,167",403,"78,047",879,0.46,0.69,0.01,0.00
0.95,397,848,0.47,"420,564",6,"78,895",31,0.19,0.84,0.00,0.00
1.0,6,31,0.19,"420,570",0,"78,926",0,nan,nan,0.00,0.00
