p,Neg,Pos,mPrec,TN,FP,FN,TP,Prec,Rec,FP/P,$\hat{p}$
0.0,"15,032",610,0.04,"15,032","585,783",610,"112,141",0.16,0.99,5.19536855548953,0.98
0.1,"90,877","6,092",0.06,"105,909","494,906","6,702","106,049",0.18,0.94,4.389371269434418,0.84
0.2,"97,355","10,825",0.10,"203,264","397,551","17,527","95,224",0.19,0.84,3.5259199474949225,0.69
0.3,"122,766","18,318",0.13,"326,030","274,785","35,845","76,906",0.22,0.68,2.437095901588456,0.49
0.4,"93,022","17,859",0.16,"419,052","181,763","53,704","59,047",0.25,0.52,1.6120743940186784,0.34
0.5,"64,027","15,316",0.19,"483,079","117,736","69,020","43,731",0.27,0.39,1.0442124681821003,0.23
0.6,"45,913","13,843",0.23,"528,992","71,823","82,863","29,888",0.29,0.27,0.6370054367588758,0.14
0.7,"32,713","11,557",0.26,"561,705","39,110","94,420","18,331",0.32,0.16,0.34687053773358995,0.08
0.8,"18,816","7,581",0.29,"580,521","20,294","102,001","10,750",0.35,0.10,0.1799895344608917,0.04
0.9,"10,731","5,026",0.32,"591,252","9,563","107,027","5,724",0.37,0.05,0.08481521228193098,0.02
1.0,"9,563","5,724",0.37,"600,815",0,"112,751",0,nan,0.00,0.0,0.00
