p,Neg,Pos,mPrec,TN,FP,FN,TP,Prec,Rec,$\hat{p}$
0.0,463,2,0.00,463,"179,782",2,"33,823",0.16,1.00,1.00
0.01,"1,268",4,0.00,"1,731","178,514",6,"33,819",0.16,1.00,0.99
0.02,"1,733",13,0.01,"3,464","176,781",19,"33,806",0.16,1.00,0.98
0.03,"2,159",23,0.01,"5,623","174,622",42,"33,783",0.16,1.00,0.97
0.04,"2,417",26,0.01,"8,040","172,205",68,"33,757",0.16,1.00,0.96
0.05,"2,572",36,0.01,"10,612","169,633",104,"33,721",0.17,1.00,0.95
0.06,"2,805",48,0.02,"13,417","166,828",152,"33,673",0.17,1.00,0.94
0.07,"2,735",65,0.02,"16,152","164,093",217,"33,608",0.17,0.99,0.92
0.08,"2,848",58,0.02,"19,000","161,245",275,"33,550",0.17,0.99,0.91
0.09,"2,925",76,0.03,"21,925","158,320",351,"33,474",0.17,0.99,0.90
0.1,"2,895",73,0.02,"24,820","155,425",424,"33,401",0.18,0.99,0.88
0.11,"3,017",88,0.03,"27,837","152,408",512,"33,313",0.18,0.98,0.87
0.12,"2,969",88,0.03,"30,806","149,439",600,"33,225",0.18,0.98,0.85
0.13,"3,078",116,0.04,"33,884","146,361",716,"33,109",0.18,0.98,0.84
0.14,"2,996",121,0.04,"36,880","143,365",837,"32,988",0.19,0.98,0.82
0.15,"3,025",120,0.04,"39,905","140,340",957,"32,868",0.19,0.97,0.81
0.16,"3,023",138,0.04,"42,928","137,317","1,095","32,730",0.19,0.97,0.79
0.17,"3,085",160,0.05,"46,013","134,232","1,255","32,570",0.20,0.96,0.78
0.18,"3,066",190,0.06,"49,079","131,166","1,445","32,380",0.20,0.96,0.76
0.19,"2,843",161,0.05,"51,922","128,323","1,606","32,219",0.20,0.95,0.75
0.2,"2,991",171,0.05,"54,913","125,332","1,777","32,048",0.20,0.95,0.74
0.21,"2,904",184,0.06,"57,817","122,428","1,961","31,864",0.21,0.94,0.72
0.22,"2,825",184,0.06,"60,642","119,603","2,145","31,680",0.21,0.94,0.71
0.23,"2,750",201,0.07,"63,392","116,853","2,346","31,479",0.21,0.93,0.69
0.24,"2,790",171,0.06,"66,182","114,063","2,517","31,308",0.22,0.93,0.68
0.25,"2,763",236,0.08,"68,945","111,300","2,753","31,072",0.22,0.92,0.67
0.26,"2,707",210,0.07,"71,652","108,593","2,963","30,862",0.22,0.91,0.65
0.27,"2,746",227,0.08,"74,398","105,847","3,190","30,635",0.22,0.91,0.64
0.28,"2,663",247,0.08,"77,061","103,184","3,437","30,388",0.23,0.90,0.62
0.29,"2,683",261,0.09,"79,744","100,501","3,698","30,127",0.23,0.89,0.61
0.3,"2,704",288,0.10,"82,448","97,797","3,986","29,839",0.23,0.88,0.60
0.31,"2,564",243,0.09,"85,012","95,233","4,229","29,596",0.24,0.87,0.58
0.32,"2,664",272,0.09,"87,676","92,569","4,501","29,324",0.24,0.87,0.57
0.33,"2,562",282,0.10,"90,238","90,007","4,783","29,042",0.24,0.86,0.56
0.34,"2,511",310,0.11,"92,749","87,496","5,093","28,732",0.25,0.85,0.54
0.35,"2,457",277,0.10,"95,206","85,039","5,370","28,455",0.25,0.84,0.53
0.36,"2,463",289,0.11,"97,669","82,576","5,659","28,166",0.25,0.83,0.52
0.37,"2,502",305,0.11,"100,171","80,074","5,964","27,861",0.26,0.82,0.50
0.38,"2,406",326,0.12,"102,577","77,668","6,290","27,535",0.26,0.81,0.49
0.39,"2,376",340,0.13,"104,953","75,292","6,630","27,195",0.27,0.80,0.48
0.4,"2,273",302,0.12,"107,226","73,019","6,932","26,893",0.27,0.80,0.47
0.41,"2,355",335,0.12,"109,581","70,664","7,267","26,558",0.27,0.79,0.45
0.42,"2,308",332,0.13,"111,889","68,356","7,599","26,226",0.28,0.78,0.44
0.43,"2,262",373,0.14,"114,151","66,094","7,972","25,853",0.28,0.76,0.43
0.44,"2,297",391,0.15,"116,448","63,797","8,363","25,462",0.29,0.75,0.42
0.45,"2,222",320,0.13,"118,670","61,575","8,683","25,142",0.29,0.74,0.41
0.46,"2,154",375,0.15,"120,824","59,421","9,058","24,767",0.29,0.73,0.39
0.47,"2,040",372,0.15,"122,864","57,381","9,430","24,395",0.30,0.72,0.38
0.48,"2,104",402,0.16,"124,968","55,277","9,832","23,993",0.30,0.71,0.37
0.49,"2,056",376,0.15,"127,024","53,221","10,208","23,617",0.31,0.70,0.36
0.5,"2,018",433,0.18,"129,042","51,203","10,641","23,184",0.31,0.69,0.35
0.51,"1,952",387,0.17,"130,994","49,251","11,028","22,797",0.32,0.67,0.34
0.52,"1,920",410,0.18,"132,914","47,331","11,438","22,387",0.32,0.66,0.33
0.53,"1,838",439,0.19,"134,752","45,493","11,877","21,948",0.33,0.65,0.32
0.54,"1,865",440,0.19,"136,617","43,628","12,317","21,508",0.33,0.64,0.30
0.55,"1,871",397,0.18,"138,488","41,757","12,714","21,111",0.34,0.62,0.29
0.56,"1,797",456,0.20,"140,285","39,960","13,170","20,655",0.34,0.61,0.28
0.57,"1,810",398,0.18,"142,095","38,150","13,568","20,257",0.35,0.60,0.27
0.58,"1,859",476,0.20,"143,954","36,291","14,044","19,781",0.35,0.58,0.26
0.59,"1,697",461,0.21,"145,651","34,594","14,505","19,320",0.36,0.57,0.25
0.6,"1,700",473,0.22,"147,351","32,894","14,978","18,847",0.36,0.56,0.24
0.61,"1,624",415,0.20,"148,975","31,270","15,393","18,432",0.37,0.54,0.23
0.62,"1,596",464,0.23,"150,571","29,674","15,857","17,968",0.38,0.53,0.22
0.63,"1,554",500,0.24,"152,125","28,120","16,357","17,468",0.38,0.52,0.21
0.64,"1,621",494,0.23,"153,746","26,499","16,851","16,974",0.39,0.50,0.20
0.65,"1,507",443,0.23,"155,253","24,992","17,294","16,531",0.40,0.49,0.19
0.66,"1,440",470,0.25,"156,693","23,552","17,764","16,061",0.41,0.47,0.19
0.67,"1,490",455,0.23,"158,183","22,062","18,219","15,606",0.41,0.46,0.18
0.68,"1,351",488,0.27,"159,534","20,711","18,707","15,118",0.42,0.45,0.17
0.69,"1,362",503,0.27,"160,896","19,349","19,210","14,615",0.43,0.43,0.16
0.7,"1,267",509,0.29,"162,163","18,082","19,719","14,106",0.44,0.42,0.15
0.71,"1,177",477,0.29,"163,340","16,905","20,196","13,629",0.45,0.40,0.14
0.72,"1,198",541,0.31,"164,538","15,707","20,737","13,088",0.45,0.39,0.13
0.73,"1,148",530,0.32,"165,686","14,559","21,267","12,558",0.46,0.37,0.13
0.74,"1,123",499,0.31,"166,809","13,436","21,766","12,059",0.47,0.36,0.12
0.75,"1,048",509,0.33,"167,857","12,388","22,275","11,550",0.48,0.34,0.11
0.76,"1,020",549,0.35,"168,877","11,368","22,824","11,001",0.49,0.33,0.10
0.77,958,529,0.36,"169,835","10,410","23,353","10,472",0.50,0.31,0.10
0.78,908,469,0.34,"170,743","9,502","23,822","10,003",0.51,0.30,0.09
0.79,927,501,0.35,"171,670","8,575","24,323","9,502",0.53,0.28,0.08
0.8,866,506,0.37,"172,536","7,709","24,829","8,996",0.54,0.27,0.08
0.81,759,500,0.40,"173,295","6,950","25,329","8,496",0.55,0.25,0.07
0.82,730,522,0.42,"174,025","6,220","25,851","7,974",0.56,0.24,0.07
0.83,662,570,0.46,"174,687","5,558","26,421","7,404",0.57,0.22,0.06
0.84,656,531,0.45,"175,343","4,902","26,952","6,873",0.58,0.20,0.06
0.85,570,533,0.48,"175,913","4,332","27,485","6,340",0.59,0.19,0.05
0.86,560,458,0.45,"176,473","3,772","27,943","5,882",0.61,0.17,0.05
0.87,461,506,0.52,"176,934","3,311","28,449","5,376",0.62,0.16,0.04
0.88,465,463,0.50,"177,399","2,846","28,912","4,913",0.63,0.15,0.04
0.89,414,413,0.50,"177,813","2,432","29,325","4,500",0.65,0.13,0.03
0.9,375,441,0.54,"178,188","2,057","29,766","4,059",0.66,0.12,0.03
0.91,307,397,0.56,"178,495","1,750","30,163","3,662",0.68,0.11,0.03
0.92,263,382,0.59,"178,758","1,487","30,545","3,280",0.69,0.10,0.02
0.93,269,370,0.58,"179,027","1,218","30,915","2,910",0.70,0.09,0.02
0.94,216,382,0.64,"179,243","1,002","31,297","2,528",0.72,0.07,0.02
0.95,232,412,0.64,"179,475",770,"31,709","2,116",0.73,0.06,0.01
0.96,230,477,0.67,"179,705",540,"32,186","1,639",0.75,0.05,0.01
0.97,211,535,0.72,"179,916",329,"32,721","1,104",0.77,0.03,0.01
0.98,164,505,0.75,"180,080",165,"33,226",599,0.78,0.02,0.00
0.99,130,432,0.77,"180,210",35,"33,658",167,0.83,0.00,0.00
1.0,35,167,0.83,"180,245",0,"33,825",0,nan,0.00,0.00
