p,Neg,Pos,mPrec,TN,FP,FN,TP,Prec,Rec,FP/P,$\hat{p}$
0.0,0,0,nan,0,"600,815",0,"112,751",0.16,1.00,5.328688880808152,1.00
0.1,"59,254",922,0.02,"59,254","541,561",922,"111,829",0.17,0.99,4.8031591737545565,0.92
0.2,"203,997","11,164",0.05,"263,251","337,564","12,086","100,665",0.23,0.89,2.993889189452865,0.61
0.3,"191,228","27,936",0.13,"454,479","146,336","40,022","72,729",0.33,0.65,1.297868755044301,0.31
0.4,"99,140","31,332",0.24,"553,619","47,196","71,354","41,397",0.47,0.37,0.41858608792826674,0.12
0.5,"34,418","21,480",0.38,"588,037","12,778","92,834","19,917",0.61,0.18,0.11332937180158047,0.05
0.6,"9,526","11,754",0.55,"597,563","3,252","104,588","8,163",0.72,0.07,0.02884231625440129,0.02
0.7,"2,820","6,395",0.69,"600,383",432,"110,983","1,768",0.80,0.02,0.0038314516057507252,0.00
0.8,411,"1,599",0.80,"600,794",21,"112,582",169,0.89,0.00,0.00018625111972399357,0.00
0.9,20,142,0.88,"600,814",1,"112,724",27,0.96,0.00,8.869100939237789e-06,0.00
1.0,1,27,0.96,"600,815",0,"112,751",0,nan,0.00,0.0,0.00
