p,Neg,Pos,mPrec,TN,FP,FN,TP,Prec,Rec,$\hat{p}$
0.0,0,0,nan,0,"180,245",0,"33,825",0.16,1.00,1.00
0.1,16,0,0.00,16,"180,229",0,"33,825",0.16,1.00,1.00
0.2,"6,102",275,0.04,"6,118","174,127",275,"33,550",0.16,0.99,0.97
0.3,"22,106","1,372",0.06,"28,224","152,021","1,647","32,178",0.17,0.95,0.86
0.4,"27,734","2,929",0.10,"55,958","124,287","4,576","29,249",0.19,0.86,0.72
0.5,"50,080","7,639",0.13,"106,038","74,207","12,215","21,610",0.23,0.64,0.45
0.6,"37,894","8,282",0.18,"143,932","36,313","20,497","13,328",0.27,0.39,0.23
0.7,"25,843","8,352",0.24,"169,775","10,470","28,849","4,976",0.32,0.15,0.07
0.8,"9,943","4,621",0.32,"179,718",527,"33,470",355,0.40,0.01,0.00
0.9,524,352,0.40,"180,242",3,"33,822",3,0.50,0.00,0.00
1.0,3,3,0.50,"180,245",0,"33,825",0,nan,0.00,0.00
