p,Neg,Pos,mPrec,TN,FP,FN,TP,Prec,Rec,$\hat{p}$
0.0,1,0,0.00,1,"180,244",0,"33,825",0.16,1.00,1.00
0.01,27,0,0.00,28,"180,217",0,"33,825",0.16,1.00,1.00
0.02,48,0,0.00,76,"180,169",0,"33,825",0.16,1.00,1.00
0.03,88,1,0.01,164,"180,081",1,"33,824",0.16,1.00,1.00
0.04,173,2,0.01,337,"179,908",3,"33,822",0.16,1.00,1.00
0.05,231,7,0.03,568,"179,677",10,"33,815",0.16,1.00,1.00
0.06,322,3,0.01,890,"179,355",13,"33,812",0.16,1.00,1.00
0.07,390,5,0.01,"1,280","178,965",18,"33,807",0.16,1.00,0.99
0.08,513,12,0.02,"1,793","178,452",30,"33,795",0.16,1.00,0.99
0.09,567,13,0.02,"2,360","177,885",43,"33,782",0.16,1.00,0.99
0.1,693,11,0.02,"3,053","177,192",54,"33,771",0.16,1.00,0.99
0.11,725,17,0.02,"3,778","176,467",71,"33,754",0.16,1.00,0.98
0.12,857,18,0.02,"4,635","175,610",89,"33,736",0.16,1.00,0.98
0.13,976,31,0.03,"5,611","174,634",120,"33,705",0.16,1.00,0.97
0.14,"1,048",36,0.03,"6,659","173,586",156,"33,669",0.16,1.00,0.97
0.15,"1,204",42,0.03,"7,863","172,382",198,"33,627",0.16,0.99,0.96
0.16,"1,364",53,0.04,"9,227","171,018",251,"33,574",0.16,0.99,0.96
0.17,"1,479",64,0.04,"10,706","169,539",315,"33,510",0.17,0.99,0.95
0.18,"1,546",54,0.03,"12,252","167,993",369,"33,456",0.17,0.99,0.94
0.19,"1,571",81,0.05,"13,823","166,422",450,"33,375",0.17,0.99,0.93
0.2,"1,696",84,0.05,"15,519","164,726",534,"33,291",0.17,0.98,0.93
0.21,"1,776",84,0.05,"17,295","162,950",618,"33,207",0.17,0.98,0.92
0.22,"2,002",118,0.06,"19,297","160,948",736,"33,089",0.17,0.98,0.91
0.23,"1,999",102,0.05,"21,296","158,949",838,"32,987",0.17,0.98,0.90
0.24,"1,961",114,0.05,"23,257","156,988",952,"32,873",0.17,0.97,0.89
0.25,"2,301",116,0.05,"25,558","154,687","1,068","32,757",0.17,0.97,0.88
0.26,"2,426",168,0.06,"27,984","152,261","1,236","32,589",0.18,0.96,0.86
0.27,"2,442",169,0.06,"30,426","149,819","1,405","32,420",0.18,0.96,0.85
0.28,"2,519",173,0.06,"32,945","147,300","1,578","32,247",0.18,0.95,0.84
0.29,"2,684",195,0.07,"35,629","144,616","1,773","32,052",0.18,0.95,0.83
0.3,"2,769",208,0.07,"38,398","141,847","1,981","31,844",0.18,0.94,0.81
0.31,"2,779",212,0.07,"41,177","139,068","2,193","31,632",0.19,0.94,0.80
0.32,"2,916",216,0.07,"44,093","136,152","2,409","31,416",0.19,0.93,0.78
0.33,"2,963",230,0.07,"47,056","133,189","2,639","31,186",0.19,0.92,0.77
0.34,"3,039",271,0.08,"50,095","130,150","2,910","30,915",0.19,0.91,0.75
0.35,"3,220",273,0.08,"53,315","126,930","3,183","30,642",0.19,0.91,0.74
0.36,"3,182",294,0.08,"56,497","123,748","3,477","30,348",0.20,0.90,0.72
0.37,"3,163",326,0.09,"59,660","120,585","3,803","30,022",0.20,0.89,0.70
0.38,"3,135",317,0.09,"62,795","117,450","4,120","29,705",0.20,0.88,0.69
0.39,"3,275",355,0.10,"66,070","114,175","4,475","29,350",0.20,0.87,0.67
0.4,"3,323",359,0.10,"69,393","110,852","4,834","28,991",0.21,0.86,0.65
0.41,"3,357",378,0.10,"72,750","107,495","5,212","28,613",0.21,0.85,0.64
0.42,"3,338",382,0.10,"76,088","104,157","5,594","28,231",0.21,0.83,0.62
0.43,"3,410",401,0.11,"79,498","100,747","5,995","27,830",0.22,0.82,0.60
0.44,"3,296",390,0.11,"82,794","97,451","6,385","27,440",0.22,0.81,0.58
0.45,"3,277",435,0.12,"86,071","94,174","6,820","27,005",0.22,0.80,0.57
0.46,"3,395",432,0.11,"89,466","90,779","7,252","26,573",0.23,0.79,0.55
0.47,"3,342",494,0.13,"92,808","87,437","7,746","26,079",0.23,0.77,0.53
0.48,"3,323",459,0.12,"96,131","84,114","8,205","25,620",0.23,0.76,0.51
0.49,"3,340",496,0.13,"99,471","80,774","8,701","25,124",0.24,0.74,0.49
0.5,"3,256",501,0.13,"102,727","77,518","9,202","24,623",0.24,0.73,0.48
0.51,"3,304",523,0.14,"106,031","74,214","9,725","24,100",0.25,0.71,0.46
0.52,"3,304",557,0.14,"109,335","70,910","10,282","23,543",0.25,0.70,0.44
0.53,"3,189",527,0.14,"112,524","67,721","10,809","23,016",0.25,0.68,0.42
0.54,"3,230",569,0.15,"115,754","64,491","11,378","22,447",0.26,0.66,0.41
0.55,"3,207",556,0.15,"118,961","61,284","11,934","21,891",0.26,0.65,0.39
0.56,"3,090",591,0.16,"122,051","58,194","12,525","21,300",0.27,0.63,0.37
0.57,"3,051",582,0.16,"125,102","55,143","13,107","20,718",0.27,0.61,0.35
0.58,"3,028",615,0.17,"128,130","52,115","13,722","20,103",0.28,0.59,0.34
0.59,"2,892",647,0.18,"131,022","49,223","14,369","19,456",0.28,0.58,0.32
0.6,"2,781",585,0.17,"133,803","46,442","14,954","18,871",0.29,0.56,0.31
0.61,"2,779",694,0.20,"136,582","43,663","15,648","18,177",0.29,0.54,0.29
0.62,"2,660",658,0.20,"139,242","41,003","16,306","17,519",0.30,0.52,0.27
0.63,"2,626",633,0.19,"141,868","38,377","16,939","16,886",0.31,0.50,0.26
0.64,"2,500",603,0.19,"144,368","35,877","17,542","16,283",0.31,0.48,0.24
0.65,"2,431",647,0.21,"146,799","33,446","18,189","15,636",0.32,0.46,0.23
0.66,"2,360",670,0.22,"149,159","31,086","18,859","14,966",0.32,0.44,0.22
0.67,"2,257",631,0.22,"151,416","28,829","19,490","14,335",0.33,0.42,0.20
0.68,"2,069",630,0.23,"153,485","26,760","20,120","13,705",0.34,0.41,0.19
0.69,"2,070",685,0.25,"155,555","24,690","20,805","13,020",0.35,0.38,0.18
0.7,"1,912",637,0.25,"157,467","22,778","21,442","12,383",0.35,0.37,0.16
0.71,"1,786",604,0.25,"159,253","20,992","22,046","11,779",0.36,0.35,0.15
0.72,"1,786",642,0.26,"161,039","19,206","22,688","11,137",0.37,0.33,0.14
0.73,"1,651",601,0.27,"162,690","17,555","23,289","10,536",0.38,0.31,0.13
0.74,"1,609",578,0.26,"164,299","15,946","23,867","9,958",0.38,0.29,0.12
0.75,"1,459",614,0.30,"165,758","14,487","24,481","9,344",0.39,0.28,0.11
0.76,"1,367",592,0.30,"167,125","13,120","25,073","8,752",0.40,0.26,0.10
0.77,"1,339",548,0.29,"168,464","11,781","25,621","8,204",0.41,0.24,0.09
0.78,"1,108",555,0.33,"169,572","10,673","26,176","7,649",0.42,0.23,0.09
0.79,"1,149",570,0.33,"170,721","9,524","26,746","7,079",0.43,0.21,0.08
0.8,974,569,0.37,"171,695","8,550","27,315","6,510",0.43,0.19,0.07
0.81,925,490,0.35,"172,620","7,625","27,805","6,020",0.44,0.18,0.06
0.82,878,501,0.36,"173,498","6,747","28,306","5,519",0.45,0.16,0.06
0.83,844,473,0.36,"174,342","5,903","28,779","5,046",0.46,0.15,0.05
0.84,789,485,0.38,"175,131","5,114","29,264","4,561",0.47,0.13,0.05
0.85,732,473,0.39,"175,863","4,382","29,737","4,088",0.48,0.12,0.04
0.86,691,458,0.40,"176,554","3,691","30,195","3,630",0.50,0.11,0.03
0.87,559,504,0.47,"177,113","3,132","30,699","3,126",0.50,0.09,0.03
0.88,557,446,0.44,"177,670","2,575","31,145","2,680",0.51,0.08,0.02
0.89,506,459,0.48,"178,176","2,069","31,604","2,221",0.52,0.07,0.02
0.9,474,406,0.46,"178,650","1,595","32,010","1,815",0.53,0.05,0.02
0.91,425,362,0.46,"179,075","1,170","32,372","1,453",0.55,0.04,0.01
0.92,324,370,0.53,"179,399",846,"32,742","1,083",0.56,0.03,0.01
0.93,273,315,0.54,"179,672",573,"33,057",768,0.57,0.02,0.01
0.94,217,253,0.54,"179,889",356,"33,310",515,0.59,0.02,0.00
0.95,152,188,0.55,"180,041",204,"33,498",327,0.62,0.01,0.00
0.96,100,149,0.60,"180,141",104,"33,647",178,0.63,0.01,0.00
0.97,57,94,0.62,"180,198",47,"33,741",84,0.64,0.00,0.00
0.98,28,48,0.63,"180,226",19,"33,789",36,0.65,0.00,0.00
0.99,13,27,0.68,"180,239",6,"33,816",9,0.60,0.00,0.00
1.0,6,9,0.60,"180,245",0,"33,825",0,nan,0.00,0.00
