p,Neg,Pos,mPrec,TN,FP,FN,TP,Prec,Rec,$\hat{p}$
0.0,1,0,0.00,1,"420,569",0,"78,926",0.16,1.00,1.00
0.1,"222,497","10,392",0.04,"222,498","198,072","10,392","68,534",0.26,0.87,0.53
0.2,"104,735","16,287",0.13,"327,233","93,337","26,679","52,247",0.36,0.66,0.29
0.3,"48,704","14,930",0.23,"375,937","44,633","41,609","37,317",0.46,0.47,0.16
0.4,"22,582","11,199",0.33,"398,519","22,051","52,808","26,118",0.54,0.33,0.10
0.5,"11,026","8,126",0.42,"409,545","11,025","60,934","17,992",0.62,0.23,0.06
0.6,"5,629","6,063",0.52,"415,174","5,396","66,997","11,929",0.69,0.15,0.03
0.7,"2,929","4,601",0.61,"418,103","2,467","71,598","7,328",0.75,0.09,0.02
0.8,"1,616","3,833",0.70,"419,719",851,"75,431","3,495",0.80,0.04,0.01
0.9,755,"2,907",0.79,"420,474",96,"78,338",588,0.86,0.01,0.00
1.0,96,588,0.86,"420,570",0,"78,926",0,nan,0.00,0.00
