p,Neg,Pos,Neg/Pos,TN,FP,FN,TP,FP/TP,Prec.,Rec.,$\hat{p}$
0.0,0,0,nan,0,"180,245",0,"33,825",5.33,0.16,1.00,1.00
0.05,0,0,nan,0,"180,245",0,"33,825",5.33,0.16,1.00,1.00
0.1,0,0,nan,0,"180,245",0,"33,825",5.33,0.16,1.00,1.00
0.15,1,0,inf,1,"180,244",0,"33,825",5.33,0.16,1.00,1.00
0.2,28,2,14.00,29,"180,216",2,"33,823",5.33,0.16,1.00,1.00
0.25,"1,542",64,24.09,"1,571","178,674",66,"33,759",5.29,0.16,1.00,0.99
0.3,"10,092",515,19.60,"11,663","168,582",581,"33,244",5.07,0.16,0.98,0.94
0.35,"19,019","1,273",14.94,"30,682","149,563","1,854","31,971",4.68,0.18,0.95,0.85
0.4,"24,267","2,610",9.30,"54,949","125,296","4,464","29,361",4.27,0.19,0.87,0.72
0.45,"41,173","5,963",6.90,"96,122","84,123","10,427","23,398",3.60,0.22,0.69,0.50
0.5,"37,565","7,491",5.01,"133,687","46,558","17,918","15,907",2.93,0.25,0.47,0.29
0.55,"26,293","7,478",3.52,"159,980","20,265","25,396","8,429",2.40,0.29,0.25,0.13
0.6,"15,585","5,932",2.63,"175,565","4,680","31,328","2,497",1.87,0.35,0.07,0.03
0.65,"4,042","2,079",1.94,"179,607",638,"33,407",418,1.53,0.40,0.01,0.00
0.7,598,383,1.56,"180,205",40,"33,790",35,1.14,0.47,0.00,0.00
0.75,40,35,1.14,"180,245",0,"33,825",0,nan,nan,0.00,0.00
0.8,0,0,nan,"180,245",0,"33,825",0,nan,nan,0.00,0.00
0.85,0,0,nan,"180,245",0,"33,825",0,nan,nan,0.00,0.00
0.9,0,0,nan,"180,245",0,"33,825",0,nan,nan,0.00,0.00
0.95,0,0,nan,"180,245",0,"33,825",0,nan,nan,0.00,0.00
1.0,0,0,nan,"180,245",0,"33,825",0,nan,nan,0.00,0.00
