p,Neg,Pos,mPrec,TN,FP,FN,TP,Prec,Rec,$\hat{p}$
0.0,0,0,nan,0,"420,570",0,"78,926",0.16,1.00,1.00
0.1,"168,805","10,844",0.06,"168,805","251,765","10,844","68,082",0.21,0.86,0.64
0.2,"160,075","25,739",0.14,"328,880","91,690","36,583","42,343",0.32,0.54,0.27
0.3,"56,875","17,584",0.24,"385,755","34,815","54,167","24,759",0.42,0.31,0.12
0.4,"20,370","10,411",0.34,"406,125","14,445","64,578","14,348",0.50,0.18,0.06
0.5,"8,936","6,969",0.44,"415,061","5,509","71,547","7,379",0.57,0.09,0.03
0.6,"3,898","4,399",0.53,"418,959","1,611","75,946","2,980",0.65,0.04,0.01
0.7,"1,348","2,250",0.63,"420,307",263,"78,196",730,0.74,0.01,0.00
0.8,246,666,0.73,"420,553",17,"78,862",64,0.79,0.00,0.00
0.9,16,62,0.79,"420,569",1,"78,924",2,0.67,0.00,0.00
1.0,1,2,0.67,"420,570",0,"78,926",0,nan,0.00,0.00
