p,Neg,Pos,mPrec,TN,FP,FN,TP,Prec,Rec,$\hat{p}$
0.0,0,0,nan,0,"180,245",0,"33,825",0.16,1.00,1.00
0.01,0,0,nan,0,"180,245",0,"33,825",0.16,1.00,1.00
0.02,"1,332",7,0.01,"1,332","178,913",7,"33,818",0.16,1.00,0.99
0.03,"7,538",89,0.01,"8,870","171,375",96,"33,729",0.16,1.00,0.96
0.04,"10,021",201,0.02,"18,891","161,354",297,"33,528",0.17,0.99,0.91
0.05,"10,286",278,0.03,"29,177","151,068",575,"33,250",0.18,0.98,0.86
0.06,"9,889",367,0.04,"39,066","141,179",942,"32,883",0.19,0.97,0.81
0.07,"9,272",454,0.05,"48,338","131,907","1,396","32,429",0.20,0.96,0.77
0.08,"8,577",562,0.06,"56,915","123,330","1,958","31,867",0.21,0.94,0.72
0.09,"8,159",564,0.06,"65,074","115,171","2,522","31,303",0.21,0.93,0.68
0.1,"7,395",564,0.07,"72,469","107,776","3,086","30,739",0.22,0.91,0.65
0.11,"6,959",587,0.08,"79,428","100,817","3,673","30,152",0.23,0.89,0.61
0.12,"6,277",626,0.09,"85,705","94,540","4,299","29,526",0.24,0.87,0.58
0.13,"5,972",603,0.09,"91,677","88,568","4,902","28,923",0.25,0.86,0.55
0.14,"5,460",617,0.10,"97,137","83,108","5,519","28,306",0.25,0.84,0.52
0.15,"5,154",633,0.11,"102,291","77,954","6,152","27,673",0.26,0.82,0.49
0.16,"4,828",648,0.12,"107,119","73,126","6,800","27,025",0.27,0.80,0.47
0.17,"4,476",612,0.12,"111,595","68,650","7,412","26,413",0.28,0.78,0.44
0.18,"4,075",696,0.15,"115,670","64,575","8,108","25,717",0.28,0.76,0.42
0.19,"3,910",643,0.14,"119,580","60,665","8,751","25,074",0.29,0.74,0.40
0.2,"3,549",627,0.15,"123,129","57,116","9,378","24,447",0.30,0.72,0.38
0.21,"3,414",559,0.14,"126,543","53,702","9,937","23,888",0.31,0.71,0.36
0.22,"3,051",611,0.17,"129,594","50,651","10,548","23,277",0.31,0.69,0.35
0.23,"2,953",632,0.18,"132,547","47,698","11,180","22,645",0.32,0.67,0.33
0.24,"2,768",588,0.18,"135,315","44,930","11,768","22,057",0.33,0.65,0.31
0.25,"2,616",623,0.19,"137,931","42,314","12,391","21,434",0.34,0.63,0.30
0.26,"2,576",586,0.19,"140,507","39,738","12,977","20,848",0.34,0.62,0.28
0.27,"2,330",558,0.19,"142,837","37,408","13,535","20,290",0.35,0.60,0.27
0.28,"2,134",532,0.20,"144,971","35,274","14,067","19,758",0.36,0.58,0.26
0.29,"1,984",545,0.22,"146,955","33,290","14,612","19,213",0.37,0.57,0.25
0.3,"1,912",526,0.22,"148,867","31,378","15,138","18,687",0.37,0.55,0.23
0.31,"1,751",527,0.23,"150,618","29,627","15,665","18,160",0.38,0.54,0.22
0.32,"1,685",510,0.23,"152,303","27,942","16,175","17,650",0.39,0.52,0.21
0.33,"1,609",487,0.23,"153,912","26,333","16,662","17,163",0.39,0.51,0.20
0.34,"1,477",511,0.26,"155,389","24,856","17,173","16,652",0.40,0.49,0.19
0.35,"1,404",478,0.25,"156,793","23,452","17,651","16,174",0.41,0.48,0.19
0.36,"1,355",461,0.25,"158,148","22,097","18,112","15,713",0.42,0.46,0.18
0.37,"1,245",436,0.26,"159,393","20,852","18,548","15,277",0.42,0.45,0.17
0.38,"1,228",437,0.26,"160,621","19,624","18,985","14,840",0.43,0.44,0.16
0.39,"1,082",426,0.28,"161,703","18,542","19,411","14,414",0.44,0.43,0.15
0.4,"1,043",383,0.27,"162,746","17,499","19,794","14,031",0.45,0.41,0.15
0.41,957,427,0.31,"163,703","16,542","20,221","13,604",0.45,0.40,0.14
0.42,963,399,0.29,"164,666","15,579","20,620","13,205",0.46,0.39,0.13
0.43,905,384,0.30,"165,571","14,674","21,004","12,821",0.47,0.38,0.13
0.44,788,357,0.31,"166,359","13,886","21,361","12,464",0.47,0.37,0.12
0.45,770,374,0.33,"167,129","13,116","21,735","12,090",0.48,0.36,0.12
0.46,695,364,0.34,"167,824","12,421","22,099","11,726",0.49,0.35,0.11
0.47,693,352,0.34,"168,517","11,728","22,451","11,374",0.49,0.34,0.11
0.48,665,364,0.35,"169,182","11,063","22,815","11,010",0.50,0.33,0.10
0.49,615,347,0.36,"169,797","10,448","23,162","10,663",0.51,0.32,0.10
0.5,598,331,0.36,"170,395","9,850","23,493","10,332",0.51,0.31,0.09
0.51,553,331,0.37,"170,948","9,297","23,824","10,001",0.52,0.30,0.09
0.52,526,298,0.36,"171,474","8,771","24,122","9,703",0.53,0.29,0.09
0.53,460,305,0.40,"171,934","8,311","24,427","9,398",0.53,0.28,0.08
0.54,469,326,0.41,"172,403","7,842","24,753","9,072",0.54,0.27,0.08
0.55,407,293,0.42,"172,810","7,435","25,046","8,779",0.54,0.26,0.08
0.56,421,252,0.37,"173,231","7,014","25,298","8,527",0.55,0.25,0.07
0.57,377,268,0.42,"173,608","6,637","25,566","8,259",0.55,0.24,0.07
0.58,393,257,0.40,"174,001","6,244","25,823","8,002",0.56,0.24,0.07
0.59,347,267,0.43,"174,348","5,897","26,090","7,735",0.57,0.23,0.06
0.6,356,269,0.43,"174,704","5,541","26,359","7,466",0.57,0.22,0.06
0.61,305,278,0.48,"175,009","5,236","26,637","7,188",0.58,0.21,0.06
0.62,256,248,0.49,"175,265","4,980","26,885","6,940",0.58,0.21,0.06
0.63,298,258,0.46,"175,563","4,682","27,143","6,682",0.59,0.20,0.05
0.64,274,222,0.45,"175,837","4,408","27,365","6,460",0.59,0.19,0.05
0.65,274,223,0.45,"176,111","4,134","27,588","6,237",0.60,0.18,0.05
0.66,238,226,0.49,"176,349","3,896","27,814","6,011",0.61,0.18,0.05
0.67,231,240,0.51,"176,580","3,665","28,054","5,771",0.61,0.17,0.04
0.68,240,193,0.45,"176,820","3,425","28,247","5,578",0.62,0.16,0.04
0.69,231,217,0.48,"177,051","3,194","28,464","5,361",0.63,0.16,0.04
0.7,216,199,0.48,"177,267","2,978","28,663","5,162",0.63,0.15,0.04
0.71,197,220,0.53,"177,464","2,781","28,883","4,942",0.64,0.15,0.04
0.72,164,192,0.54,"177,628","2,617","29,075","4,750",0.64,0.14,0.03
0.73,184,184,0.50,"177,812","2,433","29,259","4,566",0.65,0.13,0.03
0.74,159,165,0.51,"177,971","2,274","29,424","4,401",0.66,0.13,0.03
0.75,155,196,0.56,"178,126","2,119","29,620","4,205",0.66,0.12,0.03
0.76,138,174,0.56,"178,264","1,981","29,794","4,031",0.67,0.12,0.03
0.77,143,187,0.57,"178,407","1,838","29,981","3,844",0.68,0.11,0.03
0.78,120,174,0.59,"178,527","1,718","30,155","3,670",0.68,0.11,0.03
0.79,116,152,0.57,"178,643","1,602","30,307","3,518",0.69,0.10,0.02
0.8,132,172,0.57,"178,775","1,470","30,479","3,346",0.69,0.10,0.02
0.81,101,191,0.65,"178,876","1,369","30,670","3,155",0.70,0.09,0.02
0.82,114,170,0.60,"178,990","1,255","30,840","2,985",0.70,0.09,0.02
0.83,91,133,0.59,"179,081","1,164","30,973","2,852",0.71,0.08,0.02
0.84,84,162,0.66,"179,165","1,080","31,135","2,690",0.71,0.08,0.02
0.85,78,174,0.69,"179,243","1,002","31,309","2,516",0.72,0.07,0.02
0.86,91,148,0.62,"179,334",911,"31,457","2,368",0.72,0.07,0.02
0.87,91,150,0.62,"179,425",820,"31,607","2,218",0.73,0.07,0.01
0.88,71,144,0.67,"179,496",749,"31,751","2,074",0.73,0.06,0.01
0.89,66,139,0.68,"179,562",683,"31,890","1,935",0.74,0.06,0.01
0.9,58,149,0.72,"179,620",625,"32,039","1,786",0.74,0.05,0.01
0.91,74,137,0.65,"179,694",551,"32,176","1,649",0.75,0.05,0.01
0.92,58,128,0.69,"179,752",493,"32,304","1,521",0.76,0.04,0.01
0.93,68,125,0.65,"179,820",425,"32,429","1,396",0.77,0.04,0.01
0.94,53,133,0.72,"179,873",372,"32,562","1,263",0.77,0.04,0.01
0.95,50,129,0.72,"179,923",322,"32,691","1,134",0.78,0.03,0.01
0.96,45,126,0.74,"179,968",277,"32,817","1,008",0.78,0.03,0.01
0.97,42,105,0.71,"180,010",235,"32,922",903,0.79,0.03,0.01
0.98,26,104,0.80,"180,036",209,"33,026",799,0.79,0.02,0.00
0.99,28,121,0.81,"180,064",181,"33,147",678,0.79,0.02,0.00
1.0,181,678,0.79,"180,245",0,"33,825",0,nan,0.00,0.00
