p,Neg,Pos,mPrec,TN,FP,FN,TP,Prec,Rec,FP/P,$\hat{p}$
0.0,0,0,nan,0,"600,815",0,"112,751",0.16,1.00,5.328688880808152,1.00
0.01,"22,857",238,0.01,"22,857","577,958",238,"112,513",0.16,1.00,5.125967840639994,0.97
0.02,"39,956",778,0.02,"62,813","538,002","1,016","111,735",0.17,0.99,4.77159404351181,0.91
0.03,"42,311","1,343",0.03,"105,124","495,691","2,359","110,392",0.18,0.98,4.396333513671719,0.85
0.04,"40,757","1,717",0.04,"145,881","454,934","4,076","108,675",0.19,0.96,4.0348555666912045,0.79
0.05,"37,717","1,944",0.05,"183,598","417,217","6,020","106,731",0.20,0.95,3.700339686565973,0.73
0.06,"34,698","2,420",0.07,"218,296","382,519","8,440","104,311",0.21,0.93,3.3925996221763,0.68
0.07,"32,012","2,526",0.07,"250,308","350,507","10,966","101,785",0.23,0.90,3.10868196290942,0.63
0.08,"29,310","2,634",0.08,"279,618","321,197","13,600","99,151",0.24,0.88,2.8487286143803603,0.59
0.09,"26,336","2,711",0.09,"305,954","294,861","16,311","96,440",0.25,0.86,2.6151519720445937,0.55
0.1,"23,668","2,748",0.10,"329,622","271,193","19,059","93,692",0.26,0.83,2.4052380910147138,0.51
0.11,"22,135","2,840",0.11,"351,757","249,058","21,899","90,852",0.27,0.81,2.2089205417246855,0.48
0.12,"19,862","2,807",0.12,"371,619","229,196","24,706","88,045",0.28,0.78,2.0327624588695445,0.44
0.13,"18,397","2,742",0.13,"390,016","210,799","27,448","85,303",0.29,0.76,1.8695976088903867,0.41
0.14,"16,381","2,806",0.15,"406,397","194,418","30,254","82,497",0.30,0.73,1.7243128664047325,0.39
0.15,"15,008","2,710",0.15,"421,405","179,410","32,964","79,787",0.31,0.71,1.591205399508652,0.36
0.16,"13,672","2,683",0.16,"435,077","165,738","35,647","77,104",0.32,0.68,1.4699470514673927,0.34
0.17,"12,573","2,602",0.17,"447,650","153,165","38,249","74,502",0.33,0.66,1.358435845358356,0.32
0.18,"11,749","2,684",0.19,"459,399","141,416","40,933","71,818",0.34,0.64,1.2542327784232512,0.30
0.19,"10,787","2,550",0.19,"470,186","130,629","43,483","69,268",0.35,0.61,1.1585617865916933,0.28
0.2,"9,876","2,536",0.20,"480,062","120,753","46,019","66,732",0.36,0.59,1.0709705457157808,0.26
0.21,"9,179","2,435",0.21,"489,241","111,574","48,454","64,297",0.37,0.57,0.9895610681945172,0.25
0.22,"8,464","2,403",0.22,"497,705","103,110","50,857","61,894",0.38,0.55,0.9144929978448084,0.23
0.23,"7,776","2,260",0.23,"505,481","95,334","53,117","59,634",0.38,0.53,0.8455268689412955,0.22
0.24,"7,163","2,311",0.24,"512,644","88,171","55,428","57,323",0.39,0.51,0.7819974989135351,0.20
0.25,"6,585","2,144",0.25,"519,229","81,586","57,572","55,179",0.40,0.49,0.7235944692286543,0.19
0.26,"6,183","2,105",0.25,"525,412","75,403","59,677","53,074",0.41,0.47,0.668756818121347,0.18
0.27,"5,636","2,009",0.26,"531,048","69,767","61,686","51,065",0.42,0.45,0.6187705652278028,0.17
0.28,"5,222","1,977",0.27,"536,270","64,545","63,663","49,088",0.43,0.44,0.5724561201231031,0.16
0.29,"4,767","1,915",0.29,"541,037","59,778","65,578","47,173",0.44,0.42,0.5301771159457566,0.15
0.3,"4,384","1,833",0.29,"545,421","55,394","67,411","45,340",0.45,0.40,0.4912949774281381,0.14
0.31,"4,090","1,803",0.31,"549,511","51,304","69,214","43,537",0.46,0.39,0.4550203545866556,0.13
0.32,"3,663","1,764",0.33,"553,174","47,641","70,978","41,773",0.47,0.37,0.4225328378462275,0.13
0.33,"3,393","1,586",0.32,"556,567","44,248","72,564","40,187",0.48,0.36,0.3924399783593937,0.12
0.34,"3,230","1,592",0.33,"559,797","41,018","74,156","38,595",0.48,0.34,0.36379278232565565,0.11
0.35,"2,913","1,532",0.34,"562,710","38,105","75,688","37,063",0.49,0.33,0.33795709128965595,0.11
0.36,"2,723","1,431",0.34,"565,433","35,382","77,119","35,632",0.50,0.32,0.31380652943211146,0.10
0.37,"2,451","1,463",0.37,"567,884","32,931","78,582","34,169",0.51,0.30,0.29206836303003963,0.09
0.38,"2,377","1,367",0.37,"570,261","30,554","79,949","32,802",0.52,0.29,0.27098651009747143,0.09
0.39,"2,195","1,314",0.37,"572,456","28,359","81,263","31,488",0.53,0.28,0.2515188335358445,0.08
0.4,"1,964","1,276",0.39,"574,420","26,395","82,539","30,212",0.53,0.27,0.23409991929118146,0.08
0.41,"1,883","1,220",0.39,"576,303","24,512","83,759","28,992",0.54,0.26,0.21739940222259668,0.07
0.42,"1,828","1,193",0.39,"578,131","22,684","84,952","27,799",0.55,0.25,0.20118668570567003,0.07
0.43,"1,617","1,127",0.41,"579,748","21,067","86,079","26,672",0.56,0.24,0.18684534948692252,0.07
0.44,"1,481","1,082",0.42,"581,229","19,586","87,161","25,590",0.57,0.23,0.17371021099591136,0.06
0.45,"1,381","1,065",0.44,"582,610","18,205","88,226","24,525",0.57,0.22,0.16146198259882397,0.06
0.46,"1,250","1,040",0.45,"583,860","16,955","89,266","23,485",0.58,0.21,0.1503756064247767,0.06
0.47,"1,176",936,0.44,"585,036","15,779","90,202","22,549",0.59,0.20,0.13994554372023307,0.05
0.48,"1,163",988,0.46,"586,199","14,616","91,190","21,561",0.60,0.19,0.12963077932789954,0.05
0.49,"1,033",904,0.47,"587,232","13,583","92,094","20,657",0.60,0.18,0.12046899805766689,0.05
0.5,963,887,0.48,"588,195","12,620","92,981","19,770",0.61,0.18,0.1119280538531809,0.05
0.51,904,851,0.48,"589,099","11,716","93,832","18,919",0.62,0.17,0.10391038660410994,0.04
0.52,821,770,0.48,"589,920","10,895","94,602","18,149",0.62,0.16,0.09662885473299572,0.04
0.53,796,750,0.49,"590,716","10,099","95,352","17,399",0.63,0.15,0.08956905038536243,0.04
0.54,764,782,0.51,"591,480","9,335","96,134","16,617",0.64,0.15,0.08279305726778477,0.04
0.55,644,739,0.53,"592,124","8,691","96,873","15,878",0.65,0.14,0.07708135626291562,0.03
0.56,597,673,0.53,"592,721","8,094","97,546","15,205",0.65,0.13,0.07178650300219067,0.03
0.57,589,656,0.53,"593,310","7,505","98,202","14,549",0.66,0.13,0.06656260254897961,0.03
0.58,554,675,0.55,"593,864","6,951","98,877","13,874",0.67,0.12,0.061649120628641876,0.03
0.59,506,656,0.56,"594,370","6,445","99,533","13,218",0.67,0.12,0.057161355553387555,0.03
0.6,450,559,0.55,"594,820","5,995","100,092","12,659",0.68,0.11,0.05317026013073055,0.03
0.61,480,662,0.58,"595,300","5,515","100,754","11,997",0.69,0.11,0.04891309167989641,0.02
0.62,427,621,0.59,"595,727","5,088","101,375","11,376",0.69,0.10,0.04512598557884187,0.02
0.63,395,610,0.61,"596,122","4,693","101,985","10,766",0.70,0.10,0.04162269070784295,0.02
0.64,358,630,0.64,"596,480","4,335","102,615","10,136",0.70,0.09,0.038447552571595815,0.02
0.65,345,503,0.59,"596,825","3,990","103,118","9,633",0.71,0.09,0.03538771274755878,0.02
0.66,320,575,0.64,"597,145","3,670","103,693","9,058",0.71,0.08,0.03254960044700269,0.02
0.67,292,541,0.65,"597,437","3,378","104,234","8,517",0.72,0.08,0.029959822972745253,0.02
0.68,286,489,0.63,"597,723","3,092","104,723","8,028",0.72,0.07,0.027423260104123246,0.02
0.69,285,536,0.65,"598,008","2,807","105,259","7,492",0.73,0.07,0.024895566336440474,0.01
0.7,255,501,0.66,"598,263","2,552","105,760","6,991",0.73,0.06,0.022633945596934837,0.01
0.71,233,496,0.68,"598,496","2,319","106,256","6,495",0.74,0.06,0.020567445078092435,0.01
0.72,228,480,0.68,"598,724","2,091","106,736","6,015",0.74,0.05,0.01854529006394622,0.01
0.73,185,467,0.72,"598,909","1,906","107,203","5,548",0.74,0.05,0.016904506390187226,0.01
0.74,226,481,0.68,"599,135","1,680","107,684","5,067",0.75,0.04,0.014900089577919487,0.01
0.75,181,478,0.73,"599,316","1,499","108,162","4,589",0.75,0.04,0.013294782307917447,0.01
0.76,163,440,0.73,"599,479","1,336","108,602","4,149",0.76,0.04,0.011849118854821686,0.01
0.77,190,373,0.66,"599,669","1,146","108,975","3,776",0.77,0.03,0.010163989676366506,0.01
0.78,141,423,0.75,"599,810","1,005","109,398","3,353",0.77,0.03,0.008913446443933978,0.01
0.79,150,389,0.72,"599,960",855,"109,787","2,964",0.78,0.03,0.00758308130304831,0.01
0.8,125,375,0.75,"600,085",730,"110,162","2,589",0.78,0.02,0.006474443685643586,0.00
0.81,127,357,0.74,"600,212",603,"110,519","2,232",0.79,0.02,0.005348067866360387,0.00
0.82,103,304,0.75,"600,315",500,"110,823","1,928",0.79,0.02,0.004434550469618895,0.00
0.83,105,333,0.76,"600,420",395,"111,156","1,595",0.80,0.01,0.0035032948709989267,0.00
0.84,58,286,0.83,"600,478",337,"111,442","1,309",0.80,0.01,0.0029888870165231353,0.00
0.85,66,247,0.79,"600,544",271,"111,689","1,062",0.80,0.01,0.002403526354533441,0.00
0.86,70,218,0.76,"600,614",201,"111,907",844,0.81,0.01,0.0017826892887867958,0.00
0.87,54,203,0.79,"600,668",147,"112,110",641,0.81,0.01,0.001303757838067955,0.00
0.88,31,158,0.84,"600,699",116,"112,268",483,0.81,0.00,0.0010288157089515836,0.00
0.89,32,123,0.79,"600,731",84,"112,391",360,0.81,0.00,0.0007450044788959743,0.00
0.9,23,90,0.80,"600,754",61,"112,481",270,0.82,0.00,0.0005410151572935052,0.00
0.91,17,76,0.82,"600,771",44,"112,557",194,0.82,0.00,0.0003902404413264627,0.00
0.92,15,73,0.83,"600,786",29,"112,630",121,0.81,0.00,0.0002572039272378959,0.00
0.93,10,36,0.78,"600,796",19,"112,666",85,0.82,0.00,0.000168512917845518,0.00
0.94,5,22,0.81,"600,801",14,"112,688",63,0.82,0.00,0.00012416741314932904,0.00
0.95,7,22,0.76,"600,808",7,"112,710",41,0.85,0.00,6.208370657466452e-05,0.00
0.96,2,20,0.91,"600,810",5,"112,730",21,0.81,0.00,4.4345504696188944e-05,0.00
0.97,3,9,0.75,"600,813",2,"112,739",12,0.86,0.00,1.7738201878475578e-05,0.00
0.98,1,7,0.88,"600,814",1,"112,746",5,0.83,0.00,8.869100939237789e-06,0.00
0.99,1,5,0.83,"600,815",0,"112,751",0,nan,0.00,0.0,0.00
1.0,0,0,nan,"600,815",0,"112,751",0,nan,0.00,0.0,0.00
