p,Neg,Pos,mPrec,TN,FP,FN,TP,Prec,Rec,$\hat{p}$
0.0,"1,803",7,0.00,"1,803","178,442",7,"33,818",0.16,1.00,0.99
0.1,"89,641","4,772",0.05,"91,444","88,801","4,779","29,046",0.25,0.86,0.55
0.2,"44,790","7,097",0.14,"136,234","44,011","11,876","21,949",0.33,0.65,0.31
0.3,"21,065","5,924",0.22,"157,299","22,946","17,800","16,025",0.41,0.47,0.18
0.4,"10,352","4,270",0.29,"167,651","12,594","22,070","11,755",0.48,0.35,0.11
0.5,"5,475","3,198",0.37,"173,126","7,119","25,268","8,557",0.55,0.25,0.07
0.6,"3,121","2,359",0.43,"176,247","3,998","27,627","6,198",0.61,0.18,0.05
0.7,"1,744","1,794",0.51,"177,991","2,254","29,421","4,404",0.66,0.13,0.03
0.8,"1,150","1,606",0.58,"179,141","1,104","31,027","2,798",0.72,0.08,0.02
0.9,672,"1,366",0.67,"179,813",432,"32,393","1,432",0.77,0.04,0.01
1.0,432,"1,432",0.77,"180,245",0,"33,825",0,nan,0.00,0.00
