p,Neg,Pos,mPrec,TN,FP,FN,TP,Prec,Rec,$\hat{p}$
0.0,"10,521",364,0.03,"10,521","410,049",364,"78,562",0.16,1.00,0.98
0.01,"4,711",242,0.05,"15,232","405,338",606,"78,320",0.16,0.99,0.97
0.02,"7,607",376,0.05,"22,839","397,731",982,"77,944",0.16,0.99,0.95
0.03,"7,141",426,0.06,"29,980","390,590","1,408","77,518",0.17,0.98,0.94
0.04,"6,962",386,0.05,"36,942","383,628","1,794","77,132",0.17,0.98,0.92
0.05,"6,326",379,0.06,"43,268","377,302","2,173","76,753",0.17,0.97,0.91
0.06,"6,218",424,0.06,"49,486","371,084","2,597","76,329",0.17,0.97,0.90
0.07,"7,159",523,0.07,"56,645","363,925","3,120","75,806",0.17,0.96,0.88
0.08,"6,103",475,0.07,"62,748","357,822","3,595","75,331",0.17,0.95,0.87
0.09,"5,529",423,0.07,"68,277","352,293","4,018","74,908",0.18,0.95,0.86
0.1,"6,208",493,0.07,"74,485","346,085","4,511","74,415",0.18,0.94,0.84
0.11,"6,090",536,0.08,"80,575","339,995","5,047","73,879",0.18,0.94,0.83
0.12,"5,534",488,0.08,"86,109","334,461","5,535","73,391",0.18,0.93,0.82
0.13,"5,748",536,0.09,"91,857","328,713","6,071","72,855",0.18,0.92,0.80
0.14,"5,152",497,0.09,"97,009","323,561","6,568","72,358",0.18,0.92,0.79
0.15,"5,173",542,0.09,"102,182","318,388","7,110","71,816",0.18,0.91,0.78
0.16,"6,045",647,0.10,"108,227","312,343","7,757","71,169",0.19,0.90,0.77
0.17,"6,186",717,0.10,"114,413","306,157","8,474","70,452",0.19,0.89,0.75
0.18,"7,009",802,0.10,"121,422","299,148","9,276","69,650",0.19,0.88,0.74
0.19,"7,447",913,0.11,"128,869","291,701","10,189","68,737",0.19,0.87,0.72
0.2,"9,433","1,106",0.10,"138,302","282,268","11,295","67,631",0.19,0.86,0.70
0.21,"9,894","1,221",0.11,"148,196","272,374","12,516","66,410",0.20,0.84,0.68
0.22,"8,910","1,157",0.11,"157,106","263,464","13,673","65,253",0.20,0.83,0.66
0.23,"8,900","1,236",0.12,"166,006","254,564","14,909","64,017",0.20,0.81,0.64
0.24,"10,961","1,573",0.13,"176,967","243,603","16,482","62,444",0.20,0.79,0.61
0.25,"9,586","1,353",0.12,"186,553","234,017","17,835","61,091",0.21,0.77,0.59
0.26,"9,302","1,330",0.13,"195,855","224,715","19,165","59,761",0.21,0.76,0.57
0.27,"10,386","1,551",0.13,"206,241","214,329","20,716","58,210",0.21,0.74,0.55
0.28,"10,084","1,542",0.13,"216,325","204,245","22,258","56,668",0.22,0.72,0.52
0.29,"10,092","1,724",0.15,"226,417","194,153","23,982","54,944",0.22,0.70,0.50
0.3,"9,028","1,595",0.15,"235,445","185,125","25,577","53,349",0.22,0.68,0.48
0.31,"7,467","1,377",0.16,"242,912","177,658","26,954","51,972",0.23,0.66,0.46
0.32,"8,291","1,402",0.14,"251,203","169,367","28,356","50,570",0.23,0.64,0.44
0.33,"6,851","1,216",0.15,"258,054","162,516","29,572","49,354",0.23,0.63,0.42
0.34,"7,092","1,368",0.16,"265,146","155,424","30,940","47,986",0.24,0.61,0.41
0.35,"6,160","1,259",0.17,"271,306","149,264","32,199","46,727",0.24,0.59,0.39
0.36,"6,290","1,186",0.16,"277,596","142,974","33,385","45,541",0.24,0.58,0.38
0.37,"4,811",920,0.16,"282,407","138,163","34,305","44,621",0.24,0.57,0.37
0.38,"5,262","1,045",0.17,"287,669","132,901","35,350","43,576",0.25,0.55,0.35
0.39,"4,700","1,073",0.19,"292,369","128,201","36,423","42,503",0.25,0.54,0.34
0.4,"5,043","1,049",0.17,"297,412","123,158","37,472","41,454",0.25,0.53,0.33
0.41,"4,400",988,0.18,"301,812","118,758","38,460","40,466",0.25,0.51,0.32
0.42,"3,885",858,0.18,"305,697","114,873","39,318","39,608",0.26,0.50,0.31
0.43,"4,222",984,0.19,"309,919","110,651","40,302","38,624",0.26,0.49,0.30
0.44,"4,290",999,0.19,"314,209","106,361","41,301","37,625",0.26,0.48,0.29
0.45,"4,248",951,0.18,"318,457","102,113","42,252","36,674",0.26,0.46,0.28
0.46,"3,518",830,0.19,"321,975","98,595","43,082","35,844",0.27,0.45,0.27
0.47,"3,684",994,0.21,"325,659","94,911","44,076","34,850",0.27,0.44,0.26
0.48,"3,874","1,004",0.21,"329,533","91,037","45,080","33,846",0.27,0.43,0.25
0.49,"3,177",864,0.21,"332,710","87,860","45,944","32,982",0.27,0.42,0.24
0.5,"3,385",900,0.21,"336,095","84,475","46,844","32,082",0.28,0.41,0.23
0.51,"3,410",941,0.22,"339,505","81,065","47,785","31,141",0.28,0.39,0.22
0.52,"3,457",994,0.22,"342,962","77,608","48,779","30,147",0.28,0.38,0.22
0.53,"2,807",765,0.21,"345,769","74,801","49,544","29,382",0.28,0.37,0.21
0.54,"3,319",906,0.21,"349,088","71,482","50,450","28,476",0.28,0.36,0.20
0.55,"3,449","1,088",0.24,"352,537","68,033","51,538","27,388",0.29,0.35,0.19
0.56,"2,667",719,0.21,"355,204","65,366","52,257","26,669",0.29,0.34,0.18
0.57,"3,253",952,0.23,"358,457","62,113","53,209","25,717",0.29,0.33,0.18
0.58,"2,542",778,0.23,"360,999","59,571","53,987","24,939",0.30,0.32,0.17
0.59,"2,891",918,0.24,"363,890","56,680","54,905","24,021",0.30,0.30,0.16
0.6,"2,681",955,0.26,"366,571","53,999","55,860","23,066",0.30,0.29,0.15
0.61,"2,651",876,0.25,"369,222","51,348","56,736","22,190",0.30,0.28,0.15
0.62,"2,928",934,0.24,"372,150","48,420","57,670","21,256",0.31,0.27,0.14
0.63,"2,306",843,0.27,"374,456","46,114","58,513","20,413",0.31,0.26,0.13
0.64,"2,637",931,0.26,"377,093","43,477","59,444","19,482",0.31,0.25,0.13
0.65,"2,399",776,0.24,"379,492","41,078","60,220","18,706",0.31,0.24,0.12
0.66,"2,625",929,0.26,"382,117","38,453","61,149","17,777",0.32,0.23,0.11
0.67,"2,128",775,0.27,"384,245","36,325","61,924","17,002",0.32,0.22,0.11
0.68,"2,145",786,0.27,"386,390","34,180","62,710","16,216",0.32,0.21,0.10
0.69,"2,095",801,0.28,"388,485","32,085","63,511","15,415",0.32,0.20,0.10
0.7,"1,614",636,0.28,"390,099","30,471","64,147","14,779",0.33,0.19,0.09
0.71,"2,252",871,0.28,"392,351","28,219","65,018","13,908",0.33,0.18,0.08
0.72,"1,891",744,0.28,"394,242","26,328","65,762","13,164",0.33,0.17,0.08
0.73,"1,911",701,0.27,"396,153","24,417","66,463","12,463",0.34,0.16,0.07
0.74,"1,981",793,0.29,"398,134","22,436","67,256","11,670",0.34,0.15,0.07
0.75,"1,791",763,0.30,"399,925","20,645","68,019","10,907",0.35,0.14,0.06
0.76,"1,394",561,0.29,"401,319","19,251","68,580","10,346",0.35,0.13,0.06
0.77,"1,179",531,0.31,"402,498","18,072","69,111","9,815",0.35,0.12,0.06
0.78,"1,546",634,0.29,"404,044","16,526","69,745","9,181",0.36,0.12,0.05
0.79,"1,155",486,0.30,"405,199","15,371","70,231","8,695",0.36,0.11,0.05
0.8,"1,115",515,0.32,"406,314","14,256","70,746","8,180",0.36,0.10,0.04
0.81,"1,072",483,0.31,"407,386","13,184","71,229","7,697",0.37,0.10,0.04
0.82,877,455,0.34,"408,263","12,307","71,684","7,242",0.37,0.09,0.04
0.83,960,473,0.33,"409,223","11,347","72,157","6,769",0.37,0.09,0.04
0.84,762,371,0.33,"409,985","10,585","72,528","6,398",0.38,0.08,0.03
0.85,"1,001",502,0.33,"410,986","9,584","73,030","5,896",0.38,0.07,0.03
0.86,544,258,0.32,"411,530","9,040","73,288","5,638",0.38,0.07,0.03
0.87,868,395,0.31,"412,398","8,172","73,683","5,243",0.39,0.07,0.03
0.88,733,374,0.34,"413,131","7,439","74,057","4,869",0.40,0.06,0.02
0.89,522,290,0.36,"413,653","6,917","74,347","4,579",0.40,0.06,0.02
0.9,449,264,0.37,"414,102","6,468","74,611","4,315",0.40,0.05,0.02
0.91,646,335,0.34,"414,748","5,822","74,946","3,980",0.41,0.05,0.02
0.92,512,307,0.37,"415,260","5,310","75,253","3,673",0.41,0.05,0.02
0.93,484,259,0.35,"415,744","4,826","75,512","3,414",0.41,0.04,0.02
0.94,462,296,0.39,"416,206","4,364","75,808","3,118",0.42,0.04,0.01
0.95,423,252,0.37,"416,629","3,941","76,060","2,866",0.42,0.04,0.01
0.96,243,151,0.38,"416,872","3,698","76,211","2,715",0.42,0.03,0.01
0.97,373,236,0.39,"417,245","3,325","76,447","2,479",0.43,0.03,0.01
0.98,297,205,0.41,"417,542","3,028","76,652","2,274",0.43,0.03,0.01
0.99,292,157,0.35,"417,834","2,736","76,809","2,117",0.44,0.03,0.01
1.0,"2,736","2,117",0.44,"420,570",0,"78,926",0,nan,0.00,0.00
