p,Neg,Pos,mPrec,TN,FP,FN,TP,Prec,Rec,$\hat{p}$
0.0,"2,561",65,0.02,"2,561","418,009",65,"78,861",0.16,1.00,0.99
0.01,"3,011",102,0.03,"5,572","414,998",167,"78,759",0.16,1.00,0.99
0.02,"3,384",132,0.04,"8,956","411,614",299,"78,627",0.16,1.00,0.98
0.03,"4,419",199,0.04,"13,375","407,195",498,"78,428",0.16,0.99,0.97
0.04,"4,686",249,0.05,"18,061","402,509",747,"78,179",0.16,0.99,0.96
0.05,"9,083",499,0.05,"27,144","393,426","1,246","77,680",0.16,0.98,0.94
0.06,"8,009",455,0.05,"35,153","385,417","1,701","77,225",0.17,0.98,0.93
0.07,"6,856",394,0.05,"42,009","378,561","2,095","76,831",0.17,0.97,0.91
0.08,"5,959",390,0.06,"47,968","372,602","2,485","76,441",0.17,0.97,0.90
0.09,"8,108",602,0.07,"56,076","364,494","3,087","75,839",0.17,0.96,0.88
0.1,"6,192",473,0.07,"62,268","358,302","3,560","75,366",0.17,0.95,0.87
0.11,"5,573",423,0.07,"67,841","352,729","3,983","74,943",0.18,0.95,0.86
0.12,"6,644",528,0.07,"74,485","346,085","4,511","74,415",0.18,0.94,0.84
0.13,"6,397",565,0.08,"80,882","339,688","5,076","73,850",0.18,0.94,0.83
0.14,"5,898",528,0.08,"86,780","333,790","5,604","73,322",0.18,0.93,0.82
0.15,"5,758",535,0.09,"92,538","328,032","6,139","72,787",0.18,0.92,0.80
0.16,"5,521",532,0.09,"98,059","322,511","6,671","72,255",0.18,0.92,0.79
0.17,"5,906",640,0.10,"103,965","316,605","7,311","71,615",0.18,0.91,0.78
0.18,"6,095",665,0.10,"110,060","310,510","7,976","70,950",0.19,0.90,0.76
0.19,"6,844",764,0.10,"116,904","303,666","8,740","70,186",0.19,0.89,0.75
0.2,"7,410",918,0.11,"124,314","296,256","9,658","69,268",0.19,0.88,0.73
0.21,"8,945","1,042",0.10,"133,259","287,311","10,700","68,226",0.19,0.86,0.71
0.22,"10,025","1,226",0.11,"143,284","277,286","11,926","67,000",0.19,0.85,0.69
0.23,"10,358","1,307",0.11,"153,642","266,928","13,233","65,693",0.20,0.83,0.67
0.24,"9,090","1,239",0.12,"162,732","257,838","14,472","64,454",0.20,0.82,0.65
0.25,"10,612","1,482",0.12,"173,344","247,226","15,954","62,972",0.20,0.80,0.62
0.26,"10,661","1,529",0.13,"184,005","236,565","17,483","61,443",0.21,0.78,0.60
0.27,"9,824","1,402",0.12,"193,829","226,741","18,885","60,041",0.21,0.76,0.57
0.28,"10,124","1,495",0.13,"203,953","216,617","20,380","58,546",0.21,0.74,0.55
0.29,"10,779","1,638",0.13,"214,732","205,838","22,018","56,908",0.22,0.72,0.53
0.3,"11,282","1,898",0.14,"226,014","194,556","23,916","55,010",0.22,0.70,0.50
0.31,"9,431","1,661",0.15,"235,445","185,125","25,577","53,349",0.22,0.68,0.48
0.32,"7,847","1,440",0.16,"243,292","177,278","27,017","51,909",0.23,0.66,0.46
0.33,"8,187","1,388",0.14,"251,479","169,091","28,405","50,521",0.23,0.64,0.44
0.34,"8,494","1,513",0.15,"259,973","160,597","29,918","49,008",0.23,0.62,0.42
0.35,"6,833","1,371",0.17,"266,806","153,764","31,289","47,637",0.24,0.60,0.40
0.36,"6,325","1,261",0.17,"273,131","147,439","32,550","46,376",0.24,0.59,0.39
0.37,"5,721","1,091",0.16,"278,852","141,718","33,641","45,285",0.24,0.57,0.37
0.38,"5,816","1,081",0.16,"284,668","135,902","34,722","44,204",0.25,0.56,0.36
0.39,"4,827","1,058",0.18,"289,495","131,075","35,780","43,146",0.25,0.55,0.35
0.4,"5,711","1,219",0.18,"295,206","125,364","36,999","41,927",0.25,0.53,0.33
0.41,"4,743","1,054",0.18,"299,949","120,621","38,053","40,873",0.25,0.52,0.32
0.42,"4,152",910,0.18,"304,101","116,469","38,963","39,963",0.26,0.51,0.31
0.43,"4,113",959,0.19,"308,214","112,356","39,922","39,004",0.26,0.49,0.30
0.44,"4,523","1,007",0.18,"312,737","107,833","40,929","37,997",0.26,0.48,0.29
0.45,"4,658","1,102",0.19,"317,395","103,175","42,031","36,895",0.26,0.47,0.28
0.46,"3,845",894,0.19,"321,240","99,330","42,925","36,001",0.27,0.46,0.27
0.47,"3,727",946,0.20,"324,967","95,603","43,871","35,055",0.27,0.44,0.26
0.48,"4,237","1,124",0.21,"329,204","91,366","44,995","33,931",0.27,0.43,0.25
0.49,"3,368",901,0.21,"332,572","87,998","45,896","33,030",0.27,0.42,0.24
0.5,"3,523",948,0.21,"336,095","84,475","46,844","32,082",0.28,0.41,0.23
0.51,"3,551",980,0.22,"339,646","80,924","47,824","31,102",0.28,0.39,0.22
0.52,"3,517","1,026",0.23,"343,163","77,407","48,850","30,076",0.28,0.38,0.22
0.53,"3,483",926,0.21,"346,646","73,924","49,776","29,150",0.28,0.37,0.21
0.54,"3,088",856,0.22,"349,734","70,836","50,632","28,294",0.29,0.36,0.20
0.55,"3,711","1,145",0.24,"353,445","67,125","51,777","27,149",0.29,0.34,0.19
0.56,"2,762",825,0.23,"356,207","64,363","52,602","26,324",0.29,0.33,0.18
0.57,"3,213",912,0.22,"359,420","61,150","53,514","25,412",0.29,0.32,0.17
0.58,"2,686",802,0.23,"362,106","58,464","54,316","24,610",0.30,0.31,0.17
0.59,"2,965","1,033",0.26,"365,071","55,499","55,349","23,577",0.30,0.30,0.16
0.6,"2,800",969,0.26,"367,871","52,699","56,318","22,608",0.30,0.29,0.15
0.61,"3,178",946,0.23,"371,049","49,521","57,264","21,662",0.30,0.27,0.14
0.62,"2,743","1,001",0.27,"373,792","46,778","58,265","20,661",0.31,0.26,0.14
0.63,"2,412",876,0.27,"376,204","44,366","59,141","19,785",0.31,0.25,0.13
0.64,"2,566",839,0.25,"378,770","41,800","59,980","18,946",0.31,0.24,0.12
0.65,"2,843",975,0.26,"381,613","38,957","60,955","17,971",0.32,0.23,0.11
0.66,"2,244",830,0.27,"383,857","36,713","61,785","17,141",0.32,0.22,0.11
0.67,"2,213",800,0.27,"386,070","34,500","62,585","16,341",0.32,0.21,0.10
0.68,"2,330",892,0.28,"388,400","32,170","63,477","15,449",0.32,0.20,0.10
0.69,"1,699",670,0.28,"390,099","30,471","64,147","14,779",0.33,0.19,0.09
0.7,"2,363",902,0.28,"392,462","28,108","65,049","13,877",0.33,0.18,0.08
0.71,"1,961",776,0.28,"394,423","26,147","65,825","13,101",0.33,0.17,0.08
0.72,"2,153",833,0.28,"396,576","23,994","66,658","12,268",0.34,0.16,0.07
0.73,"1,942",765,0.28,"398,518","22,052","67,423","11,503",0.34,0.15,0.07
0.74,"1,803",728,0.29,"400,321","20,249","68,151","10,775",0.35,0.14,0.06
0.75,"1,394",602,0.30,"401,715","18,855","68,753","10,173",0.35,0.13,0.06
0.76,"1,396",615,0.31,"403,111","17,459","69,368","9,558",0.35,0.12,0.05
0.77,"1,357",539,0.28,"404,468","16,102","69,907","9,019",0.36,0.11,0.05
0.78,"1,305",570,0.30,"405,773","14,797","70,477","8,449",0.36,0.11,0.05
0.79,"1,068",493,0.32,"406,841","13,729","70,970","7,956",0.37,0.10,0.04
0.8,"1,107",539,0.33,"407,948","12,622","71,509","7,417",0.37,0.09,0.04
0.81,888,447,0.33,"408,836","11,734","71,956","6,970",0.37,0.09,0.04
0.82,972,471,0.33,"409,808","10,762","72,427","6,499",0.38,0.08,0.03
0.83,936,499,0.35,"410,744","9,826","72,926","6,000",0.38,0.08,0.03
0.84,708,321,0.31,"411,452","9,118","73,247","5,679",0.38,0.07,0.03
0.85,768,361,0.32,"412,220","8,350","73,608","5,318",0.39,0.07,0.03
0.86,805,386,0.32,"413,025","7,545","73,994","4,932",0.40,0.06,0.02
0.87,580,331,0.36,"413,605","6,965","74,325","4,601",0.40,0.06,0.02
0.88,497,286,0.37,"414,102","6,468","74,611","4,315",0.40,0.05,0.02
0.89,668,337,0.34,"414,770","5,800","74,948","3,978",0.41,0.05,0.02
0.9,505,313,0.38,"415,275","5,295","75,261","3,665",0.41,0.05,0.02
0.91,536,290,0.35,"415,811","4,759","75,551","3,375",0.41,0.04,0.02
0.92,460,301,0.40,"416,271","4,299","75,852","3,074",0.42,0.04,0.01
0.93,396,230,0.37,"416,667","3,903","76,082","2,844",0.42,0.04,0.01
0.94,304,189,0.38,"416,971","3,599","76,271","2,655",0.42,0.03,0.01
0.95,380,237,0.38,"417,351","3,219","76,508","2,418",0.43,0.03,0.01
0.96,341,217,0.39,"417,692","2,878","76,725","2,201",0.43,0.03,0.01
0.97,198,123,0.38,"417,890","2,680","76,848","2,078",0.44,0.03,0.01
0.98,217,164,0.43,"418,107","2,463","77,012","1,914",0.44,0.02,0.01
0.99,171,113,0.40,"418,278","2,292","77,125","1,801",0.44,0.02,0.01
1.0,"2,292","1,801",0.44,"420,570",0,"78,926",0,nan,0.00,0.00
