p,Neg,Pos,mPrec,TN,FP,FN,TP,Prec,Rec,FP/P,$\hat{p}$
0.0,"15,021",156,0.01,"15,021","585,794",156,"112,595",0.16,1.00,5.195466115599862,0.98
0.05,"157,321","5,203",0.03,"172,342","428,473","5,359","107,392",0.20,0.95,3.8001702867380334,0.75
0.1,"124,092","9,954",0.07,"296,434","304,381","15,313","97,438",0.24,0.86,2.6995858129861374,0.56
0.15,"85,691","10,928",0.11,"382,125","218,690","26,241","86,510",0.28,0.77,1.939583684401912,0.43
0.2,"59,220","10,662",0.15,"441,345","159,470","36,903","75,848",0.32,0.67,1.4143555267802503,0.33
0.25,"42,638","10,170",0.19,"483,983","116,832","47,073","65,678",0.36,0.58,1.0361948009330295,0.26
0.3,"30,945","9,100",0.23,"514,928","85,887","56,173","56,578",0.40,0.50,0.761740472368316,0.20
0.35,"22,705","8,019",0.26,"537,633","63,182","64,192","48,559",0.43,0.43,0.5603675355429221,0.16
0.4,"16,265","7,103",0.30,"553,898","46,917","71,295","41,456",0.47,0.37,0.4161116087662194,0.12
0.45,"11,883","6,033",0.34,"565,781","35,034","77,328","35,423",0.50,0.31,0.3107200823052567,0.10
0.5,"8,777","5,275",0.38,"574,558","26,257","82,603","30,148",0.53,0.27,0.23287598336156665,0.08
0.55,"6,660","4,549",0.41,"581,218","19,597","87,152","25,599",0.57,0.23,0.17380777110624296,0.06
0.6,"4,900","3,977",0.45,"586,118","14,697","91,129","21,622",0.60,0.19,0.1303491765039778,0.05
0.65,"3,695","3,350",0.48,"589,813","11,002","94,479","18,272",0.62,0.16,0.09757784853349416,0.04
0.7,"2,765","2,911",0.51,"592,578","8,237","97,390","15,361",0.65,0.14,0.07305478443650167,0.03
0.75,"2,113","2,547",0.55,"594,691","6,124","99,937","12,814",0.68,0.11,0.05431437415189222,0.03
0.8,"1,674","2,451",0.59,"596,365","4,450","102,388","10,363",0.70,0.09,0.039467499179608165,0.02
0.85,"1,248","2,126",0.63,"597,613","3,202","104,514","8,237",0.72,0.07,0.028398861207439403,0.02
0.9,991,"1,969",0.67,"598,604","2,211","106,483","6,268",0.74,0.06,0.019609582176654754,0.01
0.95,776,"1,868",0.71,"599,380","1,435","108,351","4,400",0.75,0.04,0.012727159847806228,0.01
1.0,"1,435","4,400",0.75,"600,815",0,"112,751",0,nan,0.00,0.0,0.00
