p,Neg,Pos,Neg/Pos,TN,FP,FN,TP,FP/TP,Prec.,Rec.,$\hat{p}$
0.0,0,0,nan,0,"420,570",0,"78,926",5.33,0.16,1.00,1.00
0.05,"28,384",203,139.82,"28,384","392,186",203,"78,723",4.98,0.17,1.00,0.94
0.1,"41,441",768,53.96,"69,825","350,745",971,"77,955",4.50,0.18,0.99,0.86
0.15,"41,233","1,331",30.98,"111,058","309,512","2,302","76,624",4.04,0.20,0.97,0.77
0.2,"39,282","1,931",20.34,"150,340","270,230","4,233","74,693",3.62,0.22,0.95,0.69
0.25,"36,499","2,446",14.92,"186,839","233,731","6,679","72,247",3.24,0.24,0.92,0.61
0.3,"33,749","3,024",11.16,"220,588","199,982","9,703","69,223",2.89,0.26,0.88,0.54
0.35,"30,923","3,630",8.52,"251,511","169,059","13,333","65,593",2.58,0.28,0.83,0.47
0.4,"27,646","4,015",6.89,"279,157","141,413","17,348","61,578",2.30,0.30,0.78,0.41
0.45,"24,863","4,467",5.57,"304,020","116,550","21,815","57,111",2.04,0.33,0.72,0.35
0.5,"22,328","4,946",4.51,"326,348","94,222","26,761","52,165",1.81,0.36,0.66,0.29
0.55,"19,799","5,295",3.74,"346,147","74,423","32,056","46,870",1.59,0.39,0.59,0.24
0.6,"17,546","5,743",3.06,"363,693","56,877","37,799","41,127",1.38,0.42,0.52,0.20
0.65,"15,002","5,833",2.57,"378,695","41,875","43,632","35,294",1.19,0.46,0.45,0.15
0.7,"12,503","6,101",2.05,"391,198","29,372","49,733","29,193",1.01,0.50,0.37,0.12
0.75,"10,123","5,985",1.69,"401,321","19,249","55,718","23,208",0.83,0.55,0.29,0.08
0.8,"7,749","5,868",1.32,"409,070","11,500","61,586","17,340",0.66,0.60,0.22,0.06
0.85,"5,465","5,411",1.01,"414,535","6,035","66,997","11,929",0.51,0.66,0.15,0.04
0.9,"3,283","4,607",0.71,"417,818","2,752","71,604","7,322",0.38,0.73,0.09,0.02
0.95,"2,087","4,696",0.44,"419,905",665,"76,300","2,626",0.25,0.80,0.03,0.01
1.0,665,"2,626",0.25,"420,570",0,"78,926",0,nan,nan,0.00,0.00
