p,Neg,Pos,Neg/Pos,TN,FP,FN,TP,FP/TP,Prec.,Rec.,$\hat{p}$
0.0,0,0,nan,0,"180,245",0,"33,825",5.33,0.16,1.00,1.00
0.05,103,0,inf,103,"180,142",0,"33,825",5.33,0.16,1.00,1.00
0.1,346,1,346.00,449,"179,796",1,"33,824",5.32,0.16,1.00,1.00
0.15,"1,383",11,125.73,"1,832","178,413",12,"33,813",5.28,0.16,1.00,0.99
0.2,"4,493",61,73.66,"6,325","173,920",73,"33,752",5.15,0.16,1.00,0.97
0.25,"9,943",168,59.18,"16,268","163,977",241,"33,584",4.88,0.17,0.99,0.92
0.3,"16,894",474,35.64,"33,162","147,083",715,"33,110",4.44,0.18,0.98,0.84
0.35,"23,683","1,280",18.50,"56,845","123,400","1,995","31,830",3.88,0.21,0.94,0.73
0.4,"28,575","2,283",12.52,"85,420","94,825","4,278","29,547",3.21,0.24,0.87,0.58
0.45,"29,358","3,638",8.07,"114,778","65,467","7,916","25,909",2.53,0.28,0.77,0.43
0.5,"25,811","5,161",5.00,"140,589","39,656","13,077","20,748",1.91,0.34,0.61,0.28
0.55,"19,655","5,822",3.38,"160,244","20,001","18,899","14,926",1.34,0.43,0.44,0.16
0.6,"11,653","5,582",2.09,"171,897","8,348","24,481","9,344",0.89,0.53,0.28,0.08
0.65,"5,291","4,149",1.28,"177,188","3,057","28,630","5,195",0.59,0.63,0.15,0.04
0.7,"2,018","2,607",0.77,"179,206","1,039","31,237","2,588",0.40,0.71,0.08,0.02
0.75,800,"1,704",0.47,"180,006",239,"32,941",884,0.27,0.79,0.03,0.01
0.8,220,778,0.28,"180,226",19,"33,719",106,0.18,0.85,0.00,0.00
0.85,19,106,0.18,"180,245",0,"33,825",0,nan,nan,0.00,0.00
0.9,0,0,nan,"180,245",0,"33,825",0,nan,nan,0.00,0.00
0.95,0,0,nan,"180,245",0,"33,825",0,nan,nan,0.00,0.00
1.0,0,0,nan,"180,245",0,"33,825",0,nan,nan,0.00,0.00
