p,Neg,Pos,mPrec,TN,FP,FN,TP,Prec,Rec,FP/P,$\hat{p}$
0.0,1,0,0.00,1,"600,814",0,"112,751",0.16,1.00,5.328680011707213,1.00
0.01,11,0,0.00,12,"600,803",0,"112,751",0.16,1.00,5.328582451596882,1.00
0.02,36,0,0.00,48,"600,767",0,"112,751",0.16,1.00,5.328263163963069,1.00
0.03,85,0,0.00,133,"600,682",0,"112,751",0.16,1.00,5.327509290383234,1.00
0.04,116,0,0.00,249,"600,566",0,"112,751",0.16,1.00,5.326480474674282,1.00
0.05,164,2,0.01,413,"600,402",2,"112,749",0.16,1.00,5.325025942120248,1.00
0.06,242,1,0.00,655,"600,160",3,"112,748",0.16,1.00,5.3228796196929515,1.00
0.07,364,4,0.01,"1,019","599,796",7,"112,744",0.16,1.00,5.31965126695107,1.00
0.08,581,1,0.00,"1,600","599,215",8,"112,743",0.16,1.00,5.314498319305372,1.00
0.09,820,10,0.01,"2,420","598,395",18,"112,733",0.16,1.00,5.307225656535197,1.00
0.1,"1,158",8,0.01,"3,578","597,237",26,"112,725",0.16,1.00,5.29695523764756,0.99
0.11,"1,585",15,0.01,"5,163","595,652",41,"112,710",0.16,1.00,5.282897712658868,0.99
0.12,"2,193",21,0.01,"7,356","593,459",62,"112,689",0.16,1.00,5.263447774299119,0.99
0.13,"2,836",33,0.01,"10,192","590,623",95,"112,656",0.16,1.00,5.238295004035441,0.99
0.14,"3,608",41,0.01,"13,800","587,015",136,"112,615",0.16,1.00,5.206295287846671,0.98
0.15,"4,573",56,0.01,"18,373","582,442",192,"112,559",0.16,1.00,5.165736889251536,0.97
0.16,"5,497",72,0.01,"23,870","576,945",264,"112,487",0.16,1.00,5.116983441388546,0.97
0.17,"6,693",93,0.01,"30,563","570,252",357,"112,394",0.16,1.00,5.057622548802228,0.96
0.18,"8,238",153,0.02,"38,801","562,014",510,"112,241",0.17,1.00,4.984558895264787,0.94
0.19,"9,346",158,0.02,"48,147","552,668",668,"112,083",0.17,0.99,4.901668277886671,0.93
0.2,"10,742",224,0.02,"58,889","541,926",892,"111,859",0.17,0.99,4.806396395597378,0.92
0.21,"12,119",318,0.03,"71,008","529,807","1,210","111,541",0.17,0.99,4.698911761314756,0.90
0.22,"13,871",403,0.03,"84,879","515,936","1,613","111,138",0.18,0.99,4.5758884621865885,0.88
0.23,"15,008",492,0.03,"99,887","500,928","2,105","110,646",0.18,0.98,4.442780995290508,0.86
0.24,"16,430",620,0.04,"116,317","484,498","2,725","110,026",0.19,0.98,4.297061666858831,0.83
0.25,"17,530",764,0.04,"133,847","466,968","3,489","109,262",0.19,0.97,4.141586327393992,0.81
0.26,"18,661",876,0.04,"152,508","448,307","4,365","108,386",0.19,0.96,3.9760800347668757,0.78
0.27,"19,613","1,027",0.05,"172,121","428,694","5,392","107,359",0.20,0.95,3.8021303580456047,0.75
0.28,"20,948","1,172",0.05,"193,069","407,746","6,564","106,187",0.21,0.94,3.6163404315704515,0.72
0.29,"21,416","1,460",0.06,"214,485","386,330","8,024","104,727",0.21,0.93,3.4263997658557352,0.69
0.3,"22,399","1,749",0.07,"236,884","363,931","9,773","102,978",0.22,0.91,3.227740773917748,0.65
0.31,"22,769","1,905",0.08,"259,653","341,162","11,678","101,073",0.23,0.90,3.025800214632243,0.62
0.32,"23,102","2,153",0.09,"282,755","318,060","13,831","98,920",0.24,0.88,2.8209062447339712,0.58
0.33,"23,136","2,457",0.10,"305,891","294,924","16,288","96,463",0.25,0.86,2.615710725403766,0.55
0.34,"23,000","2,682",0.10,"328,891","271,924","18,970","93,781",0.26,0.83,2.411721403801297,0.51
0.35,"23,078","2,910",0.11,"351,969","248,846","21,880","90,871",0.27,0.81,2.207040292325567,0.48
0.36,"22,329","3,235",0.13,"374,298","226,517","25,115","87,636",0.28,0.78,2.0090021374533262,0.44
0.37,"21,293","3,376",0.14,"395,591","205,224","28,491","84,260",0.29,0.75,1.820152371154136,0.41
0.38,"20,423","3,530",0.15,"416,014","184,801","32,021","80,730",0.30,0.72,1.6390187226720827,0.37
0.39,"19,572","3,737",0.16,"435,586","165,229","35,758","76,993",0.32,0.68,1.4654326790893206,0.34
0.4,"18,200","3,953",0.18,"453,786","147,029","39,711","73,040",0.33,0.65,1.304015041995193,0.31
0.41,"17,008","4,056",0.19,"470,794","130,021","43,767","68,984",0.35,0.61,1.1531693732206367,0.28
0.42,"16,084","4,165",0.21,"486,878","113,937","47,932","64,819",0.36,0.57,1.010518753713936,0.25
0.43,"14,622","4,270",0.23,"501,500","99,315","52,202","60,549",0.38,0.54,0.880834759780401,0.22
0.44,"13,256","4,156",0.24,"514,756","86,059","56,358","56,393",0.40,0.50,0.7632659577298649,0.20
0.45,"11,945","4,058",0.25,"526,701","74,114","60,416","52,335",0.41,0.46,0.6573245470106696,0.18
0.46,"10,586","3,917",0.27,"537,287","63,528","64,333","48,418",0.43,0.43,0.5634362444678983,0.16
0.47,"9,302","3,838",0.29,"546,589","54,226","68,171","44,580",0.45,0.40,0.4809358675311084,0.14
0.48,"8,198","3,657",0.31,"554,787","46,028","71,828","40,923",0.47,0.36,0.408226978031237,0.12
0.49,"7,068","3,454",0.33,"561,855","38,960","75,282","37,469",0.49,0.33,0.34554017259270425,0.11
0.5,"5,975","3,269",0.35,"567,830","32,985","78,551","34,200",0.51,0.30,0.2925472944807585,0.09
0.51,"5,235","3,105",0.37,"573,065","27,750","81,656","31,095",0.53,0.28,0.24611755106384867,0.08
0.52,"4,333","2,897",0.40,"577,398","23,417","84,553","28,198",0.55,0.25,0.20768773669413132,0.07
0.53,"3,724","2,654",0.42,"581,122","19,693","87,207","25,544",0.56,0.23,0.17465920479640978,0.06
0.54,"3,227","2,368",0.42,"584,349","16,466","89,575","23,176",0.58,0.21,0.14603861606548943,0.06
0.55,"2,687","2,293",0.46,"587,036","13,779","91,868","20,883",0.60,0.19,0.1222073418417575,0.05
0.56,"2,250","2,147",0.49,"589,286","11,529","94,015","18,736",0.62,0.17,0.10225186472847247,0.04
0.57,"1,883","1,866",0.50,"591,169","9,646","95,881","16,870",0.64,0.15,0.08555134765988771,0.04
0.58,"1,530","1,795",0.54,"592,699","8,116","97,676","15,075",0.65,0.13,0.0719816232228539,0.03
0.59,"1,314","1,568",0.54,"594,013","6,802","99,244","13,507",0.67,0.12,0.06032762458869544,0.03
0.6,"1,124","1,505",0.57,"595,137","5,678","100,749","12,002",0.68,0.11,0.05035875513299217,0.02
0.61,901,"1,386",0.61,"596,038","4,777","102,135","10,616",0.69,0.09,0.04236769518673892,0.02
0.62,779,"1,250",0.62,"596,817","3,998","103,385","9,366",0.70,0.08,0.03545866555507268,0.02
0.63,685,"1,143",0.63,"597,502","3,313","104,528","8,223",0.71,0.07,0.029383331411694795,0.02
0.64,538,"1,019",0.65,"598,040","2,775","105,547","7,204",0.72,0.06,0.024611755106384865,0.01
0.65,514,"1,019",0.66,"598,554","2,261","106,566","6,185",0.73,0.05,0.020053037223616642,0.01
0.66,459,921,0.67,"599,013","1,802","107,487","5,264",0.74,0.05,0.015982119892506495,0.01
0.67,364,857,0.70,"599,377","1,438","108,344","4,407",0.75,0.04,0.012753767150623941,0.01
0.68,280,780,0.74,"599,657","1,158","109,124","3,627",0.76,0.03,0.01027041888763736,0.01
0.69,266,652,0.71,"599,923",892,"109,776","2,975",0.77,0.03,0.007911238037800108,0.01
0.7,208,574,0.73,"600,131",684,"110,350","2,401",0.78,0.02,0.006066465042438648,0.00
0.71,165,506,0.75,"600,296",519,"110,856","1,895",0.79,0.02,0.004603063387464413,0.00
0.72,144,451,0.76,"600,440",375,"111,307","1,444",0.79,0.01,0.003325912852214171,0.00
0.73,101,349,0.78,"600,541",274,"111,656","1,095",0.80,0.01,0.002430133657351154,0.00
0.74,73,260,0.78,"600,614",201,"111,916",835,0.81,0.01,0.0017826892887867958,0.00
0.75,64,202,0.76,"600,678",137,"112,118",633,0.82,0.01,0.001215066828675577,0.00
0.76,37,151,0.80,"600,715",100,"112,269",482,0.83,0.00,0.000886910093923779,0.00
0.77,26,109,0.81,"600,741",74,"112,378",373,0.83,0.00,0.0006563134695035964,0.00
0.78,19,89,0.82,"600,760",55,"112,467",284,0.84,0.00,0.0004878005516580784,0.00
0.79,15,47,0.76,"600,775",40,"112,514",237,0.86,0.00,0.00035476403756951156,0.00
0.8,7,49,0.88,"600,782",33,"112,563",188,0.85,0.00,0.00029268033099484706,0.00
0.81,9,35,0.80,"600,791",24,"112,598",153,0.86,0.00,0.00021285842254170696,0.00
0.82,3,18,0.86,"600,794",21,"112,616",135,0.87,0.00,0.00018625111972399357,0.00
0.83,5,19,0.79,"600,799",16,"112,635",116,0.88,0.00,0.00014190561502780462,0.00
0.84,8,24,0.75,"600,807",8,"112,659",92,0.92,0.00,7.095280751390231e-05,0.00
0.85,0,17,1.00,"600,807",8,"112,676",75,0.90,0.00,7.095280751390231e-05,0.00
0.86,2,9,0.82,"600,809",6,"112,685",66,0.92,0.00,5.321460563542674e-05,0.00
0.87,1,17,0.94,"600,810",5,"112,702",49,0.91,0.00,4.4345504696188944e-05,0.00
0.88,2,7,0.78,"600,812",3,"112,709",42,0.93,0.00,2.660730281771337e-05,0.00
0.89,0,10,1.00,"600,812",3,"112,719",32,0.91,0.00,2.660730281771337e-05,0.00
0.9,0,6,1.00,"600,812",3,"112,725",26,0.90,0.00,2.660730281771337e-05,0.00
0.91,0,9,1.00,"600,812",3,"112,734",17,0.85,0.00,2.660730281771337e-05,0.00
0.92,0,6,1.00,"600,812",3,"112,740",11,0.79,0.00,2.660730281771337e-05,0.00
0.93,0,1,1.00,"600,812",3,"112,741",10,0.77,0.00,2.660730281771337e-05,0.00
0.94,0,0,nan,"600,812",3,"112,741",10,0.77,0.00,2.660730281771337e-05,0.00
0.95,1,3,0.75,"600,813",2,"112,744",7,0.78,0.00,1.7738201878475578e-05,0.00
0.96,1,0,0.00,"600,814",1,"112,744",7,0.88,0.00,8.869100939237789e-06,0.00
0.97,1,4,0.80,"600,815",0,"112,748",3,1.00,0.00,0.0,0.00
0.98,0,1,1.00,"600,815",0,"112,749",2,1.00,0.00,0.0,0.00
0.99,0,1,1.00,"600,815",0,"112,750",1,1.00,0.00,0.0,0.00
1.0,0,1,1.00,"600,815",0,"112,751",0,nan,0.00,0.0,0.00
