p,Neg,Pos,Neg/Pos,TN,FP,FN,TP,FP/TP,Prec.,Rec.,$\hat{p}$
0.0,0,0,nan,0,"420,570",0,"78,926",5.33,0.16,1.00,1.00
0.01,0,0,nan,0,"420,570",0,"78,926",5.33,0.16,1.00,1.00
0.02,0,0,nan,0,"420,570",0,"78,926",5.33,0.16,1.00,1.00
0.03,0,0,nan,0,"420,570",0,"78,926",5.33,0.16,1.00,1.00
0.04,0,0,nan,0,"420,570",0,"78,926",5.33,0.16,1.00,1.00
0.05,0,0,nan,0,"420,570",0,"78,926",5.33,0.16,1.00,1.00
0.06,0,0,nan,0,"420,570",0,"78,926",5.33,0.16,1.00,1.00
0.07,0,0,nan,0,"420,570",0,"78,926",5.33,0.16,1.00,1.00
0.08,0,0,nan,0,"420,570",0,"78,926",5.33,0.16,1.00,1.00
0.09,0,0,nan,0,"420,570",0,"78,926",5.33,0.16,1.00,1.00
0.1,0,0,nan,0,"420,570",0,"78,926",5.33,0.16,1.00,1.00
0.11,0,0,nan,0,"420,570",0,"78,926",5.33,0.16,1.00,1.00
0.12,2,0,inf,2,"420,568",0,"78,926",5.33,0.16,1.00,1.00
0.13,49,1,49.00,51,"420,519",1,"78,925",5.33,0.16,1.00,1.00
0.14,40,0,inf,91,"420,479",1,"78,925",5.33,0.16,1.00,1.00
0.15,115,0,inf,206,"420,364",1,"78,925",5.33,0.16,1.00,1.00
0.16,110,2,55.00,316,"420,254",3,"78,923",5.32,0.16,1.00,1.00
0.17,144,2,72.00,460,"420,110",5,"78,921",5.32,0.16,1.00,1.00
0.18,531,14,37.93,991,"419,579",19,"78,907",5.32,0.16,1.00,1.00
0.19,"1,418",31,45.74,"2,409","418,161",50,"78,876",5.30,0.16,1.00,1.00
0.2,"1,584",54,29.33,"3,993","416,577",104,"78,822",5.29,0.16,1.00,0.99
0.21,"2,017",66,30.56,"6,010","414,560",170,"78,756",5.26,0.16,1.00,0.99
0.22,"2,797",121,23.12,"8,807","411,763",291,"78,635",5.24,0.16,1.00,0.98
0.23,"3,785",137,27.63,"12,592","407,978",428,"78,498",5.20,0.16,0.99,0.97
0.24,"6,948",329,21.12,"19,540","401,030",757,"78,169",5.13,0.16,0.99,0.96
0.25,"5,414",320,16.92,"24,954","395,616","1,077","77,849",5.08,0.16,0.99,0.95
0.26,"6,216",330,18.84,"31,170","389,400","1,407","77,519",5.02,0.17,0.98,0.93
0.27,"7,143",398,17.95,"38,313","382,257","1,805","77,121",4.96,0.17,0.98,0.92
0.28,"7,747",477,16.24,"46,060","374,510","2,282","76,644",4.89,0.17,0.97,0.90
0.29,"7,143",485,14.73,"53,203","367,367","2,767","76,159",4.82,0.17,0.96,0.89
0.3,"7,335",499,14.70,"60,538","360,032","3,266","75,660",4.76,0.17,0.96,0.87
0.31,"7,694",580,13.27,"68,232","352,338","3,846","75,080",4.69,0.18,0.95,0.86
0.32,"8,747",717,12.20,"76,979","343,591","4,563","74,363",4.62,0.18,0.94,0.84
0.33,"7,339",625,11.74,"84,318","336,252","5,188","73,738",4.56,0.18,0.93,0.82
0.34,"7,190",653,11.01,"91,508","329,062","5,841","73,085",4.50,0.18,0.93,0.81
0.35,"8,043",784,10.26,"99,551","321,019","6,625","72,301",4.44,0.18,0.92,0.79
0.36,"9,501",925,10.27,"109,052","311,518","7,550","71,376",4.36,0.19,0.90,0.77
0.37,"11,100","1,245",8.92,"120,152","300,418","8,795","70,131",4.28,0.19,0.89,0.74
0.38,"12,060","1,453",8.30,"132,212","288,358","10,248","68,678",4.20,0.19,0.87,0.71
0.39,"15,219","1,842",8.26,"147,431","273,139","12,090","66,836",4.09,0.20,0.85,0.68
0.4,"17,691","2,311",7.66,"165,122","255,448","14,401","64,525",3.96,0.20,0.82,0.64
0.41,"17,004","2,360",7.21,"182,126","238,444","16,761","62,165",3.84,0.21,0.79,0.60
0.42,"17,196","2,640",6.51,"199,322","221,248","19,401","59,525",3.72,0.21,0.75,0.56
0.43,"19,310","3,040",6.35,"218,632","201,938","22,441","56,485",3.58,0.22,0.72,0.52
0.44,"19,256","3,332",5.78,"237,888","182,682","25,773","53,153",3.44,0.23,0.67,0.47
0.45,"14,864","2,687",5.53,"252,752","167,818","28,460","50,466",3.33,0.23,0.64,0.44
0.46,"14,658","2,760",5.31,"267,410","153,160","31,220","47,706",3.21,0.24,0.60,0.40
0.47,"14,258","2,729",5.22,"281,668","138,902","33,949","44,977",3.09,0.24,0.57,0.37
0.48,"13,024","2,833",4.60,"294,692","125,878","36,782","42,144",2.99,0.25,0.53,0.34
0.49,"11,395","2,552",4.47,"306,087","114,483","39,334","39,592",2.89,0.26,0.50,0.31
0.5,"11,148","2,591",4.30,"317,235","103,335","41,925","37,001",2.79,0.26,0.47,0.28
0.51,"8,653","2,238",3.87,"325,888","94,682","44,163","34,763",2.72,0.27,0.44,0.26
0.52,"9,260","2,343",3.95,"335,148","85,422","46,506","32,420",2.63,0.28,0.41,0.24
0.53,"9,277","2,611",3.55,"344,425","76,145","49,117","29,809",2.55,0.28,0.38,0.21
0.54,"8,131","2,233",3.64,"352,556","68,014","51,350","27,576",2.47,0.29,0.35,0.19
0.55,"8,505","2,641",3.22,"361,061","59,509","53,991","24,935",2.39,0.30,0.32,0.17
0.56,"7,151","2,350",3.04,"368,212","52,358","56,341","22,585",2.32,0.30,0.29,0.15
0.57,"7,067","2,413",2.93,"375,279","45,291","58,754","20,172",2.25,0.31,0.26,0.13
0.58,"7,802","2,691",2.90,"383,081","37,489","61,445","17,481",2.14,0.32,0.22,0.11
0.59,"6,444","2,395",2.69,"389,525","31,045","63,840","15,086",2.06,0.33,0.19,0.09
0.6,"5,900","2,292",2.57,"395,425","25,145","66,132","12,794",1.97,0.34,0.16,0.08
0.61,"5,303","2,155",2.46,"400,728","19,842","68,287","10,639",1.87,0.35,0.13,0.06
0.62,"4,095","1,853",2.21,"404,823","15,747","70,140","8,786",1.79,0.36,0.11,0.05
0.63,"3,415","1,582",2.16,"408,238","12,332","71,722","7,204",1.71,0.37,0.09,0.04
0.64,"3,200","1,643",1.95,"411,438","9,132","73,365","5,561",1.64,0.38,0.07,0.03
0.65,"2,305","1,157",1.99,"413,743","6,827","74,522","4,404",1.55,0.39,0.06,0.02
0.66,"2,162","1,169",1.85,"415,905","4,665","75,691","3,235",1.44,0.41,0.04,0.02
0.67,"1,663","1,030",1.61,"417,568","3,002","76,721","2,205",1.36,0.42,0.03,0.01
0.68,"1,008",701,1.44,"418,576","1,994","77,422","1,504",1.33,0.43,0.02,0.01
0.69,768,499,1.54,"419,344","1,226","77,921","1,005",1.22,0.45,0.01,0.00
0.7,407,297,1.37,"419,751",819,"78,218",708,1.16,0.46,0.01,0.00
0.71,307,318,0.97,"420,058",512,"78,536",390,1.31,0.43,0.00,0.00
0.72,184,132,1.39,"420,242",328,"78,668",258,1.27,0.44,0.00,0.00
0.73,158,131,1.21,"420,400",170,"78,799",127,1.34,0.43,0.00,0.00
0.74,103,70,1.47,"420,503",67,"78,869",57,1.18,0.46,0.00,0.00
0.75,46,41,1.12,"420,549",21,"78,910",16,1.31,0.43,0.00,0.00
0.76,8,8,1.00,"420,557",13,"78,918",8,1.62,0.38,0.00,0.00
0.77,3,4,0.75,"420,560",10,"78,922",4,2.50,0.29,0.00,0.00
0.78,7,4,1.75,"420,567",3,"78,926",0,inf,0.00,0.00,0.00
0.79,2,0,inf,"420,569",1,"78,926",0,inf,0.00,0.00,0.00
0.8,1,0,inf,"420,570",0,"78,926",0,nan,nan,0.00,0.00
0.81,0,0,nan,"420,570",0,"78,926",0,nan,nan,0.00,0.00
0.82,0,0,nan,"420,570",0,"78,926",0,nan,nan,0.00,0.00
0.83,0,0,nan,"420,570",0,"78,926",0,nan,nan,0.00,0.00
0.84,0,0,nan,"420,570",0,"78,926",0,nan,nan,0.00,0.00
0.85,0,0,nan,"420,570",0,"78,926",0,nan,nan,0.00,0.00
0.86,0,0,nan,"420,570",0,"78,926",0,nan,nan,0.00,0.00
0.87,0,0,nan,"420,570",0,"78,926",0,nan,nan,0.00,0.00
0.88,0,0,nan,"420,570",0,"78,926",0,nan,nan,0.00,0.00
0.89,0,0,nan,"420,570",0,"78,926",0,nan,nan,0.00,0.00
0.9,0,0,nan,"420,570",0,"78,926",0,nan,nan,0.00,0.00
0.91,0,0,nan,"420,570",0,"78,926",0,nan,nan,0.00,0.00
0.92,0,0,nan,"420,570",0,"78,926",0,nan,nan,0.00,0.00
0.93,0,0,nan,"420,570",0,"78,926",0,nan,nan,0.00,0.00
0.94,0,0,nan,"420,570",0,"78,926",0,nan,nan,0.00,0.00
0.95,0,0,nan,"420,570",0,"78,926",0,nan,nan,0.00,0.00
0.96,0,0,nan,"420,570",0,"78,926",0,nan,nan,0.00,0.00
0.97,0,0,nan,"420,570",0,"78,926",0,nan,nan,0.00,0.00
0.98,0,0,nan,"420,570",0,"78,926",0,nan,nan,0.00,0.00
0.99,0,0,nan,"420,570",0,"78,926",0,nan,nan,0.00,0.00
1.0,0,0,nan,"420,570",0,"78,926",0,nan,nan,0.00,0.00
