p,Neg,Pos,Neg/Pos,TN,FP,FN,TP,FP/TP,Prec.,Rec.,$\hat{p}$
0.0,0,0,nan,0,"180,245",0,"33,825",5.33,0.16,1.00,1.00
0.01,0,0,nan,0,"180,245",0,"33,825",5.33,0.16,1.00,1.00
0.02,0,0,nan,0,"180,245",0,"33,825",5.33,0.16,1.00,1.00
0.03,0,0,nan,0,"180,245",0,"33,825",5.33,0.16,1.00,1.00
0.04,0,0,nan,0,"180,245",0,"33,825",5.33,0.16,1.00,1.00
0.05,0,0,nan,0,"180,245",0,"33,825",5.33,0.16,1.00,1.00
0.06,0,0,nan,0,"180,245",0,"33,825",5.33,0.16,1.00,1.00
0.07,0,0,nan,0,"180,245",0,"33,825",5.33,0.16,1.00,1.00
0.08,0,0,nan,0,"180,245",0,"33,825",5.33,0.16,1.00,1.00
0.09,0,0,nan,0,"180,245",0,"33,825",5.33,0.16,1.00,1.00
0.1,0,0,nan,0,"180,245",0,"33,825",5.33,0.16,1.00,1.00
0.11,0,0,nan,0,"180,245",0,"33,825",5.33,0.16,1.00,1.00
0.12,0,0,nan,0,"180,245",0,"33,825",5.33,0.16,1.00,1.00
0.13,30,1,30.00,30,"180,215",1,"33,824",5.33,0.16,1.00,1.00
0.14,16,1,16.00,46,"180,199",2,"33,823",5.33,0.16,1.00,1.00
0.15,70,0,inf,116,"180,129",2,"33,823",5.33,0.16,1.00,1.00
0.16,53,2,26.50,169,"180,076",4,"33,821",5.32,0.16,1.00,1.00
0.17,59,1,59.00,228,"180,017",5,"33,820",5.32,0.16,1.00,1.00
0.18,225,12,18.75,453,"179,792",17,"33,808",5.32,0.16,1.00,1.00
0.19,623,22,28.32,"1,076","179,169",39,"33,786",5.30,0.16,1.00,0.99
0.2,634,25,25.36,"1,710","178,535",64,"33,761",5.29,0.16,1.00,0.99
0.21,921,37,24.89,"2,631","177,614",101,"33,724",5.27,0.16,1.00,0.99
0.22,"1,250",61,20.49,"3,881","176,364",162,"33,663",5.24,0.16,1.00,0.98
0.23,"1,615",75,21.53,"5,496","174,749",237,"33,588",5.20,0.16,0.99,0.97
0.24,"2,857",160,17.86,"8,353","171,892",397,"33,428",5.14,0.16,0.99,0.96
0.25,"2,252",126,17.87,"10,605","169,640",523,"33,302",5.09,0.16,0.98,0.95
0.26,"2,580",139,18.56,"13,185","167,060",662,"33,163",5.04,0.17,0.98,0.94
0.27,"3,101",209,14.84,"16,286","163,959",871,"32,954",4.98,0.17,0.97,0.92
0.28,"3,328",207,16.08,"19,614","160,631","1,078","32,747",4.91,0.17,0.97,0.90
0.29,"3,100",200,15.50,"22,714","157,531","1,278","32,547",4.84,0.17,0.96,0.89
0.3,"3,001",200,15.01,"25,715","154,530","1,478","32,347",4.78,0.17,0.96,0.87
0.31,"3,319",238,13.95,"29,034","151,211","1,716","32,109",4.71,0.18,0.95,0.86
0.32,"3,807",310,12.28,"32,841","147,404","2,026","31,799",4.64,0.18,0.94,0.84
0.33,"3,152",310,10.17,"35,993","144,252","2,336","31,489",4.58,0.18,0.93,0.82
0.34,"3,160",345,9.16,"39,153","141,092","2,681","31,144",4.53,0.18,0.92,0.80
0.35,"3,399",346,9.82,"42,552","137,693","3,027","30,798",4.47,0.18,0.91,0.79
0.36,"3,941",430,9.17,"46,493","133,752","3,457","30,368",4.40,0.19,0.90,0.77
0.37,"4,807",568,8.46,"51,300","128,945","4,025","29,800",4.33,0.19,0.88,0.74
0.38,"5,156",642,8.03,"56,456","123,789","4,667","29,158",4.25,0.19,0.86,0.71
0.39,"6,351",823,7.72,"62,807","117,438","5,490","28,335",4.14,0.19,0.84,0.68
0.4,"7,750","1,064",7.28,"70,557","109,688","6,554","27,271",4.02,0.20,0.81,0.64
0.41,"7,280","1,036",7.03,"77,837","102,408","7,590","26,235",3.90,0.20,0.78,0.60
0.42,"7,373","1,135",6.50,"85,210","95,035","8,725","25,100",3.79,0.21,0.74,0.56
0.43,"8,414","1,290",6.52,"93,624","86,621","10,015","23,810",3.64,0.22,0.70,0.52
0.44,"8,262","1,474",5.61,"101,886","78,359","11,489","22,336",3.51,0.22,0.66,0.47
0.45,"6,380","1,168",5.46,"108,266","71,979","12,657","21,168",3.40,0.23,0.63,0.44
0.46,"6,241","1,250",4.99,"114,507","65,738","13,907","19,918",3.30,0.23,0.59,0.40
0.47,"6,071","1,173",5.18,"120,578","59,667","15,080","18,745",3.18,0.24,0.55,0.37
0.48,"5,465","1,194",4.58,"126,043","54,202","16,274","17,551",3.09,0.24,0.52,0.34
0.49,"4,818","1,030",4.68,"130,861","49,384","17,304","16,521",2.99,0.25,0.49,0.31
0.5,"4,725","1,104",4.28,"135,586","44,659","18,408","15,417",2.90,0.26,0.46,0.28
0.51,"3,688",917,4.02,"139,274","40,971","19,325","14,500",2.83,0.26,0.43,0.26
0.52,"3,931",942,4.17,"143,205","37,040","20,267","13,558",2.73,0.27,0.40,0.24
0.53,"4,025","1,101",3.66,"147,230","33,015","21,368","12,457",2.65,0.27,0.37,0.21
0.54,"3,456","1,003",3.45,"150,686","29,559","22,371","11,454",2.58,0.28,0.34,0.19
0.55,"3,585","1,104",3.25,"154,271","25,974","23,475","10,350",2.51,0.28,0.31,0.17
0.56,"3,130","1,003",3.12,"157,401","22,844","24,478","9,347",2.44,0.29,0.28,0.15
0.57,"3,057",998,3.06,"160,458","19,787","25,476","8,349",2.37,0.30,0.25,0.13
0.58,"3,286","1,121",2.93,"163,744","16,501","26,597","7,228",2.28,0.30,0.21,0.11
0.59,"2,774",982,2.82,"166,518","13,727","27,579","6,246",2.20,0.31,0.18,0.09
0.6,"2,517",988,2.55,"169,035","11,210","28,567","5,258",2.13,0.32,0.16,0.08
0.61,"2,363",924,2.56,"171,398","8,847","29,491","4,334",2.04,0.33,0.13,0.06
0.62,"1,812",782,2.32,"173,210","7,035","30,273","3,552",1.98,0.34,0.11,0.05
0.63,"1,516",669,2.27,"174,726","5,519","30,942","2,883",1.91,0.34,0.09,0.04
0.64,"1,469",627,2.34,"176,195","4,050","31,569","2,256",1.80,0.36,0.07,0.03
0.65,"1,023",496,2.06,"177,218","3,027","32,065","1,760",1.72,0.37,0.05,0.02
0.66,899,477,1.88,"178,117","2,128","32,542","1,283",1.66,0.38,0.04,0.02
0.67,760,440,1.73,"178,877","1,368","32,982",843,1.62,0.38,0.02,0.01
0.68,449,253,1.77,"179,326",919,"33,235",590,1.56,0.39,0.02,0.01
0.69,330,194,1.70,"179,656",589,"33,429",396,1.49,0.40,0.01,0.00
0.7,187,132,1.42,"179,843",402,"33,561",264,1.52,0.40,0.01,0.00
0.71,187,118,1.58,"180,030",215,"33,679",146,1.47,0.40,0.00,0.00
0.72,72,48,1.50,"180,102",143,"33,727",98,1.46,0.41,0.00,0.00
0.73,83,55,1.51,"180,185",60,"33,782",43,1.40,0.42,0.00,0.00
0.74,37,29,1.28,"180,222",23,"33,811",14,1.64,0.38,0.00,0.00
0.75,17,7,2.43,"180,239",6,"33,818",7,0.86,0.54,0.00,0.00
0.76,5,3,1.67,"180,244",1,"33,821",4,0.25,0.80,0.00,0.00
0.77,0,1,0.00,"180,244",1,"33,822",3,0.33,0.75,0.00,0.00
0.78,0,3,0.00,"180,244",1,"33,825",0,inf,0.00,0.00,0.00
0.79,1,0,inf,"180,245",0,"33,825",0,nan,nan,0.00,0.00
0.8,0,0,nan,"180,245",0,"33,825",0,nan,nan,0.00,0.00
0.81,0,0,nan,"180,245",0,"33,825",0,nan,nan,0.00,0.00
0.82,0,0,nan,"180,245",0,"33,825",0,nan,nan,0.00,0.00
0.83,0,0,nan,"180,245",0,"33,825",0,nan,nan,0.00,0.00
0.84,0,0,nan,"180,245",0,"33,825",0,nan,nan,0.00,0.00
0.85,0,0,nan,"180,245",0,"33,825",0,nan,nan,0.00,0.00
0.86,0,0,nan,"180,245",0,"33,825",0,nan,nan,0.00,0.00
0.87,0,0,nan,"180,245",0,"33,825",0,nan,nan,0.00,0.00
0.88,0,0,nan,"180,245",0,"33,825",0,nan,nan,0.00,0.00
0.89,0,0,nan,"180,245",0,"33,825",0,nan,nan,0.00,0.00
0.9,0,0,nan,"180,245",0,"33,825",0,nan,nan,0.00,0.00
0.91,0,0,nan,"180,245",0,"33,825",0,nan,nan,0.00,0.00
0.92,0,0,nan,"180,245",0,"33,825",0,nan,nan,0.00,0.00
0.93,0,0,nan,"180,245",0,"33,825",0,nan,nan,0.00,0.00
0.94,0,0,nan,"180,245",0,"33,825",0,nan,nan,0.00,0.00
0.95,0,0,nan,"180,245",0,"33,825",0,nan,nan,0.00,0.00
0.96,0,0,nan,"180,245",0,"33,825",0,nan,nan,0.00,0.00
0.97,0,0,nan,"180,245",0,"33,825",0,nan,nan,0.00,0.00
0.98,0,0,nan,"180,245",0,"33,825",0,nan,nan,0.00,0.00
0.99,0,0,nan,"180,245",0,"33,825",0,nan,nan,0.00,0.00
1.0,0,0,nan,"180,245",0,"33,825",0,nan,nan,0.00,0.00
