p,Neg,Pos,mPrec,TN,FP,FN,TP,Prec,Rec,$\hat{p}$
0.0,"5,634",170,0.03,"5,634","414,936",170,"78,756",0.16,1.00,0.99
0.01,"2,199",78,0.03,"7,833","412,737",248,"78,678",0.16,1.00,0.98
0.02,"1,509",54,0.03,"9,342","411,228",302,"78,624",0.16,1.00,0.98
0.03,"1,939",79,0.04,"11,281","409,289",381,"78,545",0.16,1.00,0.98
0.04,"2,527",121,0.05,"13,808","406,762",502,"78,424",0.16,0.99,0.97
0.05,"1,762",66,0.04,"15,570","405,000",568,"78,358",0.16,0.99,0.97
0.06,"1,556",63,0.04,"17,126","403,444",631,"78,295",0.16,0.99,0.96
0.07,"3,052",135,0.04,"20,178","400,392",766,"78,160",0.16,0.99,0.96
0.08,"2,582",129,0.05,"22,760","397,810",895,"78,031",0.16,0.99,0.95
0.09,"3,992",231,0.05,"26,752","393,818","1,126","77,800",0.16,0.99,0.94
0.1,"3,728",216,0.05,"30,480","390,090","1,342","77,584",0.17,0.98,0.94
0.11,"3,104",184,0.06,"33,584","386,986","1,526","77,400",0.17,0.98,0.93
0.12,"3,157",190,0.06,"36,741","383,829","1,716","77,210",0.17,0.98,0.92
0.13,"3,193",179,0.05,"39,934","380,636","1,895","77,031",0.17,0.98,0.92
0.14,"3,795",254,0.06,"43,729","376,841","2,149","76,777",0.17,0.97,0.91
0.15,"4,453",296,0.06,"48,182","372,388","2,445","76,481",0.17,0.97,0.90
0.16,"3,358",240,0.07,"51,540","369,030","2,685","76,241",0.17,0.97,0.89
0.17,"3,432",207,0.06,"54,972","365,598","2,892","76,034",0.17,0.96,0.88
0.18,"3,272",200,0.06,"58,244","362,326","3,092","75,834",0.17,0.96,0.88
0.19,"2,727",192,0.07,"60,971","359,599","3,284","75,642",0.17,0.96,0.87
0.2,"4,269",330,0.07,"65,240","355,330","3,614","75,312",0.17,0.95,0.86
0.21,"2,893",183,0.06,"68,133","352,437","3,797","75,129",0.18,0.95,0.86
0.22,"4,194",333,0.07,"72,327","348,243","4,130","74,796",0.18,0.95,0.85
0.23,"3,843",315,0.08,"76,170","344,400","4,445","74,481",0.18,0.94,0.84
0.24,"2,566",248,0.09,"78,736","341,834","4,693","74,233",0.18,0.94,0.83
0.25,"3,103",262,0.08,"81,839","338,731","4,955","73,971",0.18,0.94,0.83
0.26,"3,341",288,0.08,"85,180","335,390","5,243","73,683",0.18,0.93,0.82
0.27,"2,841",255,0.08,"88,021","332,549","5,498","73,428",0.18,0.93,0.81
0.28,"3,281",317,0.09,"91,302","329,268","5,815","73,111",0.18,0.93,0.81
0.29,"4,039",412,0.09,"95,341","325,229","6,227","72,699",0.18,0.92,0.80
0.3,"4,006",412,0.09,"99,347","321,223","6,639","72,287",0.18,0.92,0.79
0.31,"3,414",359,0.10,"102,761","317,809","6,998","71,928",0.18,0.91,0.78
0.32,"4,551",462,0.09,"107,312","313,258","7,460","71,466",0.19,0.91,0.77
0.33,"4,095",412,0.09,"111,407","309,163","7,872","71,054",0.19,0.90,0.76
0.34,"5,451",625,0.10,"116,858","303,712","8,497","70,429",0.19,0.89,0.75
0.35,"5,208",589,0.10,"122,066","298,504","9,086","69,840",0.19,0.88,0.74
0.36,"6,130",701,0.10,"128,196","292,374","9,787","69,139",0.19,0.88,0.72
0.37,"6,547",803,0.11,"134,743","285,827","10,590","68,336",0.19,0.87,0.71
0.38,"5,602",716,0.11,"140,345","280,225","11,306","67,620",0.19,0.86,0.70
0.39,"5,786",712,0.11,"146,131","274,439","12,018","66,908",0.20,0.85,0.68
0.4,"7,126",857,0.11,"153,257","267,313","12,875","66,051",0.20,0.84,0.67
0.41,"7,545","1,021",0.12,"160,802","259,768","13,896","65,030",0.20,0.82,0.65
0.42,"6,937",875,0.11,"167,739","252,831","14,771","64,155",0.20,0.81,0.63
0.43,"7,271","1,035",0.12,"175,010","245,560","15,806","63,120",0.20,0.80,0.62
0.44,"7,388","1,135",0.13,"182,398","238,172","16,941","61,985",0.21,0.79,0.60
0.45,"7,801","1,177",0.13,"190,199","230,371","18,118","60,808",0.21,0.77,0.58
0.46,"7,844","1,159",0.13,"198,043","222,527","19,277","59,649",0.21,0.76,0.56
0.47,"8,336","1,215",0.13,"206,379","214,191","20,492","58,434",0.21,0.74,0.55
0.48,"7,542","1,248",0.14,"213,921","206,649","21,740","57,186",0.22,0.72,0.53
0.49,"7,542","1,228",0.14,"221,463","199,107","22,968","55,958",0.22,0.71,0.51
0.5,"7,867","1,347",0.15,"229,330","191,240","24,315","54,611",0.22,0.69,0.49
0.51,"7,344","1,240",0.14,"236,674","183,896","25,555","53,371",0.22,0.68,0.48
0.52,"7,042","1,327",0.16,"243,716","176,854","26,882","52,044",0.23,0.66,0.46
0.53,"7,253","1,252",0.15,"250,969","169,601","28,134","50,792",0.23,0.64,0.44
0.54,"7,070","1,302",0.16,"258,039","162,531","29,436","49,490",0.23,0.63,0.42
0.55,"6,987","1,307",0.16,"265,026","155,544","30,743","48,183",0.24,0.61,0.41
0.56,"5,503","1,072",0.16,"270,529","150,041","31,815","47,111",0.24,0.60,0.39
0.57,"6,007","1,152",0.16,"276,536","144,034","32,967","45,959",0.24,0.58,0.38
0.58,"6,419","1,368",0.18,"282,955","137,615","34,335","44,591",0.24,0.56,0.36
0.59,"6,195","1,300",0.17,"289,150","131,420","35,635","43,291",0.25,0.55,0.35
0.6,"5,660","1,193",0.17,"294,810","125,760","36,828","42,098",0.25,0.53,0.34
0.61,"5,628","1,253",0.18,"300,438","120,132","38,081","40,845",0.25,0.52,0.32
0.62,"5,248","1,214",0.19,"305,686","114,884","39,295","39,631",0.26,0.50,0.31
0.63,"4,918","1,086",0.18,"310,604","109,966","40,381","38,545",0.26,0.49,0.30
0.64,"4,273","1,018",0.19,"314,877","105,693","41,399","37,527",0.26,0.48,0.29
0.65,"4,806","1,093",0.19,"319,683","100,887","42,492","36,434",0.27,0.46,0.27
0.66,"4,940","1,257",0.20,"324,623","95,947","43,749","35,177",0.27,0.45,0.26
0.67,"5,352","1,378",0.20,"329,975","90,595","45,127","33,799",0.27,0.43,0.25
0.68,"4,124","1,063",0.20,"334,099","86,471","46,190","32,736",0.27,0.41,0.24
0.69,"4,081","1,099",0.21,"338,180","82,390","47,289","31,637",0.28,0.40,0.23
0.7,"3,985","1,133",0.22,"342,165","78,405","48,422","30,504",0.28,0.39,0.22
0.71,"3,747","1,016",0.21,"345,912","74,658","49,438","29,488",0.28,0.37,0.21
0.72,"4,229","1,271",0.23,"350,141","70,429","50,709","28,217",0.29,0.36,0.20
0.73,"4,117","1,188",0.22,"354,258","66,312","51,897","27,029",0.29,0.34,0.19
0.74,"3,541","1,134",0.24,"357,799","62,771","53,031","25,895",0.29,0.33,0.18
0.75,"4,084","1,361",0.25,"361,883","58,687","54,392","24,534",0.29,0.31,0.17
0.76,"3,201","1,051",0.25,"365,084","55,486","55,443","23,483",0.30,0.30,0.16
0.77,"4,081","1,303",0.24,"369,165","51,405","56,746","22,180",0.30,0.28,0.15
0.78,"3,559","1,202",0.25,"372,724","47,846","57,948","20,978",0.30,0.27,0.14
0.79,"3,681","1,269",0.26,"376,405","44,165","59,217","19,709",0.31,0.25,0.13
0.8,"4,263","1,589",0.27,"380,668","39,902","60,806","18,120",0.31,0.23,0.12
0.81,"3,564","1,295",0.27,"384,232","36,338","62,101","16,825",0.32,0.21,0.11
0.82,"3,892","1,369",0.26,"388,124","32,446","63,470","15,456",0.32,0.20,0.10
0.83,"3,571","1,261",0.26,"391,695","28,875","64,731","14,195",0.33,0.18,0.09
0.84,"3,265","1,319",0.29,"394,960","25,610","66,050","12,876",0.33,0.16,0.08
0.85,"2,891","1,159",0.29,"397,851","22,719","67,209","11,717",0.34,0.15,0.07
0.86,"2,855","1,170",0.29,"400,706","19,864","68,379","10,547",0.35,0.13,0.06
0.87,"2,408","1,056",0.30,"403,114","17,456","69,435","9,491",0.35,0.12,0.05
0.88,"1,948",823,0.30,"405,062","15,508","70,258","8,668",0.36,0.11,0.05
0.89,"1,757",855,0.33,"406,819","13,751","71,113","7,813",0.36,0.10,0.04
0.9,"2,021",895,0.31,"408,840","11,730","72,008","6,918",0.37,0.09,0.04
0.91,"1,889",911,0.33,"410,729","9,841","72,919","6,007",0.38,0.08,0.03
0.92,"1,763",911,0.34,"412,492","8,078","73,830","5,096",0.39,0.06,0.03
0.93,"1,066",597,0.36,"413,558","7,012","74,427","4,499",0.39,0.06,0.02
0.94,"1,292",658,0.34,"414,850","5,720","75,085","3,841",0.40,0.05,0.02
0.95,"1,092",593,0.35,"415,942","4,628","75,678","3,248",0.41,0.04,0.02
0.96,939,594,0.39,"416,881","3,689","76,272","2,654",0.42,0.03,0.01
0.97,671,447,0.40,"417,552","3,018","76,719","2,207",0.42,0.03,0.01
0.98,581,370,0.39,"418,133","2,437","77,089","1,837",0.43,0.02,0.01
0.99,667,443,0.40,"418,800","1,770","77,532","1,394",0.44,0.02,0.01
1.0,"1,770","1,394",0.44,"420,570",0,"78,926",0,nan,0.00,0.00
