p,Neg,Pos,mPrec,TN,FP,FN,TP,Prec,Rec,$\hat{p}$
0.0,288,6,0.02,288,"179,957",6,"33,819",0.16,1.00,1.00
0.01,"1,011",14,0.01,"1,299","178,946",20,"33,805",0.16,1.00,0.99
0.02,"1,889",38,0.02,"3,188","177,057",58,"33,767",0.16,1.00,0.98
0.03,"2,854",94,0.03,"6,042","174,203",152,"33,673",0.16,1.00,0.97
0.04,"3,592",126,0.03,"9,634","170,611",278,"33,547",0.16,0.99,0.95
0.05,"4,040",168,0.04,"13,674","166,571",446,"33,379",0.17,0.99,0.93
0.06,"4,513",220,0.05,"18,187","162,058",666,"33,159",0.17,0.98,0.91
0.07,"4,630",250,0.05,"22,817","157,428",916,"32,909",0.17,0.97,0.89
0.08,"5,107",334,0.06,"27,924","152,321","1,250","32,575",0.18,0.96,0.86
0.09,"5,431",339,0.06,"33,355","146,890","1,589","32,236",0.18,0.95,0.84
0.1,"5,729",413,0.07,"39,084","141,161","2,002","31,823",0.18,0.94,0.81
0.11,"5,874",481,0.08,"44,958","135,287","2,483","31,342",0.19,0.93,0.78
0.12,"5,978",528,0.08,"50,936","129,309","3,011","30,814",0.19,0.91,0.75
0.13,"5,996",540,0.08,"56,932","123,313","3,551","30,274",0.20,0.90,0.72
0.14,"5,954",625,0.09,"62,886","117,359","4,176","29,649",0.20,0.88,0.69
0.15,"5,685",651,0.10,"68,571","111,674","4,827","28,998",0.21,0.86,0.66
0.16,"5,651",672,0.11,"74,222","106,023","5,499","28,326",0.21,0.84,0.63
0.17,"5,473",605,0.10,"79,695","100,550","6,104","27,721",0.22,0.82,0.60
0.18,"5,328",664,0.11,"85,023","95,222","6,768","27,057",0.22,0.80,0.57
0.19,"5,026",667,0.12,"90,049","90,196","7,435","26,390",0.23,0.78,0.54
0.2,"4,906",665,0.12,"94,955","85,290","8,100","25,725",0.23,0.76,0.52
0.21,"4,566",687,0.13,"99,521","80,724","8,787","25,038",0.24,0.74,0.49
0.22,"4,449",686,0.13,"103,970","76,275","9,473","24,352",0.24,0.72,0.47
0.23,"4,223",675,0.14,"108,193","72,052","10,148","23,677",0.25,0.70,0.45
0.24,"4,017",689,0.15,"112,210","68,035","10,837","22,988",0.25,0.68,0.43
0.25,"3,835",604,0.14,"116,045","64,200","11,441","22,384",0.26,0.66,0.40
0.26,"3,575",649,0.15,"119,620","60,625","12,090","21,735",0.26,0.64,0.38
0.27,"3,415",625,0.15,"123,035","57,210","12,715","21,110",0.27,0.62,0.37
0.28,"3,363",646,0.16,"126,398","53,847","13,361","20,464",0.28,0.60,0.35
0.29,"3,022",652,0.18,"129,420","50,825","14,013","19,812",0.28,0.59,0.33
0.3,"2,843",597,0.17,"132,263","47,982","14,610","19,215",0.29,0.57,0.31
0.31,"2,862",657,0.19,"135,125","45,120","15,267","18,558",0.29,0.55,0.30
0.32,"2,542",627,0.20,"137,667","42,578","15,894","17,931",0.30,0.53,0.28
0.33,"2,367",613,0.21,"140,034","40,211","16,507","17,318",0.30,0.51,0.27
0.34,"2,333",561,0.19,"142,367","37,878","17,068","16,757",0.31,0.50,0.26
0.35,"2,210",556,0.20,"144,577","35,668","17,624","16,201",0.31,0.48,0.24
0.36,"2,029",529,0.21,"146,606","33,639","18,153","15,672",0.32,0.46,0.23
0.37,"1,882",512,0.21,"148,488","31,757","18,665","15,160",0.32,0.45,0.22
0.38,"1,813",555,0.23,"150,301","29,944","19,220","14,605",0.33,0.43,0.21
0.39,"1,714",485,0.22,"152,015","28,230","19,705","14,120",0.33,0.42,0.20
0.4,"1,557",467,0.23,"153,572","26,673","20,172","13,653",0.34,0.40,0.19
0.41,"1,489",465,0.24,"155,061","25,184","20,637","13,188",0.34,0.39,0.18
0.42,"1,438",460,0.24,"156,499","23,746","21,097","12,728",0.35,0.38,0.17
0.43,"1,395",438,0.24,"157,894","22,351","21,535","12,290",0.35,0.36,0.16
0.44,"1,279",430,0.25,"159,173","21,072","21,965","11,860",0.36,0.35,0.15
0.45,"1,224",429,0.26,"160,397","19,848","22,394","11,431",0.37,0.34,0.15
0.46,"1,150",410,0.26,"161,547","18,698","22,804","11,021",0.37,0.33,0.14
0.47,"1,010",370,0.27,"162,557","17,688","23,174","10,651",0.38,0.31,0.13
0.48,"1,014",384,0.27,"163,571","16,674","23,558","10,267",0.38,0.30,0.13
0.49,900,392,0.30,"164,471","15,774","23,950","9,875",0.39,0.29,0.12
0.5,914,363,0.28,"165,385","14,860","24,313","9,512",0.39,0.28,0.11
0.51,843,341,0.29,"166,228","14,017","24,654","9,171",0.40,0.27,0.11
0.52,842,324,0.28,"167,070","13,175","24,978","8,847",0.40,0.26,0.10
0.53,776,331,0.30,"167,846","12,399","25,309","8,516",0.41,0.25,0.10
0.54,697,310,0.31,"168,543","11,702","25,619","8,206",0.41,0.24,0.09
0.55,621,295,0.32,"169,164","11,081","25,914","7,911",0.42,0.23,0.09
0.56,582,300,0.34,"169,746","10,499","26,214","7,611",0.42,0.23,0.08
0.57,621,276,0.31,"170,367","9,878","26,490","7,335",0.43,0.22,0.08
0.58,576,274,0.32,"170,943","9,302","26,764","7,061",0.43,0.21,0.08
0.59,509,273,0.35,"171,452","8,793","27,037","6,788",0.44,0.20,0.07
0.6,486,252,0.34,"171,938","8,307","27,289","6,536",0.44,0.19,0.07
0.61,470,246,0.34,"172,408","7,837","27,535","6,290",0.45,0.19,0.07
0.62,427,211,0.33,"172,835","7,410","27,746","6,079",0.45,0.18,0.06
0.63,414,239,0.37,"173,249","6,996","27,985","5,840",0.45,0.17,0.06
0.64,391,244,0.38,"173,640","6,605","28,229","5,596",0.46,0.17,0.06
0.65,356,203,0.36,"173,996","6,249","28,432","5,393",0.46,0.16,0.05
0.66,326,231,0.41,"174,322","5,923","28,663","5,162",0.47,0.15,0.05
0.67,341,188,0.36,"174,663","5,582","28,851","4,974",0.47,0.15,0.05
0.68,318,192,0.38,"174,981","5,264","29,043","4,782",0.48,0.14,0.05
0.69,310,172,0.36,"175,291","4,954","29,215","4,610",0.48,0.14,0.04
0.7,294,203,0.41,"175,585","4,660","29,418","4,407",0.49,0.13,0.04
0.71,285,196,0.41,"175,870","4,375","29,614","4,211",0.49,0.12,0.04
0.72,249,176,0.41,"176,119","4,126","29,790","4,035",0.49,0.12,0.04
0.73,229,167,0.42,"176,348","3,897","29,957","3,868",0.50,0.11,0.04
0.74,224,182,0.45,"176,572","3,673","30,139","3,686",0.50,0.11,0.03
0.75,218,170,0.44,"176,790","3,455","30,309","3,516",0.50,0.10,0.03
0.76,208,181,0.47,"176,998","3,247","30,490","3,335",0.51,0.10,0.03
0.77,197,162,0.45,"177,195","3,050","30,652","3,173",0.51,0.09,0.03
0.78,195,173,0.47,"177,390","2,855","30,825","3,000",0.51,0.09,0.03
0.79,190,129,0.40,"177,580","2,665","30,954","2,871",0.52,0.08,0.03
0.8,176,158,0.47,"177,756","2,489","31,112","2,713",0.52,0.08,0.02
0.81,176,132,0.43,"177,932","2,313","31,244","2,581",0.53,0.08,0.02
0.82,155,170,0.52,"178,087","2,158","31,414","2,411",0.53,0.07,0.02
0.83,155,128,0.45,"178,242","2,003","31,542","2,283",0.53,0.07,0.02
0.84,147,109,0.43,"178,389","1,856","31,651","2,174",0.54,0.06,0.02
0.85,140,118,0.46,"178,529","1,716","31,769","2,056",0.55,0.06,0.02
0.86,130,128,0.50,"178,659","1,586","31,897","1,928",0.55,0.06,0.02
0.87,98,125,0.56,"178,757","1,488","32,022","1,803",0.55,0.05,0.02
0.88,111,100,0.47,"178,868","1,377","32,122","1,703",0.55,0.05,0.01
0.89,100,109,0.52,"178,968","1,277","32,231","1,594",0.56,0.05,0.01
0.9,110,93,0.46,"179,078","1,167","32,324","1,501",0.56,0.04,0.01
0.91,92,100,0.52,"179,170","1,075","32,424","1,401",0.57,0.04,0.01
0.92,103,101,0.50,"179,273",972,"32,525","1,300",0.57,0.04,0.01
0.93,74,75,0.50,"179,347",898,"32,600","1,225",0.58,0.04,0.01
0.94,63,87,0.58,"179,410",835,"32,687","1,138",0.58,0.03,0.01
0.95,70,84,0.55,"179,480",765,"32,771","1,054",0.58,0.03,0.01
0.96,69,84,0.55,"179,549",696,"32,855",970,0.58,0.03,0.01
0.97,66,88,0.57,"179,615",630,"32,943",882,0.58,0.03,0.01
0.98,58,81,0.58,"179,673",572,"33,024",801,0.58,0.02,0.01
0.99,51,50,0.50,"179,724",521,"33,074",751,0.59,0.02,0.01
1.0,521,751,0.59,"180,245",0,"33,825",0,nan,0.00,0.00
