p,Neg,Pos,Neg/Pos,TN,FP,FN,TP,FP/TP,Prec.,Rec.,$\hat{p}$
0.0,0,0,nan,0,"420,570",0,"78,926",5.33,0.16,1.00,1.00
0.01,0,0,nan,0,"420,570",0,"78,926",5.33,0.16,1.00,1.00
0.02,0,0,nan,0,"420,570",0,"78,926",5.33,0.16,1.00,1.00
0.03,0,0,nan,0,"420,570",0,"78,926",5.33,0.16,1.00,1.00
0.04,0,0,nan,0,"420,570",0,"78,926",5.33,0.16,1.00,1.00
0.05,0,0,nan,0,"420,570",0,"78,926",5.33,0.16,1.00,1.00
0.06,1,0,inf,1,"420,569",0,"78,926",5.33,0.16,1.00,1.00
0.07,0,0,nan,1,"420,569",0,"78,926",5.33,0.16,1.00,1.00
0.08,0,0,nan,1,"420,569",0,"78,926",5.33,0.16,1.00,1.00
0.09,1,0,inf,2,"420,568",0,"78,926",5.33,0.16,1.00,1.00
0.1,0,0,nan,2,"420,568",0,"78,926",5.33,0.16,1.00,1.00
0.11,3,0,inf,5,"420,565",0,"78,926",5.33,0.16,1.00,1.00
0.12,1,0,inf,6,"420,564",0,"78,926",5.33,0.16,1.00,1.00
0.13,0,0,nan,6,"420,564",0,"78,926",5.33,0.16,1.00,1.00
0.14,4,0,inf,10,"420,560",0,"78,926",5.33,0.16,1.00,1.00
0.15,2,0,inf,12,"420,558",0,"78,926",5.33,0.16,1.00,1.00
0.16,4,0,inf,16,"420,554",0,"78,926",5.33,0.16,1.00,1.00
0.17,5,0,inf,21,"420,549",0,"78,926",5.33,0.16,1.00,1.00
0.18,4,0,inf,25,"420,545",0,"78,926",5.33,0.16,1.00,1.00
0.19,6,0,inf,31,"420,539",0,"78,926",5.33,0.16,1.00,1.00
0.2,9,0,inf,40,"420,530",0,"78,926",5.33,0.16,1.00,1.00
0.21,10,0,inf,50,"420,520",0,"78,926",5.33,0.16,1.00,1.00
0.22,18,0,inf,68,"420,502",0,"78,926",5.33,0.16,1.00,1.00
0.23,15,0,inf,83,"420,487",0,"78,926",5.33,0.16,1.00,1.00
0.24,19,0,inf,102,"420,468",0,"78,926",5.33,0.16,1.00,1.00
0.25,34,0,inf,136,"420,434",0,"78,926",5.33,0.16,1.00,1.00
0.26,30,0,inf,166,"420,404",0,"78,926",5.33,0.16,1.00,1.00
0.27,50,0,inf,216,"420,354",0,"78,926",5.33,0.16,1.00,1.00
0.28,95,0,inf,311,"420,259",0,"78,926",5.32,0.16,1.00,1.00
0.29,90,0,inf,401,"420,169",0,"78,926",5.32,0.16,1.00,1.00
0.3,94,0,inf,495,"420,075",0,"78,926",5.32,0.16,1.00,1.00
0.31,127,0,inf,622,"419,948",0,"78,926",5.32,0.16,1.00,1.00
0.32,181,0,inf,803,"419,767",0,"78,926",5.32,0.16,1.00,1.00
0.33,223,0,inf,"1,026","419,544",0,"78,926",5.32,0.16,1.00,1.00
0.34,340,1,340.00,"1,366","419,204",1,"78,925",5.31,0.16,1.00,1.00
0.35,497,0,inf,"1,863","418,707",1,"78,925",5.31,0.16,1.00,1.00
0.36,736,2,368.00,"2,599","417,971",3,"78,923",5.30,0.16,1.00,0.99
0.37,"1,146",6,191.00,"3,745","416,825",9,"78,917",5.28,0.16,1.00,0.99
0.38,"1,736",16,108.50,"5,481","415,089",25,"78,901",5.26,0.16,1.00,0.99
0.39,"2,830",35,80.86,"8,311","412,259",60,"78,866",5.23,0.16,1.00,0.98
0.4,"4,251",69,61.61,"12,562","408,008",129,"78,797",5.18,0.16,1.00,0.97
0.41,"6,659",141,47.23,"19,221","401,349",270,"78,656",5.10,0.16,1.00,0.96
0.42,"9,971",282,35.36,"29,192","391,378",552,"78,374",4.99,0.17,0.99,0.94
0.43,"14,657",524,27.97,"43,849","376,721","1,076","77,850",4.84,0.17,0.99,0.91
0.44,"20,206",876,23.07,"64,055","356,515","1,952","76,974",4.63,0.18,0.98,0.87
0.45,"27,592","1,580",17.46,"91,647","328,923","3,532","75,394",4.36,0.19,0.96,0.81
0.46,"35,994","2,723",13.22,"127,641","292,929","6,255","72,671",4.03,0.20,0.92,0.73
0.47,"43,478","4,227",10.29,"171,119","249,451","10,482","68,444",3.64,0.22,0.87,0.64
0.48,"47,776","5,675",8.42,"218,895","201,675","16,157","62,769",3.21,0.24,0.80,0.53
0.49,"47,169","7,401",6.37,"266,064","154,506","23,558","55,368",2.79,0.26,0.70,0.42
0.5,"42,672","8,512",5.01,"308,736","111,834","32,070","46,856",2.39,0.30,0.59,0.32
0.51,"34,714","8,486",4.09,"343,450","77,120","40,556","38,370",2.01,0.33,0.49,0.23
0.52,"25,558","7,964",3.21,"369,008","51,562","48,520","30,406",1.70,0.37,0.39,0.16
0.53,"18,045","6,778",2.66,"387,053","33,517","55,298","23,628",1.42,0.41,0.30,0.11
0.54,"12,017","5,681",2.12,"399,070","21,500","60,979","17,947",1.20,0.45,0.23,0.08
0.55,"7,990","4,689",1.70,"407,060","13,510","65,668","13,258",1.02,0.50,0.17,0.05
0.56,"5,474","3,999",1.37,"412,534","8,036","69,667","9,259",0.87,0.54,0.12,0.03
0.57,"3,535","3,131",1.13,"416,069","4,501","72,798","6,128",0.73,0.58,0.08,0.02
0.58,"2,214","2,475",0.89,"418,283","2,287","75,273","3,653",0.63,0.61,0.05,0.01
0.59,"1,278","1,762",0.73,"419,561","1,009","77,035","1,891",0.53,0.65,0.02,0.01
0.6,635,"1,004",0.63,"420,196",374,"78,039",887,0.42,0.70,0.01,0.00
0.61,265,550,0.48,"420,461",109,"78,589",337,0.32,0.76,0.00,0.00
0.62,77,206,0.37,"420,538",32,"78,795",131,0.24,0.80,0.00,0.00
0.63,27,83,0.33,"420,565",5,"78,878",48,0.10,0.91,0.00,0.00
0.64,4,19,0.21,"420,569",1,"78,897",29,0.03,0.97,0.00,0.00
0.65,1,11,0.09,"420,570",0,"78,908",18,0.00,1.00,0.00,0.00
0.66,0,8,0.00,"420,570",0,"78,916",10,0.00,1.00,0.00,0.00
0.67,0,0,nan,"420,570",0,"78,916",10,0.00,1.00,0.00,0.00
0.68,0,4,0.00,"420,570",0,"78,920",6,0.00,1.00,0.00,0.00
0.69,0,3,0.00,"420,570",0,"78,923",3,0.00,1.00,0.00,0.00
0.7,0,1,0.00,"420,570",0,"78,924",2,0.00,1.00,0.00,0.00
0.71,0,0,nan,"420,570",0,"78,924",2,0.00,1.00,0.00,0.00
0.72,0,0,nan,"420,570",0,"78,924",2,0.00,1.00,0.00,0.00
0.73,0,1,0.00,"420,570",0,"78,925",1,0.00,1.00,0.00,0.00
0.74,0,1,0.00,"420,570",0,"78,926",0,nan,nan,0.00,0.00
0.75,0,0,nan,"420,570",0,"78,926",0,nan,nan,0.00,0.00
0.76,0,0,nan,"420,570",0,"78,926",0,nan,nan,0.00,0.00
0.77,0,0,nan,"420,570",0,"78,926",0,nan,nan,0.00,0.00
0.78,0,0,nan,"420,570",0,"78,926",0,nan,nan,0.00,0.00
0.79,0,0,nan,"420,570",0,"78,926",0,nan,nan,0.00,0.00
0.8,0,0,nan,"420,570",0,"78,926",0,nan,nan,0.00,0.00
0.81,0,0,nan,"420,570",0,"78,926",0,nan,nan,0.00,0.00
0.82,0,0,nan,"420,570",0,"78,926",0,nan,nan,0.00,0.00
0.83,0,0,nan,"420,570",0,"78,926",0,nan,nan,0.00,0.00
0.84,0,0,nan,"420,570",0,"78,926",0,nan,nan,0.00,0.00
0.85,0,0,nan,"420,570",0,"78,926",0,nan,nan,0.00,0.00
0.86,0,0,nan,"420,570",0,"78,926",0,nan,nan,0.00,0.00
0.87,0,0,nan,"420,570",0,"78,926",0,nan,nan,0.00,0.00
0.88,0,0,nan,"420,570",0,"78,926",0,nan,nan,0.00,0.00
0.89,0,0,nan,"420,570",0,"78,926",0,nan,nan,0.00,0.00
0.9,0,0,nan,"420,570",0,"78,926",0,nan,nan,0.00,0.00
0.91,0,0,nan,"420,570",0,"78,926",0,nan,nan,0.00,0.00
0.92,0,0,nan,"420,570",0,"78,926",0,nan,nan,0.00,0.00
0.93,0,0,nan,"420,570",0,"78,926",0,nan,nan,0.00,0.00
0.94,0,0,nan,"420,570",0,"78,926",0,nan,nan,0.00,0.00
0.95,0,0,nan,"420,570",0,"78,926",0,nan,nan,0.00,0.00
0.96,0,0,nan,"420,570",0,"78,926",0,nan,nan,0.00,0.00
0.97,0,0,nan,"420,570",0,"78,926",0,nan,nan,0.00,0.00
0.98,0,0,nan,"420,570",0,"78,926",0,nan,nan,0.00,0.00
0.99,0,0,nan,"420,570",0,"78,926",0,nan,nan,0.00,0.00
1.0,0,0,nan,"420,570",0,"78,926",0,nan,nan,0.00,0.00
