p,Neg,Pos,mPrec,TN,FP,FN,TP,Prec,Rec,$\hat{p}$
0.0,899,0,0.00,899,"398,156",0,"78,926",0.17,1.00,1.00
0.05,"23,028",148,0.01,"23,927","375,128",148,"78,778",0.17,1.00,0.95
0.1,"33,096",518,0.02,"57,023","342,032",666,"78,260",0.19,0.99,0.88
0.15,"34,646",886,0.02,"91,669","307,386","1,552","77,374",0.20,0.98,0.80
0.2,"34,208","1,345",0.04,"125,877","273,178","2,897","76,029",0.22,0.96,0.73
0.25,"32,639","1,883",0.05,"158,516","240,539","4,780","74,146",0.24,0.94,0.66
0.3,"30,970","2,318",0.07,"189,486","209,569","7,098","71,828",0.26,0.91,0.59
0.35,"28,882","2,901",0.09,"218,368","180,687","9,999","68,927",0.28,0.87,0.52
0.4,"27,211","3,433",0.11,"245,579","153,476","13,432","65,494",0.30,0.83,0.46
0.45,"25,181","3,786",0.13,"270,760","128,295","17,218","61,708",0.32,0.78,0.40
0.5,"23,125","4,444",0.16,"293,885","105,170","21,662","57,264",0.35,0.73,0.34
0.55,"21,073","4,977",0.19,"314,958","84,097","26,639","52,287",0.38,0.66,0.29
0.6,"18,624","5,540",0.23,"333,582","65,473","32,179","46,747",0.42,0.59,0.23
0.65,"16,316","6,016",0.27,"349,898","49,157","38,195","40,731",0.45,0.52,0.19
0.7,"14,294","6,179",0.30,"364,192","34,863","44,374","34,552",0.50,0.44,0.15
0.75,"11,715","6,505",0.36,"375,907","23,148","50,879","28,047",0.55,0.36,0.11
0.8,"9,090","6,519",0.42,"384,997","14,058","57,398","21,528",0.60,0.27,0.07
0.85,"6,653","6,342",0.49,"391,650","7,405","63,740","15,186",0.67,0.19,0.05
0.9,"3,974","5,437",0.58,"395,624","3,431","69,177","9,749",0.74,0.12,0.03
0.95,"2,209","4,768",0.68,"397,833","1,222","73,945","4,981",0.80,0.06,0.01
1.0,"1,222","4,981",0.80,"399,055",0,"78,926",0,nan,0.00,0.00
