p,Neg,Pos,mPrec,TN,FP,FN,TP,Prec,Rec,$\hat{p}$
0.0,0,0,nan,0,"180,245",0,"33,825",0.16,1.00,1.00
0.1,"23,470",384,0.02,"23,470","156,775",384,"33,441",0.18,0.99,0.89
0.2,"29,180","1,240",0.04,"52,650","127,595","1,624","32,201",0.20,0.95,0.75
0.3,"27,479","2,040",0.07,"80,129","100,116","3,664","30,161",0.23,0.89,0.61
0.4,"24,484","2,753",0.10,"104,613","75,632","6,417","27,408",0.27,0.81,0.48
0.5,"21,638","3,497",0.14,"126,251","53,994","9,914","23,911",0.31,0.71,0.36
0.6,"18,467","4,119",0.18,"144,718","35,527","14,033","19,792",0.36,0.59,0.26
0.7,"15,446","4,892",0.24,"160,164","20,081","18,925","14,900",0.43,0.44,0.16
0.8,"11,515","5,382",0.32,"171,679","8,566","24,307","9,518",0.53,0.28,0.08
0.9,"6,472","5,463",0.46,"178,151","2,094","29,770","4,055",0.66,0.12,0.03
1.0,"2,094","4,055",0.66,"180,245",0,"33,825",0,nan,0.00,0.00
