p,Neg,Pos,mPrec,TN,FP,FN,TP,Prec,Rec,$\hat{p}$
0.0,"2,656",133,0.05,"2,656","177,589",133,"33,692",0.16,1.00,0.99
0.05,"4,135",200,0.05,"6,791","173,454",333,"33,492",0.16,0.99,0.97
0.1,"6,677",351,0.05,"13,468","166,777",684,"33,141",0.17,0.98,0.93
0.15,"8,733",620,0.07,"22,201","158,044","1,304","32,521",0.17,0.96,0.89
0.2,"7,427",613,0.08,"29,628","150,617","1,917","31,908",0.17,0.94,0.85
0.25,"7,101",627,0.08,"36,729","143,516","2,544","31,281",0.18,0.92,0.82
0.3,"8,893",880,0.09,"45,622","134,623","3,424","30,401",0.18,0.90,0.77
0.35,"12,575","1,573",0.11,"58,197","122,048","4,997","28,828",0.19,0.85,0.70
0.4,"14,527","2,003",0.12,"72,724","107,521","7,000","26,825",0.20,0.79,0.63
0.45,"16,308","2,441",0.13,"89,032","91,213","9,441","24,384",0.21,0.72,0.54
0.5,"13,720","2,250",0.14,"102,752","77,493","11,691","22,134",0.22,0.65,0.47
0.55,"13,339","2,489",0.16,"116,091","64,154","14,180","19,645",0.23,0.58,0.39
0.6,"12,125","2,530",0.17,"128,216","52,029","16,710","17,115",0.25,0.51,0.32
0.65,"10,578","2,478",0.19,"138,794","41,451","19,188","14,637",0.26,0.43,0.26
0.7,"9,842","2,666",0.21,"148,636","31,609","21,854","11,971",0.27,0.35,0.20
0.75,"8,582","2,496",0.23,"157,218","23,027","24,350","9,475",0.29,0.28,0.15
0.8,"7,420","2,551",0.26,"164,638","15,607","26,901","6,924",0.31,0.20,0.11
0.85,"6,577","2,576",0.28,"171,215","9,030","29,477","4,348",0.33,0.13,0.06
0.9,"4,154","1,806",0.30,"175,369","4,876","31,283","2,542",0.34,0.08,0.03
0.95,"2,643","1,253",0.32,"178,012","2,233","32,536","1,289",0.37,0.04,0.02
1.0,"2,233","1,289",0.37,"180,245",0,"33,825",0,nan,0.00,0.00
