p,Neg,Pos,mPrec,TN,FP,FN,TP,Prec,Rec,$\hat{p}$
0.0,0,0,nan,0,"420,570",0,"78,926",0.16,1.00,1.00
0.1,"227,704","10,937",0.05,"227,704","192,866","10,937","67,989",0.26,0.86,0.52
0.2,"104,150","16,832",0.14,"331,854","88,716","27,769","51,157",0.37,0.65,0.28
0.3,"47,265","15,196",0.24,"379,119","41,451","42,965","35,961",0.46,0.46,0.15
0.4,"21,426","11,051",0.34,"400,545","20,025","54,016","24,910",0.55,0.32,0.09
0.5,"10,256","8,010",0.44,"410,801","9,769","62,026","16,900",0.63,0.21,0.05
0.6,"5,167","6,070",0.54,"415,968","4,602","68,096","10,830",0.70,0.14,0.03
0.7,"2,591","4,483",0.63,"418,559","2,011","72,579","6,347",0.76,0.08,0.02
0.8,"1,451","3,857",0.73,"420,010",560,"76,436","2,490",0.82,0.03,0.01
0.9,541,"2,260",0.81,"420,551",19,"78,696",230,0.92,0.00,0.00
1.0,19,230,0.92,"420,570",0,"78,926",0,nan,0.00,0.00
