p,Neg,Pos,mPrec,TN,FP,FN,TP,Prec,Rec,$\hat{p}$
0.0,"4,537",200,0.04,"4,537","175,708",200,"33,625",0.16,0.99,0.98
0.01,"1,880",97,0.05,"6,417","173,828",297,"33,528",0.16,0.99,0.97
0.02,"2,486",131,0.05,"8,903","171,342",428,"33,397",0.16,0.99,0.96
0.03,"3,361",216,0.06,"12,264","167,981",644,"33,181",0.16,0.98,0.94
0.04,"3,087",155,0.05,"15,351","164,894",799,"33,026",0.17,0.98,0.92
0.05,"2,718",178,0.06,"18,069","162,176",977,"32,848",0.17,0.97,0.91
0.06,"2,512",184,0.07,"20,581","159,664","1,161","32,664",0.17,0.97,0.90
0.07,"3,045",175,0.05,"23,626","156,619","1,336","32,489",0.17,0.96,0.88
0.08,"2,674",195,0.07,"26,300","153,945","1,531","32,294",0.17,0.95,0.87
0.09,"2,234",191,0.08,"28,534","151,711","1,722","32,103",0.17,0.95,0.86
0.1,"2,265",193,0.08,"30,799","149,446","1,915","31,910",0.18,0.94,0.85
0.11,"2,776",271,0.09,"33,575","146,670","2,186","31,639",0.18,0.94,0.83
0.12,"2,442",218,0.08,"36,017","144,228","2,404","31,421",0.18,0.93,0.82
0.13,"2,492",261,0.09,"38,509","141,736","2,665","31,160",0.18,0.92,0.81
0.14,"2,089",207,0.09,"40,598","139,647","2,872","30,953",0.18,0.92,0.80
0.15,"2,152",202,0.09,"42,750","137,495","3,074","30,751",0.18,0.91,0.79
0.16,"2,443",289,0.11,"45,193","135,052","3,363","30,462",0.18,0.90,0.77
0.17,"2,746",319,0.10,"47,939","132,306","3,682","30,143",0.19,0.89,0.76
0.18,"2,649",313,0.11,"50,588","129,657","3,995","29,830",0.19,0.88,0.75
0.19,"3,084",367,0.11,"53,672","126,573","4,362","29,463",0.19,0.87,0.73
0.2,"3,475",415,0.11,"57,147","123,098","4,777","29,048",0.19,0.86,0.71
0.21,"4,138",511,0.11,"61,285","118,960","5,288","28,537",0.19,0.84,0.69
0.22,"4,055",540,0.12,"65,340","114,905","5,828","27,997",0.20,0.83,0.67
0.23,"3,643",521,0.13,"68,983","111,262","6,349","27,476",0.20,0.81,0.65
0.24,"3,853",553,0.13,"72,836","107,409","6,902","26,923",0.20,0.80,0.63
0.25,"4,514",642,0.12,"77,350","102,895","7,544","26,281",0.20,0.78,0.60
0.26,"3,978",639,0.14,"81,328","98,917","8,183","25,642",0.21,0.76,0.58
0.27,"3,915",613,0.14,"85,243","95,002","8,796","25,029",0.21,0.74,0.56
0.28,"4,239",620,0.13,"89,482","90,763","9,416","24,409",0.21,0.72,0.54
0.29,"4,629",748,0.14,"94,111","86,134","10,164","23,661",0.22,0.70,0.51
0.3,"4,309",758,0.15,"98,420","81,825","10,922","22,903",0.22,0.68,0.49
0.31,"3,165",540,0.15,"101,585","78,660","11,462","22,363",0.22,0.66,0.47
0.32,"3,335",603,0.15,"104,920","75,325","12,065","21,760",0.22,0.64,0.45
0.33,"3,093",531,0.15,"108,013","72,232","12,596","21,229",0.23,0.63,0.44
0.34,"3,502",689,0.16,"111,515","68,730","13,285","20,540",0.23,0.61,0.42
0.35,"2,846",540,0.16,"114,361","65,884","13,825","20,000",0.23,0.59,0.40
0.36,"2,485",525,0.17,"116,846","63,399","14,350","19,475",0.23,0.58,0.39
0.37,"2,302",470,0.17,"119,148","61,097","14,820","19,005",0.24,0.56,0.37
0.38,"2,111",440,0.17,"121,259","58,986","15,260","18,565",0.24,0.55,0.36
0.39,"2,061",418,0.17,"123,320","56,925","15,678","18,147",0.24,0.54,0.35
0.4,"2,157",483,0.18,"125,477","54,768","16,161","17,664",0.24,0.52,0.34
0.41,"2,055",394,0.16,"127,532","52,713","16,555","17,270",0.25,0.51,0.33
0.42,"1,740",368,0.17,"129,272","50,973","16,923","16,902",0.25,0.50,0.32
0.43,"1,678",352,0.17,"130,950","49,295","17,275","16,550",0.25,0.49,0.31
0.44,"1,718",382,0.18,"132,668","47,577","17,657","16,168",0.25,0.48,0.30
0.45,"1,783",397,0.18,"134,451","45,794","18,054","15,771",0.26,0.47,0.29
0.46,"1,713",427,0.20,"136,164","44,081","18,481","15,344",0.26,0.45,0.28
0.47,"1,445",307,0.18,"137,609","42,636","18,788","15,037",0.26,0.44,0.27
0.48,"1,517",421,0.22,"139,126","41,119","19,209","14,616",0.26,0.43,0.26
0.49,"1,562",441,0.22,"140,688","39,557","19,650","14,175",0.26,0.42,0.25
0.5,"1,367",380,0.22,"142,055","38,190","20,030","13,795",0.27,0.41,0.24
0.51,"1,389",365,0.21,"143,444","36,801","20,395","13,430",0.27,0.40,0.23
0.52,"1,497",406,0.21,"144,941","35,304","20,801","13,024",0.27,0.39,0.23
0.53,"1,664",434,0.21,"146,605","33,640","21,235","12,590",0.27,0.37,0.22
0.54,"1,193",341,0.22,"147,798","32,447","21,576","12,249",0.27,0.36,0.21
0.55,"1,184",345,0.23,"148,982","31,263","21,921","11,904",0.28,0.35,0.20
0.56,"1,644",455,0.22,"150,626","29,619","22,376","11,449",0.28,0.34,0.19
0.57,"1,044",338,0.24,"151,670","28,575","22,714","11,111",0.28,0.33,0.19
0.58,"1,156",333,0.22,"152,826","27,419","23,047","10,778",0.28,0.32,0.18
0.59,"1,231",379,0.24,"154,057","26,188","23,426","10,399",0.28,0.31,0.17
0.6,"1,030",386,0.27,"155,087","25,158","23,812","10,013",0.28,0.30,0.16
0.61,"1,156",381,0.25,"156,243","24,002","24,193","9,632",0.29,0.28,0.16
0.62,"1,236",345,0.22,"157,479","22,766","24,538","9,287",0.29,0.27,0.15
0.63,"1,189",381,0.24,"158,668","21,577","24,919","8,906",0.29,0.26,0.14
0.64,"1,053",376,0.26,"159,721","20,524","25,295","8,530",0.29,0.25,0.14
0.65,934,334,0.26,"160,655","19,590","25,629","8,196",0.29,0.24,0.13
0.66,"1,078",374,0.26,"161,733","18,512","26,003","7,822",0.30,0.23,0.12
0.67,"1,077",328,0.23,"162,810","17,435","26,331","7,494",0.30,0.22,0.12
0.68,"1,017",339,0.25,"163,827","16,418","26,670","7,155",0.30,0.21,0.11
0.69,946,316,0.25,"164,773","15,472","26,986","6,839",0.31,0.20,0.10
0.7,898,323,0.26,"165,671","14,574","27,309","6,516",0.31,0.19,0.10
0.71,767,277,0.27,"166,438","13,807","27,586","6,239",0.31,0.18,0.09
0.72,958,365,0.28,"167,396","12,849","27,951","5,874",0.31,0.17,0.09
0.73,723,294,0.29,"168,119","12,126","28,245","5,580",0.32,0.16,0.08
0.74,819,307,0.27,"168,938","11,307","28,552","5,273",0.32,0.16,0.08
0.75,852,331,0.28,"169,790","10,455","28,883","4,942",0.32,0.15,0.07
0.76,781,333,0.30,"170,571","9,674","29,216","4,609",0.32,0.14,0.07
0.77,714,268,0.27,"171,285","8,960","29,484","4,341",0.33,0.13,0.06
0.78,528,212,0.29,"171,813","8,432","29,696","4,129",0.33,0.12,0.06
0.79,585,226,0.28,"172,398","7,847","29,922","3,903",0.33,0.12,0.05
0.8,528,206,0.28,"172,926","7,319","30,128","3,697",0.34,0.11,0.05
0.81,547,227,0.29,"173,473","6,772","30,355","3,470",0.34,0.10,0.05
0.82,464,202,0.30,"173,937","6,308","30,557","3,268",0.34,0.10,0.04
0.83,472,207,0.30,"174,409","5,836","30,764","3,061",0.34,0.09,0.04
0.84,358,174,0.33,"174,767","5,478","30,938","2,887",0.35,0.09,0.04
0.85,378,231,0.38,"175,145","5,100","31,169","2,656",0.34,0.08,0.04
0.86,338,159,0.32,"175,483","4,762","31,328","2,497",0.34,0.07,0.03
0.87,377,148,0.28,"175,860","4,385","31,476","2,349",0.35,0.07,0.03
0.88,279,127,0.31,"176,139","4,106","31,603","2,222",0.35,0.07,0.03
0.89,382,164,0.30,"176,521","3,724","31,767","2,058",0.36,0.06,0.03
0.9,302,149,0.33,"176,823","3,422","31,916","1,909",0.36,0.06,0.02
0.91,252,122,0.33,"177,075","3,170","32,038","1,787",0.36,0.05,0.02
0.92,241,97,0.29,"177,316","2,929","32,135","1,690",0.37,0.05,0.02
0.93,270,148,0.35,"177,586","2,659","32,283","1,542",0.37,0.05,0.02
0.94,232,132,0.36,"177,818","2,427","32,415","1,410",0.37,0.04,0.02
0.95,239,105,0.31,"178,057","2,188","32,520","1,305",0.37,0.04,0.02
0.96,197,123,0.38,"178,254","1,991","32,643","1,182",0.37,0.03,0.01
0.97,207,96,0.32,"178,461","1,784","32,739","1,086",0.38,0.03,0.01
0.98,86,57,0.40,"178,547","1,698","32,796","1,029",0.38,0.03,0.01
0.99,165,92,0.36,"178,712","1,533","32,888",937,0.38,0.03,0.01
1.0,"1,533",937,0.38,"180,245",0,"33,825",0,nan,0.00,0.00
