p,Neg,Pos,mPrec,TN,FP,FN,TP,Prec,Rec,$\hat{p}$
0.0,"4,207",39,0.01,"4,207","416,363",39,"78,887",0.16,1.00,0.99
0.01,"1,313",20,0.02,"5,520","415,050",59,"78,867",0.16,1.00,0.99
0.02,"1,501",27,0.02,"7,021","413,549",86,"78,840",0.16,1.00,0.99
0.03,"1,792",31,0.02,"8,813","411,757",117,"78,809",0.16,1.00,0.98
0.04,"2,038",29,0.01,"10,851","409,719",146,"78,780",0.16,1.00,0.98
0.05,"2,328",64,0.03,"13,179","407,391",210,"78,716",0.16,1.00,0.97
0.06,"2,652",59,0.02,"15,831","404,739",269,"78,657",0.16,1.00,0.97
0.07,"2,823",66,0.02,"18,654","401,916",335,"78,591",0.16,1.00,0.96
0.08,"3,115",75,0.02,"21,769","398,801",410,"78,516",0.16,0.99,0.96
0.09,"3,418",105,0.03,"25,187","395,383",515,"78,411",0.17,0.99,0.95
0.1,"3,549",113,0.03,"28,736","391,834",628,"78,298",0.17,0.99,0.94
0.11,"3,774",142,0.04,"32,510","388,060",770,"78,156",0.17,0.99,0.93
0.12,"4,047",159,0.04,"36,557","384,013",929,"77,997",0.17,0.99,0.92
0.13,"4,224",178,0.04,"40,781","379,789","1,107","77,819",0.17,0.99,0.92
0.14,"4,390",175,0.04,"45,171","375,399","1,282","77,644",0.17,0.98,0.91
0.15,"4,690",214,0.04,"49,861","370,709","1,496","77,430",0.17,0.98,0.90
0.16,"5,105",219,0.04,"54,966","365,604","1,715","77,211",0.17,0.98,0.89
0.17,"5,055",230,0.04,"60,021","360,549","1,945","76,981",0.18,0.98,0.88
0.18,"5,287",289,0.05,"65,308","355,262","2,234","76,692",0.18,0.97,0.86
0.19,"5,692",310,0.05,"71,000","349,570","2,544","76,382",0.18,0.97,0.85
0.2,"5,744",338,0.06,"76,744","343,826","2,882","76,044",0.18,0.96,0.84
0.21,"5,957",387,0.06,"82,701","337,869","3,269","75,657",0.18,0.96,0.83
0.22,"6,022",367,0.06,"88,723","331,847","3,636","75,290",0.18,0.95,0.82
0.23,"6,250",382,0.06,"94,973","325,597","4,018","74,908",0.19,0.95,0.80
0.24,"6,493",468,0.07,"101,466","319,104","4,486","74,440",0.19,0.94,0.79
0.25,"6,555",493,0.07,"108,021","312,549","4,979","73,947",0.19,0.94,0.77
0.26,"6,910",522,0.07,"114,931","305,639","5,501","73,425",0.19,0.93,0.76
0.27,"7,039",512,0.07,"121,970","298,600","6,013","72,913",0.20,0.92,0.74
0.28,"7,154",632,0.08,"129,124","291,446","6,645","72,281",0.20,0.92,0.73
0.29,"7,070",603,0.08,"136,194","284,376","7,248","71,678",0.20,0.91,0.71
0.3,"7,083",615,0.08,"143,277","277,293","7,863","71,063",0.20,0.90,0.70
0.31,"7,245",683,0.09,"150,522","270,048","8,546","70,380",0.21,0.89,0.68
0.32,"7,250",720,0.09,"157,772","262,798","9,266","69,660",0.21,0.88,0.67
0.33,"7,190",743,0.09,"164,962","255,608","10,009","68,917",0.21,0.87,0.65
0.34,"7,276",777,0.10,"172,238","248,332","10,786","68,140",0.22,0.86,0.63
0.35,"7,354",800,0.10,"179,592","240,978","11,586","67,340",0.22,0.85,0.62
0.36,"7,215",812,0.10,"186,807","233,763","12,398","66,528",0.22,0.84,0.60
0.37,"7,439",846,0.10,"194,246","226,324","13,244","65,682",0.22,0.83,0.58
0.38,"7,250",886,0.11,"201,496","219,074","14,130","64,796",0.23,0.82,0.57
0.39,"7,236",922,0.11,"208,732","211,838","15,052","63,874",0.23,0.81,0.55
0.4,"7,173","1,039",0.13,"215,905","204,665","16,091","62,835",0.23,0.80,0.54
0.41,"7,174",975,0.12,"223,079","197,491","17,066","61,860",0.24,0.78,0.52
0.42,"7,281","1,015",0.12,"230,360","190,210","18,081","60,845",0.24,0.77,0.50
0.43,"7,160","1,062",0.13,"237,520","183,050","19,143","59,783",0.25,0.76,0.49
0.44,"7,161",992,0.12,"244,681","175,889","20,135","58,791",0.25,0.74,0.47
0.45,"6,996","1,067",0.13,"251,677","168,893","21,202","57,724",0.25,0.73,0.45
0.46,"6,892","1,076",0.14,"258,569","162,001","22,278","56,648",0.26,0.72,0.44
0.47,"6,743","1,154",0.15,"265,312","155,258","23,432","55,494",0.26,0.70,0.42
0.48,"6,691","1,113",0.14,"272,003","148,567","24,545","54,381",0.27,0.69,0.41
0.49,"6,511","1,230",0.16,"278,514","142,056","25,775","53,151",0.27,0.67,0.39
0.5,"6,527","1,168",0.15,"285,041","135,529","26,943","51,983",0.28,0.66,0.38
0.51,"6,157","1,300",0.17,"291,198","129,372","28,243","50,683",0.28,0.64,0.36
0.52,"6,122","1,257",0.17,"297,320","123,250","29,500","49,426",0.29,0.63,0.35
0.53,"5,945","1,232",0.17,"303,265","117,305","30,732","48,194",0.29,0.61,0.33
0.54,"5,868","1,240",0.17,"309,133","111,437","31,972","46,954",0.30,0.59,0.32
0.55,"5,655","1,236",0.18,"314,788","105,782","33,208","45,718",0.30,0.58,0.30
0.56,"5,342","1,311",0.20,"320,130","100,440","34,519","44,407",0.31,0.56,0.29
0.57,"5,467","1,260",0.19,"325,597","94,973","35,779","43,147",0.31,0.55,0.28
0.58,"5,132","1,247",0.20,"330,729","89,841","37,026","41,900",0.32,0.53,0.26
0.59,"5,199","1,382",0.21,"335,928","84,642","38,408","40,518",0.32,0.51,0.25
0.6,"4,729","1,286",0.21,"340,657","79,913","39,694","39,232",0.33,0.50,0.24
0.61,"4,699","1,280",0.21,"345,356","75,214","40,974","37,952",0.34,0.48,0.23
0.62,"4,378","1,242",0.22,"349,734","70,836","42,216","36,710",0.34,0.47,0.22
0.63,"4,336","1,205",0.22,"354,070","66,500","43,421","35,505",0.35,0.45,0.20
0.64,"4,111","1,295",0.24,"358,181","62,389","44,716","34,210",0.35,0.43,0.19
0.65,"3,841","1,184",0.24,"362,022","58,548","45,900","33,026",0.36,0.42,0.18
0.66,"3,542","1,238",0.26,"365,564","55,006","47,138","31,788",0.37,0.40,0.17
0.67,"3,594","1,176",0.25,"369,158","51,412","48,314","30,612",0.37,0.39,0.16
0.68,"3,408","1,156",0.25,"372,566","48,004","49,470","29,456",0.38,0.37,0.16
0.69,"3,294","1,196",0.27,"375,860","44,710","50,666","28,260",0.39,0.36,0.15
0.7,"2,970","1,169",0.28,"378,830","41,740","51,835","27,091",0.39,0.34,0.14
0.71,"2,835","1,093",0.28,"381,665","38,905","52,928","25,998",0.40,0.33,0.13
0.72,"2,712","1,121",0.29,"384,377","36,193","54,049","24,877",0.41,0.32,0.12
0.73,"2,660","1,073",0.29,"387,037","33,533","55,122","23,804",0.42,0.30,0.11
0.74,"2,430","1,087",0.31,"389,467","31,103","56,209","22,717",0.42,0.29,0.11
0.75,"2,339","1,050",0.31,"391,806","28,764","57,259","21,667",0.43,0.27,0.10
0.76,"2,164","1,077",0.33,"393,970","26,600","58,336","20,590",0.44,0.26,0.09
0.77,"1,960",938,0.32,"395,930","24,640","59,274","19,652",0.44,0.25,0.09
0.78,"1,981","1,021",0.34,"397,911","22,659","60,295","18,631",0.45,0.24,0.08
0.79,"1,843","1,033",0.36,"399,754","20,816","61,328","17,598",0.46,0.22,0.08
0.8,"1,629",922,0.36,"401,383","19,187","62,250","16,676",0.46,0.21,0.07
0.81,"1,606",970,0.38,"402,989","17,581","63,220","15,706",0.47,0.20,0.07
0.82,"1,582",973,0.38,"404,571","15,999","64,193","14,733",0.48,0.19,0.06
0.83,"1,463",907,0.38,"406,034","14,536","65,100","13,826",0.49,0.18,0.06
0.84,"1,314",910,0.41,"407,348","13,222","66,010","12,916",0.49,0.16,0.05
0.85,"1,343",875,0.39,"408,691","11,879","66,885","12,041",0.50,0.15,0.05
0.86,"1,251",892,0.42,"409,942","10,628","67,777","11,149",0.51,0.14,0.04
0.87,"1,194",893,0.43,"411,136","9,434","68,670","10,256",0.52,0.13,0.04
0.88,"1,114",897,0.45,"412,250","8,320","69,567","9,359",0.53,0.12,0.04
0.89,"1,073",928,0.46,"413,323","7,247","70,495","8,431",0.54,0.11,0.03
0.9,985,896,0.48,"414,308","6,262","71,391","7,535",0.55,0.10,0.03
0.91,996,841,0.46,"415,304","5,266","72,232","6,694",0.56,0.08,0.02
0.92,810,899,0.53,"416,114","4,456","73,131","5,795",0.57,0.07,0.02
0.93,799,820,0.51,"416,913","3,657","73,951","4,975",0.58,0.06,0.02
0.94,719,734,0.51,"417,632","2,938","74,685","4,241",0.59,0.05,0.01
0.95,661,794,0.55,"418,293","2,277","75,479","3,447",0.60,0.04,0.01
0.96,555,694,0.56,"418,848","1,722","76,173","2,753",0.62,0.03,0.01
0.97,445,586,0.57,"419,293","1,277","76,759","2,167",0.63,0.03,0.01
0.98,350,565,0.62,"419,643",927,"77,324","1,602",0.63,0.02,0.01
0.99,302,460,0.60,"419,945",625,"77,784","1,142",0.65,0.01,0.00
1.0,625,"1,142",0.65,"420,570",0,"78,926",0,nan,0.00,0.00
