p,Neg,Pos,mPrec,TN,FP,FN,TP,Prec,Rec,$\hat{p}$
0.0,0,0,nan,0,"180,245",0,"33,825",0.16,1.00,1.00
0.05,"30,823",605,0.02,"30,823","149,422",605,"33,220",0.18,0.98,0.85
0.1,"45,031","2,727",0.06,"75,854","104,391","3,332","30,493",0.23,0.90,0.63
0.15,"31,735","3,479",0.10,"107,589","72,656","6,811","27,014",0.27,0.80,0.47
0.2,"21,329","3,539",0.14,"128,918","51,327","10,350","23,475",0.31,0.69,0.35
0.25,"14,524","3,342",0.19,"143,442","36,803","13,692","20,133",0.35,0.60,0.27
0.3,"10,195","2,901",0.22,"153,637","26,608","16,593","17,232",0.39,0.51,0.20
0.35,"7,059","2,492",0.26,"160,696","19,549","19,085","14,740",0.43,0.44,0.16
0.4,"5,045","2,079",0.29,"165,741","14,504","21,164","12,661",0.47,0.37,0.13
0.45,"3,635","1,868",0.34,"169,376","10,869","23,032","10,793",0.50,0.32,0.10
0.5,"2,656","1,522",0.36,"172,032","8,213","24,554","9,271",0.53,0.27,0.08
0.55,"2,024","1,344",0.40,"174,056","6,189","25,898","7,927",0.56,0.23,0.07
0.6,"1,537","1,153",0.43,"175,593","4,652","27,051","6,774",0.59,0.20,0.05
0.65,"1,124","1,048",0.48,"176,717","3,528","28,099","5,726",0.62,0.17,0.04
0.7,911,862,0.49,"177,628","2,617","28,961","4,864",0.65,0.14,0.03
0.75,671,859,0.56,"178,299","1,946","29,820","4,005",0.67,0.12,0.03
0.8,561,796,0.59,"178,860","1,385","30,616","3,209",0.70,0.09,0.02
0.85,439,730,0.62,"179,299",946,"31,346","2,479",0.72,0.07,0.02
0.9,354,680,0.66,"179,653",592,"32,026","1,799",0.75,0.05,0.01
0.95,256,664,0.72,"179,909",336,"32,690","1,135",0.77,0.03,0.01
1.0,336,"1,135",0.77,"180,245",0,"33,825",0,nan,0.00,0.00
