p,Neg,Pos,mPrec,TN,FP,FN,TP,Prec,Rec,$\hat{p}$
0.0,0,0,nan,0,"180,245",0,"33,825",0.16,1.00,1.00
0.05,"32,057",683,0.02,"32,057","148,188",683,"33,142",0.18,0.98,0.85
0.1,"46,207","2,905",0.06,"78,264","101,981","3,588","30,237",0.23,0.89,0.62
0.15,"30,795","3,616",0.11,"109,059","71,186","7,204","26,621",0.27,0.79,0.46
0.2,"20,637","3,516",0.15,"129,696","50,549","10,720","23,105",0.31,0.68,0.34
0.25,"14,421","3,346",0.19,"144,117","36,128","14,066","19,759",0.35,0.58,0.26
0.3,"10,105","2,862",0.22,"154,222","26,023","16,928","16,897",0.39,0.50,0.20
0.35,"7,346","2,572",0.26,"161,568","18,677","19,500","14,325",0.43,0.42,0.15
0.4,"5,281","2,192",0.29,"166,849","13,396","21,692","12,133",0.48,0.36,0.12
0.45,"3,676","1,957",0.35,"170,525","9,720","23,649","10,176",0.51,0.30,0.09
0.5,"2,666","1,636",0.38,"173,191","7,054","25,285","8,540",0.55,0.25,0.07
0.55,"1,857","1,397",0.43,"175,048","5,197","26,682","7,143",0.58,0.21,0.06
0.6,"1,368","1,236",0.47,"176,416","3,829","27,918","5,907",0.61,0.17,0.05
0.65,948,963,0.50,"177,364","2,881","28,881","4,944",0.63,0.15,0.04
0.7,720,777,0.52,"178,084","2,161","29,658","4,167",0.66,0.12,0.03
0.75,528,702,0.57,"178,612","1,633","30,360","3,465",0.68,0.10,0.02
0.8,450,550,0.55,"179,062","1,183","30,910","2,915",0.71,0.09,0.02
0.85,326,565,0.63,"179,388",857,"31,475","2,350",0.73,0.07,0.01
0.9,270,612,0.69,"179,658",587,"32,087","1,738",0.75,0.05,0.01
0.95,250,607,0.71,"179,908",337,"32,694","1,131",0.77,0.03,0.01
1.0,337,"1,131",0.77,"180,245",0,"33,825",0,nan,0.00,0.00
