p,Neg,Pos,mPrec,TN,FP,FN,TP,Prec,Rec,$\hat{p}$
0.0,0,0,nan,0,"420,570",0,"78,926",0.16,1.00,1.00
0.05,"72,141","1,264",0.02,"72,141","348,429","1,264","77,662",0.18,0.98,0.85
0.1,"106,817","5,495",0.05,"178,958","241,612","6,759","72,167",0.23,0.91,0.63
0.15,"74,077","7,469",0.09,"253,035","167,535","14,228","64,698",0.28,0.82,0.46
0.2,"50,093","7,807",0.13,"303,128","117,442","22,035","56,891",0.33,0.72,0.35
0.25,"34,005","7,670",0.18,"337,133","83,437","29,705","49,221",0.37,0.62,0.27
0.3,"23,722","6,715",0.22,"360,855","59,715","36,420","42,506",0.42,0.54,0.20
0.35,"16,490","6,116",0.27,"377,345","43,225","42,536","36,390",0.46,0.46,0.16
0.4,"11,698","5,204",0.31,"389,043","31,527","47,740","31,186",0.50,0.40,0.13
0.45,"8,392","4,486",0.35,"397,435","23,135","52,226","26,700",0.54,0.34,0.10
0.5,"5,859","3,796",0.39,"403,294","17,276","56,022","22,904",0.57,0.29,0.08
0.55,"4,309","3,221",0.43,"407,603","12,967","59,243","19,683",0.60,0.25,0.07
0.6,"3,231","2,907",0.47,"410,834","9,736","62,150","16,776",0.63,0.21,0.05
0.65,"2,443","2,598",0.52,"413,277","7,293","64,748","14,178",0.66,0.18,0.04
0.7,"1,925","2,275",0.54,"415,202","5,368","67,023","11,903",0.69,0.15,0.03
0.75,"1,422","2,107",0.60,"416,624","3,946","69,130","9,796",0.71,0.12,0.03
0.8,"1,162","1,905",0.62,"417,786","2,784","71,035","7,891",0.74,0.10,0.02
0.85,904,"1,750",0.66,"418,690","1,880","72,785","6,141",0.77,0.08,0.02
0.9,744,"1,781",0.71,"419,434","1,136","74,566","4,360",0.79,0.06,0.01
0.95,543,"1,623",0.75,"419,977",593,"76,189","2,737",0.82,0.03,0.01
1.0,593,"2,737",0.82,"420,570",0,"78,926",0,nan,0.00,0.00
