p,Neg,Pos,mPrec,TN,FP,FN,TP,Prec,Rec,$\hat{p}$
0.0,"1,803",7,0.00,"1,803","178,442",7,"33,818",0.16,1.00,0.99
0.01,"8,794",112,0.01,"10,597","169,648",119,"33,706",0.17,1.00,0.95
0.02,"10,883",224,0.02,"21,480","158,765",343,"33,482",0.17,0.99,0.90
0.03,"10,975",321,0.03,"32,455","147,790",664,"33,161",0.18,0.98,0.85
0.04,"10,170",500,0.05,"42,625","137,620","1,164","32,661",0.19,0.97,0.80
0.05,"9,481",503,0.05,"52,106","128,139","1,667","32,158",0.20,0.95,0.75
0.06,"8,966",541,0.06,"61,072","119,173","2,208","31,617",0.21,0.93,0.70
0.07,"8,357",615,0.07,"69,429","110,816","2,823","31,002",0.22,0.92,0.66
0.08,"7,845",636,0.07,"77,274","102,971","3,459","30,366",0.23,0.90,0.62
0.09,"7,454",629,0.08,"84,728","95,517","4,088","29,737",0.24,0.88,0.59
0.1,"6,716",691,0.09,"91,444","88,801","4,779","29,046",0.25,0.86,0.55
0.11,"6,183",759,0.11,"97,627","82,618","5,538","28,287",0.26,0.84,0.52
0.12,"5,831",736,0.11,"103,458","76,787","6,274","27,551",0.26,0.81,0.49
0.13,"5,296",710,0.12,"108,754","71,491","6,984","26,841",0.27,0.79,0.46
0.14,"4,873",700,0.13,"113,627","66,618","7,684","26,141",0.28,0.77,0.43
0.15,"4,486",759,0.14,"118,113","62,132","8,443","25,382",0.29,0.75,0.41
0.16,"4,287",689,0.14,"122,400","57,845","9,132","24,693",0.30,0.73,0.39
0.17,"3,839",713,0.16,"126,239","54,006","9,845","23,980",0.31,0.71,0.36
0.18,"3,595",679,0.16,"129,834","50,411","10,524","23,301",0.32,0.69,0.34
0.19,"3,314",701,0.17,"133,148","47,097","11,225","22,600",0.32,0.67,0.33
0.2,"3,086",651,0.17,"136,234","44,011","11,876","21,949",0.33,0.65,0.31
0.21,"2,867",708,0.20,"139,101","41,144","12,584","21,241",0.34,0.63,0.29
0.22,"2,593",647,0.20,"141,694","38,551","13,231","20,594",0.35,0.61,0.28
0.23,"2,472",662,0.21,"144,166","36,079","13,893","19,932",0.36,0.59,0.26
0.24,"2,279",603,0.21,"146,445","33,800","14,496","19,329",0.36,0.57,0.25
0.25,"2,262",601,0.21,"148,707","31,538","15,097","18,728",0.37,0.55,0.23
0.26,"1,968",574,0.23,"150,675","29,570","15,671","18,154",0.38,0.54,0.22
0.27,"1,783",584,0.25,"152,458","27,787","16,255","17,570",0.39,0.52,0.21
0.28,"1,791",537,0.23,"154,249","25,996","16,792","17,033",0.40,0.50,0.20
0.29,"1,566",531,0.25,"155,815","24,430","17,323","16,502",0.40,0.49,0.19
0.3,"1,484",477,0.24,"157,299","22,946","17,800","16,025",0.41,0.47,0.18
0.31,"1,374",496,0.27,"158,673","21,572","18,296","15,529",0.42,0.46,0.17
0.32,"1,298",495,0.28,"159,971","20,274","18,791","15,034",0.43,0.44,0.16
0.33,"1,164",466,0.29,"161,135","19,110","19,257","14,568",0.43,0.43,0.16
0.34,"1,116",424,0.28,"162,251","17,994","19,681","14,144",0.44,0.42,0.15
0.35,"1,082",441,0.29,"163,333","16,912","20,122","13,703",0.45,0.41,0.14
0.36,972,409,0.30,"164,305","15,940","20,531","13,294",0.45,0.39,0.14
0.37,920,400,0.30,"165,225","15,020","20,931","12,894",0.46,0.38,0.13
0.38,865,403,0.32,"166,090","14,155","21,334","12,491",0.47,0.37,0.12
0.39,789,391,0.33,"166,879","13,366","21,725","12,100",0.48,0.36,0.12
0.4,772,345,0.31,"167,651","12,594","22,070","11,755",0.48,0.35,0.11
0.41,707,380,0.35,"168,358","11,887","22,450","11,375",0.49,0.34,0.11
0.42,650,385,0.37,"169,008","11,237","22,835","10,990",0.49,0.32,0.10
0.43,653,339,0.34,"169,661","10,584","23,174","10,651",0.50,0.31,0.10
0.44,590,354,0.38,"170,251","9,994","23,528","10,297",0.51,0.30,0.09
0.45,546,312,0.36,"170,797","9,448","23,840","9,985",0.51,0.30,0.09
0.46,526,310,0.37,"171,323","8,922","24,150","9,675",0.52,0.29,0.09
0.47,480,281,0.37,"171,803","8,442","24,431","9,394",0.53,0.28,0.08
0.48,457,269,0.37,"172,260","7,985","24,700","9,125",0.53,0.27,0.08
0.49,436,292,0.40,"172,696","7,549","24,992","8,833",0.54,0.26,0.08
0.5,430,276,0.39,"173,126","7,119","25,268","8,557",0.55,0.25,0.07
0.51,413,254,0.38,"173,539","6,706","25,522","8,303",0.55,0.25,0.07
0.52,360,250,0.41,"173,899","6,346","25,772","8,053",0.56,0.24,0.07
0.53,334,255,0.43,"174,233","6,012","26,027","7,798",0.56,0.23,0.06
0.54,320,237,0.43,"174,553","5,692","26,264","7,561",0.57,0.22,0.06
0.55,326,236,0.42,"174,879","5,366","26,500","7,325",0.58,0.22,0.06
0.56,331,216,0.39,"175,210","5,035","26,716","7,109",0.59,0.21,0.06
0.57,267,226,0.46,"175,477","4,768","26,942","6,883",0.59,0.20,0.05
0.58,267,242,0.48,"175,744","4,501","27,184","6,641",0.60,0.20,0.05
0.59,268,218,0.45,"176,012","4,233","27,402","6,423",0.60,0.19,0.05
0.6,235,225,0.49,"176,247","3,998","27,627","6,198",0.61,0.18,0.05
0.61,211,210,0.50,"176,458","3,787","27,837","5,988",0.61,0.18,0.05
0.62,188,180,0.49,"176,646","3,599","28,017","5,808",0.62,0.17,0.04
0.63,203,180,0.47,"176,849","3,396","28,197","5,628",0.62,0.17,0.04
0.64,191,186,0.49,"177,040","3,205","28,383","5,442",0.63,0.16,0.04
0.65,193,157,0.45,"177,233","3,012","28,540","5,285",0.64,0.16,0.04
0.66,158,170,0.52,"177,391","2,854","28,710","5,115",0.64,0.15,0.04
0.67,180,187,0.51,"177,571","2,674","28,897","4,928",0.65,0.15,0.04
0.68,147,191,0.57,"177,718","2,527","29,088","4,737",0.65,0.14,0.03
0.69,141,174,0.55,"177,859","2,386","29,262","4,563",0.66,0.13,0.03
0.7,132,159,0.55,"177,991","2,254","29,421","4,404",0.66,0.13,0.03
0.71,139,165,0.54,"178,130","2,115","29,586","4,239",0.67,0.13,0.03
0.72,134,184,0.58,"178,264","1,981","29,770","4,055",0.67,0.12,0.03
0.73,119,161,0.57,"178,383","1,862","29,931","3,894",0.68,0.12,0.03
0.74,113,159,0.58,"178,496","1,749","30,090","3,735",0.68,0.11,0.03
0.75,98,155,0.61,"178,594","1,651","30,245","3,580",0.68,0.11,0.02
0.76,113,157,0.58,"178,707","1,538","30,402","3,423",0.69,0.10,0.02
0.77,120,161,0.57,"178,827","1,418","30,563","3,262",0.70,0.10,0.02
0.78,112,161,0.59,"178,939","1,306","30,724","3,101",0.70,0.09,0.02
0.79,101,146,0.59,"179,040","1,205","30,870","2,955",0.71,0.09,0.02
0.8,101,157,0.61,"179,141","1,104","31,027","2,798",0.72,0.08,0.02
0.81,69,133,0.66,"179,210","1,035","31,160","2,665",0.72,0.08,0.02
0.82,74,146,0.66,"179,284",961,"31,306","2,519",0.72,0.07,0.02
0.83,83,160,0.66,"179,367",878,"31,466","2,359",0.73,0.07,0.02
0.84,77,124,0.62,"179,444",801,"31,590","2,235",0.74,0.07,0.01
0.85,69,145,0.68,"179,513",732,"31,735","2,090",0.74,0.06,0.01
0.86,69,143,0.67,"179,582",663,"31,878","1,947",0.75,0.06,0.01
0.87,55,130,0.70,"179,637",608,"32,008","1,817",0.75,0.05,0.01
0.88,61,127,0.68,"179,698",547,"32,135","1,690",0.76,0.05,0.01
0.89,60,139,0.70,"179,758",487,"32,274","1,551",0.76,0.05,0.01
0.9,55,119,0.68,"179,813",432,"32,393","1,432",0.77,0.04,0.01
0.91,42,144,0.77,"179,855",390,"32,537","1,288",0.77,0.04,0.01
0.92,40,120,0.75,"179,895",350,"32,657","1,168",0.77,0.03,0.01
0.93,58,141,0.71,"179,953",292,"32,798","1,027",0.78,0.03,0.01
0.94,36,103,0.74,"179,989",256,"32,901",924,0.78,0.03,0.01
0.95,47,116,0.71,"180,036",209,"33,017",808,0.79,0.02,0.00
0.96,29,104,0.78,"180,065",180,"33,121",704,0.80,0.02,0.00
0.97,30,87,0.74,"180,095",150,"33,208",617,0.80,0.02,0.00
0.98,31,105,0.77,"180,126",119,"33,313",512,0.81,0.02,0.00
0.99,29,84,0.74,"180,155",90,"33,397",428,0.83,0.01,0.00
1.0,90,428,0.83,"180,245",0,"33,825",0,nan,0.00,0.00
