p,Neg,Pos,mPrec,TN,FP,FN,TP,Prec,Rec,$\hat{p}$
0.0,0,0,nan,0,"180,245",0,"33,825",0.16,1.00,1.00
0.01,0,0,nan,0,"180,245",0,"33,825",0.16,1.00,1.00
0.02,0,0,nan,0,"180,245",0,"33,825",0.16,1.00,1.00
0.03,0,0,nan,0,"180,245",0,"33,825",0.16,1.00,1.00
0.04,0,0,nan,0,"180,245",0,"33,825",0.16,1.00,1.00
0.05,0,0,nan,0,"180,245",0,"33,825",0.16,1.00,1.00
0.06,5,0,0.00,5,"180,240",0,"33,825",0.16,1.00,1.00
0.07,3,0,0.00,8,"180,237",0,"33,825",0.16,1.00,1.00
0.08,12,1,0.08,20,"180,225",1,"33,824",0.16,1.00,1.00
0.09,13,2,0.13,33,"180,212",3,"33,822",0.16,1.00,1.00
0.1,48,1,0.02,81,"180,164",4,"33,821",0.16,1.00,1.00
0.11,111,6,0.05,192,"180,053",10,"33,815",0.16,1.00,1.00
0.12,155,7,0.04,347,"179,898",17,"33,808",0.16,1.00,1.00
0.13,124,4,0.03,471,"179,774",21,"33,804",0.16,1.00,1.00
0.14,181,7,0.04,652,"179,593",28,"33,797",0.16,1.00,1.00
0.15,103,3,0.03,755,"179,490",31,"33,794",0.16,1.00,1.00
0.16,477,15,0.03,"1,232","179,013",46,"33,779",0.16,1.00,0.99
0.17,419,16,0.04,"1,651","178,594",62,"33,763",0.16,1.00,0.99
0.18,842,56,0.06,"2,493","177,752",118,"33,707",0.16,1.00,0.99
0.19,946,46,0.05,"3,439","176,806",164,"33,661",0.16,1.00,0.98
0.2,"1,616",76,0.04,"5,055","175,190",240,"33,585",0.16,0.99,0.98
0.21,"1,354",76,0.05,"6,409","173,836",316,"33,509",0.16,0.99,0.97
0.22,"1,574",62,0.04,"7,983","172,262",378,"33,447",0.16,0.99,0.96
0.23,"2,360",138,0.06,"10,343","169,902",516,"33,309",0.16,0.98,0.95
0.24,"2,619",138,0.05,"12,962","167,283",654,"33,171",0.17,0.98,0.94
0.25,"3,163",215,0.06,"16,125","164,120",869,"32,956",0.17,0.97,0.92
0.26,"3,192",202,0.06,"19,317","160,928","1,071","32,754",0.17,0.97,0.90
0.27,"2,699",220,0.08,"22,016","158,229","1,291","32,534",0.17,0.96,0.89
0.28,"2,496",189,0.07,"24,512","155,733","1,480","32,345",0.17,0.96,0.88
0.29,"2,414",199,0.08,"26,926","153,319","1,679","32,146",0.17,0.95,0.87
0.3,"2,411",210,0.08,"29,337","150,908","1,889","31,936",0.17,0.94,0.85
0.31,"2,725",234,0.08,"32,062","148,183","2,123","31,702",0.18,0.94,0.84
0.32,"2,029",185,0.08,"34,091","146,154","2,308","31,517",0.18,0.93,0.83
0.33,"2,319",196,0.08,"36,410","143,835","2,504","31,321",0.18,0.93,0.82
0.34,"2,720",254,0.09,"39,130","141,115","2,758","31,067",0.18,0.92,0.80
0.35,"2,651",256,0.09,"41,781","138,464","3,014","30,811",0.18,0.91,0.79
0.36,"3,506",374,0.10,"45,287","134,958","3,388","30,437",0.18,0.90,0.77
0.37,"3,746",433,0.10,"49,033","131,212","3,821","30,004",0.19,0.89,0.75
0.38,"4,029",501,0.11,"53,062","127,183","4,322","29,503",0.19,0.87,0.73
0.39,"4,768",621,0.12,"57,830","122,415","4,943","28,882",0.19,0.85,0.71
0.4,"4,545",635,0.12,"62,375","117,870","5,578","28,247",0.19,0.84,0.68
0.41,"4,604",592,0.11,"66,979","113,266","6,170","27,655",0.20,0.82,0.66
0.42,"5,374",795,0.13,"72,353","107,892","6,965","26,860",0.20,0.79,0.63
0.43,"5,195",731,0.12,"77,548","102,697","7,696","26,129",0.20,0.77,0.60
0.44,"5,218",740,0.12,"82,766","97,479","8,436","25,389",0.21,0.75,0.57
0.45,"5,751",936,0.14,"88,517","91,728","9,372","24,453",0.21,0.72,0.54
0.46,"4,807",683,0.12,"93,324","86,921","10,055","23,770",0.21,0.70,0.52
0.47,"4,486",745,0.14,"97,810","82,435","10,800","23,025",0.22,0.68,0.49
0.48,"4,565",799,0.15,"102,375","77,870","11,599","22,226",0.22,0.66,0.47
0.49,"5,112",963,0.16,"107,487","72,758","12,562","21,263",0.23,0.63,0.44
0.5,"3,836",706,0.16,"111,323","68,922","13,268","20,557",0.23,0.61,0.42
0.51,"4,542",878,0.16,"115,865","64,380","14,146","19,679",0.23,0.58,0.39
0.52,"3,783",758,0.17,"119,648","60,597","14,904","18,921",0.24,0.56,0.37
0.53,"4,030",857,0.18,"123,678","56,567","15,761","18,064",0.24,0.53,0.35
0.54,"4,328",905,0.17,"128,006","52,239","16,666","17,159",0.25,0.51,0.32
0.55,"3,815",898,0.19,"131,821","48,424","17,564","16,261",0.25,0.48,0.30
0.56,"3,355",785,0.19,"135,176","45,069","18,349","15,476",0.26,0.46,0.28
0.57,"3,448",812,0.19,"138,624","41,621","19,161","14,664",0.26,0.43,0.26
0.58,"3,186",844,0.21,"141,810","38,435","20,005","13,820",0.26,0.41,0.24
0.59,"3,182",810,0.20,"144,992","35,253","20,815","13,010",0.27,0.38,0.23
0.6,"3,505","1,001",0.22,"148,497","31,748","21,816","12,009",0.27,0.36,0.20
0.61,"2,934",848,0.22,"151,431","28,814","22,664","11,161",0.28,0.33,0.19
0.62,"2,705",757,0.22,"154,136","26,109","23,421","10,404",0.28,0.31,0.17
0.63,"2,974",888,0.23,"157,110","23,135","24,309","9,516",0.29,0.28,0.15
0.64,"2,389",802,0.25,"159,499","20,746","25,111","8,714",0.30,0.26,0.14
0.65,"2,809",942,0.25,"162,308","17,937","26,053","7,772",0.30,0.23,0.12
0.66,"2,242",807,0.26,"164,550","15,695","26,860","6,965",0.31,0.21,0.11
0.67,"2,849","1,041",0.27,"167,399","12,846","27,901","5,924",0.32,0.18,0.09
0.68,"2,064",882,0.30,"169,463","10,782","28,783","5,042",0.32,0.15,0.07
0.69,"1,701",677,0.28,"171,164","9,081","29,460","4,365",0.32,0.13,0.06
0.7,"1,636",693,0.30,"172,800","7,445","30,153","3,672",0.33,0.11,0.05
0.71,"1,353",545,0.29,"174,153","6,092","30,698","3,127",0.34,0.09,0.04
0.72,"1,154",550,0.32,"175,307","4,938","31,248","2,577",0.34,0.08,0.04
0.73,973,425,0.30,"176,280","3,965","31,673","2,152",0.35,0.06,0.03
0.74,986,479,0.33,"177,266","2,979","32,152","1,673",0.36,0.05,0.02
0.75,735,371,0.34,"178,001","2,244","32,523","1,302",0.37,0.04,0.02
0.76,632,364,0.37,"178,633","1,612","32,887",938,0.37,0.03,0.01
0.77,421,197,0.32,"179,054","1,191","33,084",741,0.38,0.02,0.01
0.78,403,220,0.35,"179,457",788,"33,304",521,0.40,0.02,0.01
0.79,265,175,0.40,"179,722",523,"33,479",346,0.40,0.01,0.00
0.8,143,79,0.36,"179,865",380,"33,558",267,0.41,0.01,0.00
0.81,117,62,0.35,"179,982",263,"33,620",205,0.44,0.01,0.00
0.82,97,68,0.41,"180,079",166,"33,688",137,0.45,0.00,0.00
0.83,52,40,0.43,"180,131",114,"33,728",97,0.46,0.00,0.00
0.84,41,25,0.38,"180,172",73,"33,753",72,0.50,0.00,0.00
0.85,38,36,0.49,"180,210",35,"33,789",36,0.51,0.00,0.00
0.86,17,24,0.59,"180,227",18,"33,813",12,0.40,0.00,0.00
0.87,13,9,0.41,"180,240",5,"33,822",3,0.38,0.00,0.00
0.88,3,2,0.40,"180,243",2,"33,824",1,0.33,0.00,0.00
0.89,0,0,nan,"180,243",2,"33,824",1,0.33,0.00,0.00
0.9,0,1,1.00,"180,243",2,"33,825",0,0.00,0.00,0.00
0.91,0,0,nan,"180,243",2,"33,825",0,0.00,0.00,0.00
0.92,2,0,0.00,"180,245",0,"33,825",0,nan,0.00,0.00
0.93,0,0,nan,"180,245",0,"33,825",0,nan,0.00,0.00
0.94,0,0,nan,"180,245",0,"33,825",0,nan,0.00,0.00
0.95,0,0,nan,"180,245",0,"33,825",0,nan,0.00,0.00
0.96,0,0,nan,"180,245",0,"33,825",0,nan,0.00,0.00
0.97,0,0,nan,"180,245",0,"33,825",0,nan,0.00,0.00
0.98,0,0,nan,"180,245",0,"33,825",0,nan,0.00,0.00
0.99,0,0,nan,"180,245",0,"33,825",0,nan,0.00,0.00
1.0,0,0,nan,"180,245",0,"33,825",0,nan,0.00,0.00
