p,Neg,Pos,Neg/Pos,TN,FP,FN,TP,FP/TP,Prec.,Rec.,$\hat{p}$
0.0,0,0,nan,0,"180,245",0,"33,825",5.33,0.16,1.00,1.00
0.05,70,3,23.33,70,"180,175",3,"33,822",5.33,0.16,1.00,1.00
0.1,"9,997",498,20.07,"10,067","170,178",501,"33,324",5.11,0.16,0.99,0.95
0.15,"21,006","1,396",15.05,"31,073","149,172","1,897","31,928",4.67,0.18,0.94,0.85
0.2,"20,885","2,262",9.23,"51,958","128,287","4,159","29,666",4.32,0.19,0.88,0.74
0.25,"37,687","5,259",7.17,"89,645","90,600","9,418","24,407",3.71,0.21,0.72,0.54
0.3,"31,266","5,738",5.45,"120,911","59,334","15,156","18,669",3.18,0.24,0.55,0.36
0.35,"18,819","4,244",4.43,"139,730","40,515","19,400","14,425",2.81,0.26,0.43,0.26
0.4,"15,694","4,403",3.56,"155,424","24,821","23,803","10,022",2.48,0.29,0.30,0.16
0.45,"12,058","4,157",2.90,"167,482","12,763","27,960","5,865",2.18,0.31,0.17,0.09
0.5,"7,315","2,989",2.45,"174,797","5,448","30,949","2,876",1.89,0.35,0.09,0.04
0.55,"3,566","1,719",2.07,"178,363","1,882","32,668","1,157",1.63,0.38,0.03,0.01
0.6,"1,304",749,1.74,"179,667",578,"33,417",408,1.42,0.41,0.01,0.00
0.65,458,313,1.46,"180,125",120,"33,730",95,1.26,0.44,0.00,0.00
0.7,102,78,1.31,"180,227",18,"33,808",17,1.06,0.49,0.00,0.00
0.75,17,17,1.00,"180,244",1,"33,825",0,inf,0.00,0.00,0.00
0.8,1,0,inf,"180,245",0,"33,825",0,nan,nan,0.00,0.00
0.85,0,0,nan,"180,245",0,"33,825",0,nan,nan,0.00,0.00
0.9,0,0,nan,"180,245",0,"33,825",0,nan,nan,0.00,0.00
0.95,0,0,nan,"180,245",0,"33,825",0,nan,nan,0.00,0.00
1.0,0,0,nan,"180,245",0,"33,825",0,nan,nan,0.00,0.00
