p,Neg,Pos,Neg/Pos,TN,FP,FN,TP,FP/TP,Prec.,Rec.,$\hat{p}$
0.0,0,0,nan,0,"420,570",0,"78,926",5.33,0.16,1.00,1.00
0.01,0,0,nan,0,"420,570",0,"78,926",5.33,0.16,1.00,1.00
0.02,0,0,nan,0,"420,570",0,"78,926",5.33,0.16,1.00,1.00
0.03,2,0,inf,2,"420,568",0,"78,926",5.33,0.16,1.00,1.00
0.04,3,0,inf,5,"420,565",0,"78,926",5.33,0.16,1.00,1.00
0.05,7,0,inf,12,"420,558",0,"78,926",5.33,0.16,1.00,1.00
0.06,12,0,inf,24,"420,546",0,"78,926",5.33,0.16,1.00,1.00
0.07,28,0,inf,52,"420,518",0,"78,926",5.33,0.16,1.00,1.00
0.08,34,0,inf,86,"420,484",0,"78,926",5.33,0.16,1.00,1.00
0.09,46,0,inf,132,"420,438",0,"78,926",5.33,0.16,1.00,1.00
0.1,54,0,inf,186,"420,384",0,"78,926",5.33,0.16,1.00,1.00
0.11,96,0,inf,282,"420,288",0,"78,926",5.33,0.16,1.00,1.00
0.12,159,0,inf,441,"420,129",0,"78,926",5.32,0.16,1.00,1.00
0.13,137,0,inf,578,"419,992",0,"78,926",5.32,0.16,1.00,1.00
0.14,232,1,232.00,810,"419,760",1,"78,925",5.32,0.16,1.00,1.00
0.15,307,2,153.50,"1,117","419,453",3,"78,923",5.31,0.16,1.00,1.00
0.16,414,5,82.80,"1,531","419,039",8,"78,918",5.31,0.16,1.00,1.00
0.17,609,6,101.50,"2,140","418,430",14,"78,912",5.30,0.16,1.00,1.00
0.18,781,15,52.07,"2,921","417,649",29,"78,897",5.29,0.16,1.00,0.99
0.19,"1,197",12,99.75,"4,118","416,452",41,"78,885",5.28,0.16,1.00,0.99
0.2,"1,384",24,57.67,"5,502","415,068",65,"78,861",5.26,0.16,1.00,0.99
0.21,"1,653",30,55.10,"7,155","413,415",95,"78,831",5.24,0.16,1.00,0.99
0.22,"2,049",42,48.79,"9,204","411,366",137,"78,789",5.22,0.16,1.00,0.98
0.23,"2,737",48,57.02,"11,941","408,629",185,"78,741",5.19,0.16,1.00,0.98
0.24,"3,257",63,51.70,"15,198","405,372",248,"78,678",5.15,0.16,1.00,0.97
0.25,"3,757",84,44.73,"18,955","401,615",332,"78,594",5.11,0.16,1.00,0.96
0.26,"4,534",151,30.03,"23,489","397,081",483,"78,443",5.06,0.16,0.99,0.95
0.27,"5,253",152,34.56,"28,742","391,828",635,"78,291",5.00,0.17,0.99,0.94
0.28,"5,877",173,33.97,"34,619","385,951",808,"78,118",4.94,0.17,0.99,0.93
0.29,"6,682",266,25.12,"41,301","379,269","1,074","77,852",4.87,0.17,0.99,0.92
0.3,"7,405",328,22.58,"48,706","371,864","1,402","77,524",4.80,0.17,0.98,0.90
0.31,"8,238",392,21.02,"56,944","363,626","1,794","77,132",4.71,0.17,0.98,0.88
0.32,"8,896",456,19.51,"65,840","354,730","2,250","76,676",4.63,0.18,0.97,0.86
0.33,"9,639",493,19.55,"75,479","345,091","2,743","76,183",4.53,0.18,0.97,0.84
0.34,"10,699",622,17.20,"86,178","334,392","3,365","75,561",4.43,0.18,0.96,0.82
0.35,"11,537",787,14.66,"97,715","322,855","4,152","74,774",4.32,0.19,0.95,0.80
0.36,"12,365",917,13.48,"110,080","310,490","5,069","73,857",4.20,0.19,0.94,0.77
0.37,"13,181","1,002",13.15,"123,261","297,309","6,071","72,855",4.08,0.20,0.92,0.74
0.38,"13,582","1,207",11.25,"136,843","283,727","7,278","71,648",3.96,0.20,0.91,0.71
0.39,"14,373","1,304",11.02,"151,216","269,354","8,582","70,344",3.83,0.21,0.89,0.68
0.4,"14,399","1,557",9.25,"165,615","254,955","10,139","68,787",3.71,0.21,0.87,0.65
0.41,"14,736","1,529",9.64,"180,351","240,219","11,668","67,258",3.57,0.22,0.85,0.62
0.42,"15,144","1,648",9.19,"195,495","225,075","13,316","65,610",3.43,0.23,0.83,0.58
0.43,"15,114","1,813",8.34,"210,609","209,961","15,129","63,797",3.29,0.23,0.81,0.55
0.44,"14,909","1,949",7.65,"225,518","195,052","17,078","61,848",3.15,0.24,0.78,0.51
0.45,"14,681","2,232",6.58,"240,199","180,371","19,310","59,616",3.03,0.25,0.76,0.48
0.46,"14,352","2,305",6.23,"254,551","166,019","21,615","57,311",2.90,0.26,0.73,0.45
0.47,"14,166","2,459",5.76,"268,717","151,853","24,074","54,852",2.77,0.27,0.69,0.41
0.48,"13,772","2,521",5.46,"282,489","138,081","26,595","52,331",2.64,0.27,0.66,0.38
0.49,"13,201","2,588",5.10,"295,690","124,880","29,183","49,743",2.51,0.28,0.63,0.35
0.5,"12,778","2,700",4.73,"308,468","112,102","31,883","47,043",2.38,0.30,0.60,0.32
0.51,"11,806","2,714",4.35,"320,274","100,296","34,597","44,329",2.26,0.31,0.56,0.29
0.52,"11,246","2,747",4.09,"331,520","89,050","37,344","41,582",2.14,0.32,0.53,0.26
0.53,"10,383","2,696",3.85,"341,903","78,667","40,040","38,886",2.02,0.33,0.49,0.24
0.54,"9,352","2,718",3.44,"351,255","69,315","42,758","36,168",1.92,0.34,0.46,0.21
0.55,"8,425","2,534",3.32,"359,680","60,890","45,292","33,634",1.81,0.36,0.43,0.19
0.56,"7,753","2,456",3.16,"367,433","53,137","47,748","31,178",1.70,0.37,0.40,0.17
0.57,"7,073","2,462",2.87,"374,506","46,064","50,210","28,716",1.60,0.38,0.36,0.15
0.58,"6,164","2,337",2.64,"380,670","39,900","52,547","26,379",1.51,0.40,0.33,0.13
0.59,"5,413","2,215",2.44,"386,083","34,487","54,762","24,164",1.43,0.41,0.31,0.12
0.6,"4,787","2,109",2.27,"390,870","29,700","56,871","22,055",1.35,0.43,0.28,0.10
0.61,"4,185","2,051",2.04,"395,055","25,515","58,922","20,004",1.28,0.44,0.25,0.09
0.62,"3,626","1,831",1.98,"398,681","21,889","60,753","18,173",1.20,0.45,0.23,0.08
0.63,"3,282","1,816",1.81,"401,963","18,607","62,569","16,357",1.14,0.47,0.21,0.07
0.64,"2,803","1,662",1.69,"404,766","15,804","64,231","14,695",1.08,0.48,0.19,0.06
0.65,"2,385","1,558",1.53,"407,151","13,419","65,789","13,137",1.02,0.49,0.17,0.05
0.66,"2,245","1,504",1.49,"409,396","11,174","67,293","11,633",0.96,0.51,0.15,0.05
0.67,"1,915","1,505",1.27,"411,311","9,259","68,798","10,128",0.91,0.52,0.13,0.04
0.68,"1,709","1,321",1.29,"413,020","7,550","70,119","8,807",0.86,0.54,0.11,0.03
0.69,"1,520","1,319",1.15,"414,540","6,030","71,438","7,488",0.81,0.55,0.09,0.03
0.7,"1,279","1,232",1.04,"415,819","4,751","72,670","6,256",0.76,0.57,0.08,0.02
0.71,"1,082","1,163",0.93,"416,901","3,669","73,833","5,093",0.72,0.58,0.06,0.02
0.72,909,955,0.95,"417,810","2,760","74,788","4,138",0.67,0.60,0.05,0.01
0.73,722,862,0.84,"418,532","2,038","75,650","3,276",0.62,0.62,0.04,0.01
0.74,573,715,0.80,"419,105","1,465","76,365","2,561",0.57,0.64,0.03,0.01
0.75,447,659,0.68,"419,552","1,018","77,024","1,902",0.54,0.65,0.02,0.01
0.76,291,500,0.58,"419,843",727,"77,524","1,402",0.52,0.66,0.02,0.00
0.77,236,393,0.60,"420,079",491,"77,917","1,009",0.49,0.67,0.01,0.00
0.78,171,315,0.54,"420,250",320,"78,232",694,0.46,0.68,0.01,0.00
0.79,116,237,0.49,"420,366",204,"78,469",457,0.45,0.69,0.01,0.00
0.8,93,153,0.61,"420,459",111,"78,622",304,0.37,0.73,0.00,0.00
0.81,42,105,0.40,"420,501",69,"78,727",199,0.35,0.74,0.00,0.00
0.82,34,65,0.52,"420,535",35,"78,792",134,0.26,0.79,0.00,0.00
0.83,12,48,0.25,"420,547",23,"78,840",86,0.27,0.79,0.00,0.00
0.84,10,29,0.34,"420,557",13,"78,869",57,0.23,0.81,0.00,0.00
0.85,6,14,0.43,"420,563",7,"78,883",43,0.16,0.86,0.00,0.00
0.86,2,8,0.25,"420,565",5,"78,891",35,0.14,0.88,0.00,0.00
0.87,1,13,0.08,"420,566",4,"78,904",22,0.18,0.85,0.00,0.00
0.88,0,9,0.00,"420,566",4,"78,913",13,0.31,0.76,0.00,0.00
0.89,1,5,0.20,"420,567",3,"78,918",8,0.38,0.73,0.00,0.00
0.9,2,3,0.67,"420,569",1,"78,921",5,0.20,0.83,0.00,0.00
0.91,1,2,0.50,"420,570",0,"78,923",3,0.00,1.00,0.00,0.00
0.92,0,3,0.00,"420,570",0,"78,926",0,nan,nan,0.00,0.00
0.93,0,0,nan,"420,570",0,"78,926",0,nan,nan,0.00,0.00
0.94,0,0,nan,"420,570",0,"78,926",0,nan,nan,0.00,0.00
0.95,0,0,nan,"420,570",0,"78,926",0,nan,nan,0.00,0.00
0.96,0,0,nan,"420,570",0,"78,926",0,nan,nan,0.00,0.00
0.97,0,0,nan,"420,570",0,"78,926",0,nan,nan,0.00,0.00
0.98,0,0,nan,"420,570",0,"78,926",0,nan,nan,0.00,0.00
0.99,0,0,nan,"420,570",0,"78,926",0,nan,nan,0.00,0.00
1.0,0,0,nan,"420,570",0,"78,926",0,nan,nan,0.00,0.00
