p,Neg,Pos,Neg/Pos,TN,FP,FN,TP,FP/TP,Prec.,Rec.,$\hat{p}$
0.0,0,0,nan,0,"180,245",0,"33,825",5.33,0.16,1.00,1.00
0.01,22,0,inf,22,"180,223",0,"33,825",5.33,0.16,1.00,1.00
0.02,25,0,inf,47,"180,198",0,"33,825",5.33,0.16,1.00,1.00
0.03,49,0,inf,96,"180,149",0,"33,825",5.33,0.16,1.00,1.00
0.04,74,0,inf,170,"180,075",0,"33,825",5.32,0.16,1.00,1.00
0.05,109,0,inf,279,"179,966",0,"33,825",5.32,0.16,1.00,1.00
0.06,159,1,159.00,438,"179,807",1,"33,824",5.32,0.16,1.00,1.00
0.07,237,2,118.50,675,"179,570",3,"33,822",5.31,0.16,1.00,1.00
0.08,343,1,343.00,"1,018","179,227",4,"33,821",5.30,0.16,1.00,1.00
0.09,495,4,123.75,"1,513","178,732",8,"33,817",5.29,0.16,1.00,0.99
0.1,609,4,152.25,"2,122","178,123",12,"33,813",5.27,0.16,1.00,0.99
0.11,815,8,101.88,"2,937","177,308",20,"33,805",5.25,0.16,1.00,0.99
0.12,919,5,183.80,"3,856","176,389",25,"33,800",5.22,0.16,1.00,0.98
0.13,"1,203",16,75.19,"5,059","175,186",41,"33,784",5.19,0.16,1.00,0.98
0.14,"1,367",21,65.10,"6,426","173,819",62,"33,763",5.15,0.16,1.00,0.97
0.15,"1,556",26,59.85,"7,982","172,263",88,"33,737",5.11,0.16,1.00,0.96
0.16,"1,779",17,104.65,"9,761","170,484",105,"33,720",5.06,0.17,1.00,0.95
0.17,"1,906",22,86.64,"11,667","168,578",127,"33,698",5.00,0.17,1.00,0.94
0.18,"2,144",56,38.29,"13,811","166,434",183,"33,642",4.95,0.17,0.99,0.93
0.19,"2,369",47,50.40,"16,180","164,065",230,"33,595",4.88,0.17,0.99,0.92
0.2,"2,598",59,44.03,"18,778","161,467",289,"33,536",4.81,0.17,0.99,0.91
0.21,"2,712",66,41.09,"21,490","158,755",355,"33,470",4.74,0.17,0.99,0.90
0.22,"3,038",77,39.45,"24,528","155,717",432,"33,393",4.66,0.18,0.99,0.88
0.23,"3,207",90,35.63,"27,735","152,510",522,"33,303",4.58,0.18,0.98,0.87
0.24,"3,197",112,28.54,"30,932","149,313",634,"33,191",4.50,0.18,0.98,0.85
0.25,"3,374",137,24.63,"34,306","145,939",771,"33,054",4.42,0.18,0.98,0.84
0.26,"3,465",128,27.07,"37,771","142,474",899,"32,926",4.33,0.19,0.97,0.82
0.27,"3,739",163,22.94,"41,510","138,735","1,062","32,763",4.23,0.19,0.97,0.80
0.28,"3,784",175,21.62,"45,294","134,951","1,237","32,588",4.14,0.19,0.96,0.78
0.29,"3,957",207,19.12,"49,251","130,994","1,444","32,381",4.05,0.20,0.96,0.76
0.3,"3,952",245,16.13,"53,203","127,042","1,689","32,136",3.95,0.20,0.95,0.74
0.31,"4,111",264,15.57,"57,314","122,931","1,953","31,872",3.86,0.21,0.94,0.72
0.32,"4,214",274,15.38,"61,528","118,717","2,227","31,598",3.76,0.21,0.93,0.70
0.33,"4,286",309,13.87,"65,814","114,431","2,536","31,289",3.66,0.21,0.93,0.68
0.34,"4,263",334,12.76,"70,077","110,168","2,870","30,955",3.56,0.22,0.92,0.66
0.35,"4,410",340,12.97,"74,487","105,758","3,210","30,615",3.45,0.22,0.91,0.64
0.36,"4,307",395,10.90,"78,794","101,451","3,605","30,220",3.36,0.23,0.89,0.62
0.37,"4,343",429,10.12,"83,137","97,108","4,034","29,791",3.26,0.23,0.88,0.59
0.38,"4,400",408,10.78,"87,537","92,708","4,442","29,383",3.16,0.24,0.87,0.57
0.39,"4,224",483,8.75,"91,761","88,484","4,925","28,900",3.06,0.25,0.85,0.55
0.4,"4,207",492,8.55,"95,968","84,277","5,417","28,408",2.97,0.25,0.84,0.53
0.41,"4,331",552,7.85,"100,299","79,946","5,969","27,856",2.87,0.26,0.82,0.50
0.42,"4,233",551,7.68,"104,532","75,713","6,520","27,305",2.77,0.27,0.81,0.48
0.43,"4,058",603,6.73,"108,590","71,655","7,123","26,702",2.68,0.27,0.79,0.46
0.44,"4,103",612,6.70,"112,693","67,552","7,735","26,090",2.59,0.28,0.77,0.44
0.45,"4,002",633,6.32,"116,695","63,550","8,368","25,457",2.50,0.29,0.75,0.42
0.46,"3,874",632,6.13,"120,569","59,676","9,000","24,825",2.40,0.29,0.73,0.39
0.47,"3,873",669,5.79,"124,442","55,803","9,669","24,156",2.31,0.30,0.71,0.37
0.48,"3,648",694,5.26,"128,090","52,155","10,363","23,462",2.22,0.31,0.69,0.35
0.49,"3,454",708,4.88,"131,544","48,701","11,071","22,754",2.14,0.32,0.67,0.33
0.5,"3,442",722,4.77,"134,986","45,259","11,793","22,032",2.05,0.33,0.65,0.31
0.51,"3,315",742,4.47,"138,301","41,944","12,535","21,290",1.97,0.34,0.63,0.30
0.52,"3,161",767,4.12,"141,462","38,783","13,302","20,523",1.89,0.35,0.61,0.28
0.53,"3,051",741,4.12,"144,513","35,732","14,043","19,782",1.81,0.36,0.58,0.26
0.54,"2,927",768,3.81,"147,440","32,805","14,811","19,014",1.73,0.37,0.56,0.24
0.55,"2,731",771,3.54,"150,171","30,074","15,582","18,243",1.65,0.38,0.54,0.23
0.56,"2,678",812,3.30,"152,849","27,396","16,394","17,431",1.57,0.39,0.52,0.21
0.57,"2,488",809,3.08,"155,337","24,908","17,203","16,622",1.50,0.40,0.49,0.19
0.58,"2,357",821,2.87,"157,694","22,551","18,024","15,801",1.43,0.41,0.47,0.18
0.59,"2,243",778,2.88,"159,937","20,308","18,802","15,023",1.35,0.43,0.44,0.17
0.6,"2,002",748,2.68,"161,939","18,306","19,550","14,275",1.28,0.44,0.42,0.15
0.61,"1,892",793,2.39,"163,831","16,414","20,343","13,482",1.22,0.45,0.40,0.14
0.62,"1,686",751,2.25,"165,517","14,728","21,094","12,731",1.16,0.46,0.38,0.13
0.63,"1,545",763,2.02,"167,062","13,183","21,857","11,968",1.10,0.48,0.35,0.12
0.64,"1,466",678,2.16,"168,528","11,717","22,535","11,290",1.04,0.49,0.33,0.11
0.65,"1,316",736,1.79,"169,844","10,401","23,271","10,554",0.99,0.50,0.31,0.10
0.66,"1,200",701,1.71,"171,044","9,201","23,972","9,853",0.93,0.52,0.29,0.09
0.67,"1,023",675,1.52,"172,067","8,178","24,647","9,178",0.89,0.53,0.27,0.08
0.68,994,647,1.54,"173,061","7,184","25,294","8,531",0.84,0.54,0.25,0.07
0.69,917,605,1.52,"173,978","6,267","25,899","7,926",0.79,0.56,0.23,0.07
0.7,827,649,1.27,"174,805","5,440","26,548","7,277",0.75,0.57,0.22,0.06
0.71,721,600,1.20,"175,526","4,719","27,148","6,677",0.71,0.59,0.20,0.05
0.72,660,549,1.20,"176,186","4,059","27,697","6,128",0.66,0.60,0.18,0.05
0.73,581,573,1.01,"176,767","3,478","28,270","5,555",0.63,0.61,0.16,0.04
0.74,508,508,1.00,"177,275","2,970","28,778","5,047",0.59,0.63,0.15,0.04
0.75,447,479,0.93,"177,722","2,523","29,257","4,568",0.55,0.64,0.14,0.03
0.76,362,427,0.85,"178,084","2,161","29,684","4,141",0.52,0.66,0.12,0.03
0.77,314,426,0.74,"178,398","1,847","30,110","3,715",0.50,0.67,0.11,0.03
0.78,293,393,0.75,"178,691","1,554","30,503","3,322",0.47,0.68,0.10,0.02
0.79,259,344,0.75,"178,950","1,295","30,847","2,978",0.43,0.70,0.09,0.02
0.8,203,320,0.63,"179,153","1,092","31,167","2,658",0.41,0.71,0.08,0.02
0.81,197,324,0.61,"179,350",895,"31,491","2,334",0.38,0.72,0.07,0.02
0.82,169,308,0.55,"179,519",726,"31,799","2,026",0.36,0.74,0.06,0.01
0.83,142,283,0.50,"179,661",584,"32,082","1,743",0.34,0.75,0.05,0.01
0.84,126,304,0.41,"179,787",458,"32,386","1,439",0.32,0.76,0.04,0.01
0.85,92,282,0.33,"179,879",366,"32,668","1,157",0.32,0.76,0.03,0.01
0.86,111,257,0.43,"179,990",255,"32,925",900,0.28,0.78,0.03,0.01
0.87,70,209,0.33,"180,060",185,"33,134",691,0.27,0.79,0.02,0.00
0.88,75,211,0.36,"180,135",110,"33,345",480,0.23,0.81,0.01,0.00
0.89,43,180,0.24,"180,178",67,"33,525",300,0.22,0.82,0.01,0.00
0.9,28,121,0.23,"180,206",39,"33,646",179,0.22,0.82,0.01,0.00
0.91,15,84,0.18,"180,221",24,"33,730",95,0.25,0.80,0.00,0.00
0.92,13,55,0.24,"180,234",11,"33,785",40,0.28,0.78,0.00,0.00
0.93,8,30,0.27,"180,242",3,"33,815",10,0.30,0.77,0.00,0.00
0.94,2,7,0.29,"180,244",1,"33,822",3,0.33,0.75,0.00,0.00
0.95,1,3,0.33,"180,245",0,"33,825",0,nan,nan,0.00,0.00
0.96,0,0,nan,"180,245",0,"33,825",0,nan,nan,0.00,0.00
0.97,0,0,nan,"180,245",0,"33,825",0,nan,nan,0.00,0.00
0.98,0,0,nan,"180,245",0,"33,825",0,nan,nan,0.00,0.00
0.99,0,0,nan,"180,245",0,"33,825",0,nan,nan,0.00,0.00
1.0,0,0,nan,"180,245",0,"33,825",0,nan,nan,0.00,0.00
