p,Neg,Pos,mPrec,TN,FP,FN,TP,Prec,Rec,$\hat{p}$
0.0,565,6,0.01,565,"420,005",6,"78,920",0.16,1.00,1.00
0.05,"32,294",946,0.03,"32,859","387,711",952,"77,974",0.17,0.99,0.93
0.1,"61,529","3,381",0.05,"94,388","326,182","4,333","74,593",0.19,0.95,0.80
0.15,"70,579","6,108",0.08,"164,967","255,603","10,441","68,485",0.21,0.87,0.65
0.2,"62,695","7,476",0.11,"227,662","192,908","17,917","61,009",0.24,0.77,0.51
0.25,"49,143","7,691",0.14,"276,805","143,765","25,608","53,318",0.27,0.68,0.39
0.3,"37,544","7,676",0.17,"314,349","106,221","33,284","45,642",0.30,0.58,0.30
0.35,"28,120","6,916",0.20,"342,469","78,101","40,200","38,726",0.33,0.49,0.23
0.4,"20,574","5,954",0.22,"363,043","57,527","46,154","32,772",0.36,0.42,0.18
0.45,"15,328","5,255",0.26,"378,371","42,199","51,409","27,517",0.39,0.35,0.14
0.5,"10,998","4,462",0.29,"389,369","31,201","55,871","23,055",0.42,0.29,0.11
0.55,"8,095","3,826",0.32,"397,464","23,106","59,697","19,229",0.45,0.24,0.08
0.6,"6,121","3,241",0.35,"403,585","16,985","62,938","15,988",0.48,0.20,0.07
0.65,"4,356","2,871",0.40,"407,941","12,629","65,809","13,117",0.51,0.17,0.05
0.7,"3,482","2,407",0.41,"411,423","9,147","68,216","10,710",0.54,0.14,0.04
0.75,"2,594","2,190",0.46,"414,017","6,553","70,406","8,520",0.57,0.11,0.03
0.8,"2,065","1,942",0.48,"416,082","4,488","72,348","6,578",0.59,0.08,0.02
0.85,"1,518","1,691",0.53,"417,600","2,970","74,039","4,887",0.62,0.06,0.02
0.9,"1,036","1,339",0.56,"418,636","1,934","75,378","3,548",0.65,0.04,0.01
0.95,725,"1,138",0.61,"419,361","1,209","76,516","2,410",0.67,0.03,0.01
1.0,"1,209","2,410",0.67,"420,570",0,"78,926",0,nan,0.00,0.00
