p,Neg,Pos,mPrec,TN,FP,FN,TP,Prec,Rec,FP/P,$\hat{p}$
0.0,"15,021",156,0.01,"15,021","585,794",156,"112,595",0.16,1.00,5.195466115599862,0.98
0.01,"29,170",449,0.02,"44,191","556,624",605,"112,146",0.17,0.99,4.936754441202296,0.94
0.02,"32,965",819,0.02,"77,156","523,659","1,424","111,327",0.18,0.99,4.644384528740321,0.89
0.03,"33,152","1,110",0.03,"110,308","490,507","2,534","110,217",0.18,0.98,4.35035609440271,0.84
0.04,"31,971","1,367",0.04,"142,279","458,536","3,901","108,850",0.19,0.97,4.066802068274339,0.80
0.05,"30,063","1,458",0.05,"172,342","428,473","5,359","107,392",0.20,0.95,3.8001702867380334,0.75
0.06,"28,303","1,809",0.06,"200,645","400,170","7,168","105,583",0.21,0.94,3.549148122854786,0.71
0.07,"26,476","1,927",0.07,"227,121","373,694","9,095","103,656",0.22,0.92,3.3143298063875264,0.67
0.08,"24,754","2,000",0.07,"251,875","348,940","11,095","101,656",0.23,0.90,3.094784081737634,0.63
0.09,"23,211","2,048",0.08,"275,086","325,729","13,143","99,608",0.23,0.88,2.888923379836986,0.60
0.1,"21,348","2,170",0.09,"296,434","304,381","15,313","97,438",0.24,0.86,2.6995858129861374,0.56
0.11,"19,467","2,126",0.10,"315,901","284,914","17,439","95,312",0.25,0.85,2.5269310250019954,0.53
0.12,"18,281","2,179",0.11,"334,182","266,633","19,618","93,133",0.26,0.83,2.3647949907317893,0.50
0.13,"17,215","2,230",0.11,"351,397","249,418","21,848","90,903",0.27,0.81,2.212113418062811,0.48
0.14,"15,761","2,162",0.12,"367,158","233,657","24,010","88,741",0.28,0.79,2.0723275181594842,0.45
0.15,"14,967","2,231",0.13,"382,125","218,690","26,241","86,510",0.28,0.77,1.939583684401912,0.43
0.16,"13,548","2,176",0.14,"395,673","205,142","28,417","84,334",0.29,0.75,1.8194251048771186,0.41
0.17,"12,664","2,190",0.15,"408,337","192,478","30,607","82,144",0.30,0.73,1.7071068105826113,0.38
0.18,"11,808","2,140",0.15,"420,145","180,670","32,747","80,004",0.31,0.71,1.6023804666920913,0.37
0.19,"10,941","2,075",0.16,"431,086","169,729","34,822","77,929",0.31,0.69,1.5053436333158907,0.35
0.2,"10,259","2,081",0.17,"441,345","159,470","36,903","75,848",0.32,0.67,1.4143555267802503,0.33
0.21,"9,532","2,059",0.18,"450,877","149,938","38,962","73,789",0.33,0.65,1.3298152566274357,0.31
0.22,"9,169","2,101",0.19,"460,046","140,769","41,063","71,688",0.34,0.64,1.2484944701155645,0.30
0.23,"8,448","2,045",0.19,"468,494","132,321","43,108","69,643",0.34,0.62,1.1735683053808836,0.28
0.24,"7,995","1,952",0.20,"476,489","124,326","45,060","67,691",0.35,0.60,1.1026598433716774,0.27
0.25,"7,494","2,013",0.21,"483,983","116,832","47,073","65,678",0.36,0.58,1.0361948009330295,0.26
0.26,"7,073","1,864",0.21,"491,056","109,759","48,937","63,814",0.37,0.57,0.9734636499898005,0.24
0.27,"6,536","1,894",0.22,"497,592","103,223","50,831","61,920",0.37,0.55,0.9154952062509424,0.23
0.28,"6,169","1,800",0.23,"503,761","97,054","52,631","60,120",0.38,0.53,0.8607817225567844,0.22
0.29,"5,773","1,794",0.24,"509,534","91,281","54,425","58,326",0.39,0.52,0.8095804028345647,0.21
0.3,"5,394","1,748",0.24,"514,928","85,887","56,173","56,578",0.40,0.50,0.761740472368316,0.20
0.31,"5,058","1,681",0.25,"519,986","80,829","57,854","54,897",0.40,0.49,0.7168805598176513,0.19
0.32,"4,905","1,639",0.25,"524,891","75,924","59,493","53,258",0.41,0.47,0.6733776197106899,0.18
0.33,"4,524","1,613",0.26,"529,415","71,400","61,106","51,645",0.42,0.46,0.6332538070615782,0.17
0.34,"4,289","1,568",0.27,"533,704","67,111","62,674","50,077",0.43,0.44,0.5952142331331873,0.16
0.35,"3,929","1,518",0.28,"537,633","63,182","64,192","48,559",0.43,0.43,0.5603675355429221,0.16
0.36,"3,668","1,488",0.29,"541,301","59,514","65,680","47,071",0.44,0.42,0.5278356732977978,0.15
0.37,"3,482","1,468",0.30,"544,783","56,032","67,148","45,603",0.45,0.40,0.4969534638273718,0.14
0.38,"3,277","1,351",0.29,"548,060","52,755","68,499","44,252",0.46,0.39,0.4678894200494896,0.14
0.39,"3,058","1,475",0.33,"551,118","49,697","69,974","42,777",0.46,0.38,0.4407677093773004,0.13
0.4,"2,780","1,321",0.32,"553,898","46,917","71,295","41,456",0.47,0.37,0.4161116087662194,0.12
0.41,"2,633","1,256",0.32,"556,531","44,284","72,551","40,200",0.48,0.36,0.39275926599320626,0.12
0.42,"2,591","1,246",0.32,"559,122","41,693","73,797","38,954",0.48,0.35,0.36977942545964115,0.11
0.43,"2,273","1,153",0.34,"561,395","39,420","74,950","37,801",0.49,0.34,0.3496199590247537,0.11
0.44,"2,273","1,241",0.35,"563,668","37,147","76,191","36,560",0.50,0.32,0.32946049258986615,0.10
0.45,"2,113","1,137",0.35,"565,781","35,034","77,328","35,423",0.50,0.31,0.3107200823052567,0.10
0.46,"1,897","1,152",0.38,"567,678","33,137","78,480","34,271",0.51,0.30,0.29389539782352264,0.09
0.47,"1,934","1,048",0.35,"569,612","31,203","79,528","33,223",0.52,0.29,0.2767425566070367,0.09
0.48,"1,740","1,055",0.38,"571,352","29,463","80,583","32,168",0.52,0.29,0.26131032097276297,0.09
0.49,"1,632","1,028",0.39,"572,984","27,831","81,611","31,140",0.53,0.28,0.2468359482399269,0.08
0.5,"1,574",992,0.39,"574,558","26,257","82,603","30,148",0.53,0.27,0.23287598336156665,0.08
0.51,"1,462",978,0.40,"576,020","24,795","83,581","29,170",0.54,0.26,0.21990935778840098,0.08
0.52,"1,456",898,0.38,"577,476","23,339","84,479","28,272",0.55,0.25,0.20699594682087077,0.07
0.53,"1,369",962,0.41,"578,845","21,970","85,441","27,310",0.55,0.24,0.19485414763505424,0.07
0.54,"1,212",855,0.41,"580,057","20,758","86,296","26,455",0.56,0.23,0.18410479729669804,0.07
0.55,"1,161",856,0.42,"581,218","19,597","87,152","25,599",0.57,0.23,0.17380777110624296,0.06
0.56,"1,123",827,0.42,"582,341","18,474","87,979","24,772",0.57,0.22,0.1638477707514789,0.06
0.57,993,872,0.47,"583,334","17,481","88,851","23,900",0.58,0.21,0.1550407535188158,0.06
0.58,963,742,0.44,"584,297","16,518","89,593","23,158",0.58,0.21,0.1464998093143298,0.06
0.59,885,742,0.46,"585,182","15,633","90,335","22,416",0.59,0.20,0.13865065498310436,0.05
0.6,936,794,0.46,"586,118","14,697","91,129","21,622",0.60,0.19,0.1303491765039778,0.05
0.61,793,711,0.47,"586,911","13,904","91,840","20,911",0.60,0.19,0.12331597945916223,0.05
0.62,803,710,0.47,"587,714","13,101","92,550","20,201",0.61,0.18,0.11619409140495428,0.05
0.63,725,675,0.48,"588,439","12,376","93,225","19,526",0.61,0.17,0.10976399322400689,0.04
0.64,722,666,0.48,"589,161","11,654","93,891","18,860",0.62,0.17,0.1033605023458772,0.04
0.65,652,588,0.47,"589,813","11,002","94,479","18,272",0.62,0.16,0.09757784853349416,0.04
0.66,612,593,0.49,"590,425","10,390","95,072","17,679",0.63,0.16,0.09214995875868064,0.04
0.67,620,610,0.50,"591,045","9,770","95,682","17,069",0.64,0.15,0.0866511161763532,0.04
0.68,570,614,0.52,"591,615","9,200","96,296","16,455",0.64,0.15,0.08159572864098766,0.04
0.69,508,572,0.53,"592,123","8,692","96,868","15,883",0.65,0.14,0.07709022536385486,0.03
0.7,455,522,0.53,"592,578","8,237","97,390","15,361",0.65,0.14,0.07305478443650167,0.03
0.71,492,513,0.51,"593,070","7,745","97,903","14,848",0.66,0.13,0.06869118677439667,0.03
0.72,421,541,0.56,"593,491","7,324","98,444","14,307",0.66,0.13,0.06495729527897758,0.03
0.73,451,524,0.54,"593,942","6,873","98,968","13,783",0.67,0.12,0.060957330755381324,0.03
0.74,401,507,0.56,"594,343","6,472","99,475","13,276",0.67,0.12,0.057400821278746975,0.03
0.75,348,462,0.57,"594,691","6,124","99,937","12,814",0.68,0.11,0.05431437415189222,0.03
0.76,381,509,0.57,"595,072","5,743","100,446","12,305",0.68,0.11,0.050935246694042625,0.03
0.77,352,481,0.58,"595,424","5,391","100,927","11,824",0.69,0.10,0.047813323163430926,0.02
0.78,333,483,0.59,"595,757","5,058","101,410","11,341",0.69,0.10,0.04485991255066474,0.02
0.79,313,500,0.62,"596,070","4,745","101,910","10,841",0.70,0.10,0.04208388395668331,0.02
0.8,295,478,0.62,"596,365","4,450","102,388","10,363",0.70,0.09,0.039467499179608165,0.02
0.81,285,455,0.61,"596,650","4,165","102,843","9,908",0.70,0.09,0.036939805411925396,0.02
0.82,254,386,0.60,"596,904","3,911","103,229","9,522",0.71,0.08,0.034687053773359,0.02
0.83,240,461,0.66,"597,144","3,671","103,690","9,061",0.71,0.08,0.03255846954794193,0.02
0.84,236,428,0.64,"597,380","3,435","104,118","8,633",0.72,0.08,0.030465361726281805,0.02
0.85,233,396,0.63,"597,613","3,202","104,514","8,237",0.72,0.07,0.028398861207439403,0.02
0.86,218,407,0.65,"597,831","2,984","104,921","7,830",0.72,0.07,0.026465397202685564,0.02
0.87,212,432,0.67,"598,043","2,772","105,353","7,398",0.73,0.07,0.024585147803567152,0.01
0.88,203,369,0.65,"598,246","2,569","105,722","7,029",0.73,0.06,0.022784720312901883,0.01
0.89,173,399,0.70,"598,419","2,396","106,121","6,630",0.73,0.06,0.021250365850413743,0.01
0.9,185,362,0.66,"598,604","2,211","106,483","6,268",0.74,0.06,0.019609582176654754,0.01
0.91,164,377,0.70,"598,768","2,047","106,860","5,891",0.74,0.05,0.018155049622619754,0.01
0.92,157,384,0.71,"598,925","1,890","107,244","5,507",0.74,0.05,0.016762600775159422,0.01
0.93,177,365,0.67,"599,102","1,713","107,609","5,142",0.75,0.05,0.015192769908914333,0.01
0.94,147,390,0.73,"599,249","1,566","107,999","4,752",0.75,0.04,0.013889012070846378,0.01
0.95,131,352,0.73,"599,380","1,435","108,351","4,400",0.75,0.04,0.012727159847806228,0.01
0.96,130,329,0.72,"599,510","1,305","108,680","4,071",0.76,0.04,0.011574176725705316,0.01
0.97,160,296,0.65,"599,670","1,145","108,976","3,775",0.77,0.03,0.010155120575427268,0.01
0.98,106,318,0.75,"599,776","1,039","109,294","3,457",0.77,0.03,0.009214995875868064,0.01
0.99,118,317,0.73,"599,894",921,"109,611","3,140",0.77,0.03,0.008168441965038005,0.01
1.0,921,"3,140",0.77,"600,815",0,"112,751",0,nan,0.00,0.0,0.00
