p,Neg,Pos,mPrec,TN,FP,FN,TP,Prec,Rec,$\hat{p}$
0.0,"4,206",61,0.01,"4,206","416,364",61,"78,865",0.16,1.00,0.99
0.01,"6,476",127,0.02,"10,682","409,888",188,"78,738",0.16,1.00,0.98
0.02,"9,534",292,0.03,"20,216","400,354",480,"78,446",0.16,0.99,0.96
0.03,"11,750",416,0.03,"31,966","388,604",896,"78,030",0.17,0.99,0.93
0.04,"13,094",507,0.04,"45,060","375,510","1,403","77,523",0.17,0.98,0.91
0.05,"14,088",694,0.05,"59,148","361,422","2,097","76,829",0.18,0.97,0.88
0.06,"15,093",891,0.06,"74,241","346,329","2,988","75,938",0.18,0.96,0.85
0.07,"15,956","1,035",0.06,"90,197","330,373","4,023","74,903",0.18,0.95,0.81
0.08,"16,474","1,215",0.07,"106,671","313,899","5,238","73,688",0.19,0.93,0.78
0.09,"16,709","1,340",0.07,"123,380","297,190","6,578","72,348",0.20,0.92,0.74
0.1,"16,787","1,457",0.08,"140,167","280,403","8,035","70,891",0.20,0.90,0.70
0.11,"16,609","1,580",0.09,"156,776","263,794","9,615","69,311",0.21,0.88,0.67
0.12,"16,107","1,687",0.09,"172,883","247,687","11,302","67,624",0.21,0.86,0.63
0.13,"15,565","1,796",0.10,"188,448","232,122","13,098","65,828",0.22,0.83,0.60
0.14,"14,966","1,763",0.11,"203,414","217,156","14,861","64,065",0.23,0.81,0.56
0.15,"14,222","1,784",0.11,"217,636","202,934","16,645","62,281",0.23,0.79,0.53
0.16,"13,653","1,829",0.12,"231,289","189,281","18,474","60,452",0.24,0.77,0.50
0.17,"12,546","1,860",0.13,"243,835","176,735","20,334","58,592",0.25,0.74,0.47
0.18,"11,611","1,809",0.13,"255,446","165,124","22,143","56,783",0.26,0.72,0.44
0.19,"10,902","1,801",0.14,"266,348","154,222","23,944","54,982",0.26,0.70,0.42
0.2,"10,398","1,804",0.15,"276,746","143,824","25,748","53,178",0.27,0.67,0.39
0.21,"9,549","1,755",0.16,"286,295","134,275","27,503","51,423",0.28,0.65,0.37
0.22,"9,129","1,780",0.16,"295,424","125,146","29,283","49,643",0.28,0.63,0.35
0.23,"8,261","1,741",0.17,"303,685","116,885","31,024","47,902",0.29,0.61,0.33
0.24,"7,671","1,653",0.18,"311,356","109,214","32,677","46,249",0.30,0.59,0.31
0.25,"7,117","1,521",0.18,"318,473","102,097","34,198","44,728",0.30,0.57,0.29
0.26,"6,770","1,578",0.19,"325,243","95,327","35,776","43,150",0.31,0.55,0.28
0.27,"6,091","1,387",0.19,"331,334","89,236","37,163","41,763",0.32,0.53,0.26
0.28,"5,770","1,456",0.20,"337,104","83,466","38,619","40,307",0.33,0.51,0.25
0.29,"5,627","1,436",0.20,"342,731","77,839","40,055","38,871",0.33,0.49,0.23
0.3,"5,109","1,424",0.22,"347,840","72,730","41,479","37,447",0.34,0.47,0.22
0.31,"4,766","1,343",0.22,"352,606","67,964","42,822","36,104",0.35,0.46,0.21
0.32,"4,447","1,326",0.23,"357,053","63,517","44,148","34,778",0.35,0.44,0.20
0.33,"4,077","1,204",0.23,"361,130","59,440","45,352","33,574",0.36,0.43,0.19
0.34,"3,689","1,208",0.25,"364,819","55,751","46,560","32,366",0.37,0.41,0.18
0.35,"3,548","1,116",0.24,"368,367","52,203","47,676","31,250",0.37,0.40,0.17
0.36,"3,300","1,126",0.25,"371,667","48,903","48,802","30,124",0.38,0.38,0.16
0.37,"3,045","1,082",0.26,"374,712","45,858","49,884","29,042",0.39,0.37,0.15
0.38,"2,843","1,042",0.27,"377,555","43,015","50,926","28,000",0.39,0.35,0.14
0.39,"2,596","1,023",0.28,"380,151","40,419","51,949","26,977",0.40,0.34,0.13
0.4,"2,397",934,0.28,"382,548","38,022","52,883","26,043",0.41,0.33,0.13
0.41,"2,358",910,0.28,"384,906","35,664","53,793","25,133",0.41,0.32,0.12
0.42,"2,116",930,0.31,"387,022","33,548","54,723","24,203",0.42,0.31,0.12
0.43,"1,970",825,0.30,"388,992","31,578","55,548","23,378",0.43,0.30,0.11
0.44,"1,898",877,0.32,"390,890","29,680","56,425","22,501",0.43,0.29,0.10
0.45,"1,595",826,0.34,"392,485","28,085","57,251","21,675",0.44,0.27,0.10
0.46,"1,699",761,0.31,"394,184","26,386","58,012","20,914",0.44,0.26,0.09
0.47,"1,502",721,0.32,"395,686","24,884","58,733","20,193",0.45,0.26,0.09
0.48,"1,473",725,0.33,"397,159","23,411","59,458","19,468",0.45,0.25,0.09
0.49,"1,369",667,0.33,"398,528","22,042","60,125","18,801",0.46,0.24,0.08
0.5,"1,221",658,0.35,"399,749","20,821","60,783","18,143",0.47,0.23,0.08
0.51,"1,212",647,0.35,"400,961","19,609","61,430","17,496",0.47,0.22,0.07
0.52,"1,146",638,0.36,"402,107","18,463","62,068","16,858",0.48,0.21,0.07
0.53,989,631,0.39,"403,096","17,474","62,699","16,227",0.48,0.21,0.07
0.54,996,593,0.37,"404,092","16,478","63,292","15,634",0.49,0.20,0.06
0.55,961,568,0.37,"405,053","15,517","63,860","15,066",0.49,0.19,0.06
0.56,847,575,0.40,"405,900","14,670","64,435","14,491",0.50,0.18,0.06
0.57,858,549,0.39,"406,758","13,812","64,984","13,942",0.50,0.18,0.06
0.58,789,509,0.39,"407,547","13,023","65,493","13,433",0.51,0.17,0.05
0.59,785,532,0.40,"408,332","12,238","66,025","12,901",0.51,0.16,0.05
0.6,821,510,0.38,"409,153","11,417","66,535","12,391",0.52,0.16,0.05
0.61,650,499,0.43,"409,803","10,767","67,034","11,892",0.52,0.15,0.05
0.62,644,473,0.42,"410,447","10,123","67,507","11,419",0.53,0.14,0.04
0.63,599,491,0.45,"411,046","9,524","67,998","10,928",0.53,0.14,0.04
0.64,637,444,0.41,"411,683","8,887","68,442","10,484",0.54,0.13,0.04
0.65,574,480,0.46,"412,257","8,313","68,922","10,004",0.55,0.13,0.04
0.66,556,465,0.46,"412,813","7,757","69,387","9,539",0.55,0.12,0.03
0.67,473,445,0.48,"413,286","7,284","69,832","9,094",0.56,0.12,0.03
0.68,477,420,0.47,"413,763","6,807","70,252","8,674",0.56,0.11,0.03
0.69,441,437,0.50,"414,204","6,366","70,689","8,237",0.56,0.10,0.03
0.7,409,438,0.52,"414,613","5,957","71,127","7,799",0.57,0.10,0.03
0.71,410,386,0.48,"415,023","5,547","71,513","7,413",0.57,0.09,0.03
0.72,384,377,0.50,"415,407","5,163","71,890","7,036",0.58,0.09,0.02
0.73,341,347,0.50,"415,748","4,822","72,237","6,689",0.58,0.08,0.02
0.74,323,332,0.51,"416,071","4,499","72,569","6,357",0.59,0.08,0.02
0.75,360,301,0.46,"416,431","4,139","72,870","6,056",0.59,0.08,0.02
0.76,324,333,0.51,"416,755","3,815","73,203","5,723",0.60,0.07,0.02
0.77,272,335,0.55,"417,027","3,543","73,538","5,388",0.60,0.07,0.02
0.78,256,340,0.57,"417,283","3,287","73,878","5,048",0.61,0.06,0.02
0.79,268,294,0.52,"417,551","3,019","74,172","4,754",0.61,0.06,0.02
0.8,268,284,0.51,"417,819","2,751","74,456","4,470",0.62,0.06,0.01
0.81,225,265,0.54,"418,044","2,526","74,721","4,205",0.62,0.05,0.01
0.82,190,280,0.60,"418,234","2,336","75,001","3,925",0.63,0.05,0.01
0.83,218,256,0.54,"418,452","2,118","75,257","3,669",0.63,0.05,0.01
0.84,193,228,0.54,"418,645","1,925","75,485","3,441",0.64,0.04,0.01
0.85,180,221,0.55,"418,825","1,745","75,706","3,220",0.65,0.04,0.01
0.86,142,257,0.64,"418,967","1,603","75,963","2,963",0.65,0.04,0.01
0.87,137,224,0.62,"419,104","1,466","76,187","2,739",0.65,0.03,0.01
0.88,152,188,0.55,"419,256","1,314","76,375","2,551",0.66,0.03,0.01
0.89,131,194,0.60,"419,387","1,183","76,569","2,357",0.67,0.03,0.01
0.9,118,208,0.64,"419,505","1,065","76,777","2,149",0.67,0.03,0.01
0.91,141,175,0.55,"419,646",924,"76,952","1,974",0.68,0.03,0.01
0.92,105,187,0.64,"419,751",819,"77,139","1,787",0.69,0.02,0.01
0.93,102,165,0.62,"419,853",717,"77,304","1,622",0.69,0.02,0.00
0.94,75,149,0.67,"419,928",642,"77,453","1,473",0.70,0.02,0.00
0.95,86,145,0.63,"420,014",556,"77,598","1,328",0.70,0.02,0.00
0.96,62,131,0.68,"420,076",494,"77,729","1,197",0.71,0.02,0.00
0.97,60,109,0.64,"420,136",434,"77,838","1,088",0.71,0.01,0.00
0.98,58,91,0.61,"420,194",376,"77,929",997,0.73,0.01,0.00
0.99,40,105,0.72,"420,234",336,"78,034",892,0.73,0.01,0.00
1.0,336,892,0.73,"420,570",0,"78,926",0,nan,0.00,0.00
