p,Neg,Pos,Neg/Pos,TN,FP,FN,TP,FP/TP,Prec.,Rec.,$\hat{p}$
0.0,0,0,nan,0,"420,570",0,"78,926",5.33,0.16,1.00,1.00
0.01,"2,467",6,411.17,"2,467","418,103",6,"78,920",5.30,0.16,1.00,1.00
0.02,"4,745",17,279.12,"7,212","413,358",23,"78,903",5.24,0.16,1.00,0.99
0.03,"6,308",38,166.00,"13,520","407,050",61,"78,865",5.16,0.16,1.00,0.97
0.04,"7,155",59,121.27,"20,675","399,895",120,"78,806",5.07,0.16,1.00,0.96
0.05,"7,709",83,92.88,"28,384","392,186",203,"78,723",4.98,0.17,1.00,0.94
0.06,"8,107",128,63.34,"36,491","384,079",331,"78,595",4.89,0.17,1.00,0.93
0.07,"8,183",121,67.63,"44,674","375,896",452,"78,474",4.79,0.17,0.99,0.91
0.08,"8,491",142,59.80,"53,165","367,405",594,"78,332",4.69,0.18,0.99,0.89
0.09,"8,295",160,51.84,"61,460","359,110",754,"78,172",4.59,0.18,0.99,0.88
0.1,"8,365",217,38.55,"69,825","350,745",971,"77,955",4.50,0.18,0.99,0.86
0.11,"8,239",212,38.86,"78,064","342,506","1,183","77,743",4.41,0.18,0.99,0.84
0.12,"8,369",242,34.58,"86,433","334,137","1,425","77,501",4.31,0.19,0.98,0.82
0.13,"8,393",275,30.52,"94,826","325,744","1,700","77,226",4.22,0.19,0.98,0.81
0.14,"8,153",293,27.83,"102,979","317,591","1,993","76,933",4.13,0.20,0.97,0.79
0.15,"8,079",309,26.15,"111,058","309,512","2,302","76,624",4.04,0.20,0.97,0.77
0.16,"8,214",340,24.16,"119,272","301,298","2,642","76,284",3.95,0.20,0.97,0.76
0.17,"7,868",346,22.74,"127,140","293,430","2,988","75,938",3.86,0.21,0.96,0.74
0.18,"7,780",387,20.10,"134,920","285,650","3,375","75,551",3.78,0.21,0.96,0.72
0.19,"7,800",420,18.57,"142,720","277,850","3,795","75,131",3.70,0.21,0.95,0.71
0.2,"7,620",438,17.40,"150,340","270,230","4,233","74,693",3.62,0.22,0.95,0.69
0.21,"7,440",380,19.58,"157,780","262,790","4,613","74,313",3.54,0.22,0.94,0.67
0.22,"7,443",446,16.69,"165,223","255,347","5,059","73,867",3.46,0.22,0.94,0.66
0.23,"7,480",513,14.58,"172,703","247,867","5,572","73,354",3.38,0.23,0.93,0.64
0.24,"7,140",535,13.35,"179,843","240,727","6,107","72,819",3.31,0.23,0.92,0.63
0.25,"6,996",572,12.23,"186,839","233,731","6,679","72,247",3.24,0.24,0.92,0.61
0.26,"7,039",586,12.01,"193,878","226,692","7,265","71,661",3.16,0.24,0.91,0.60
0.27,"6,789",576,11.79,"200,667","219,903","7,841","71,085",3.09,0.24,0.90,0.58
0.28,"6,741",608,11.09,"207,408","213,162","8,449","70,477",3.02,0.25,0.89,0.57
0.29,"6,489",634,10.24,"213,897","206,673","9,083","69,843",2.96,0.25,0.88,0.55
0.3,"6,691",620,10.79,"220,588","199,982","9,703","69,223",2.89,0.26,0.88,0.54
0.31,"6,396",700,9.14,"226,984","193,586","10,403","68,523",2.83,0.26,0.87,0.52
0.32,"6,305",693,9.10,"233,289","187,281","11,096","67,830",2.76,0.27,0.86,0.51
0.33,"6,083",697,8.73,"239,372","181,198","11,793","67,133",2.70,0.27,0.85,0.50
0.34,"6,213",783,7.93,"245,585","174,985","12,576","66,350",2.64,0.27,0.84,0.48
0.35,"5,926",757,7.83,"251,511","169,059","13,333","65,593",2.58,0.28,0.83,0.47
0.36,"5,680",728,7.80,"257,191","163,379","14,061","64,865",2.52,0.28,0.82,0.46
0.37,"5,669",817,6.94,"262,860","157,710","14,878","64,048",2.46,0.29,0.81,0.44
0.38,"5,444",814,6.69,"268,304","152,266","15,692","63,234",2.41,0.29,0.80,0.43
0.39,"5,563",822,6.77,"273,867","146,703","16,514","62,412",2.35,0.30,0.79,0.42
0.4,"5,290",834,6.34,"279,157","141,413","17,348","61,578",2.30,0.30,0.78,0.41
0.41,"5,285",870,6.07,"284,442","136,128","18,218","60,708",2.24,0.31,0.77,0.39
0.42,"5,152",871,5.92,"289,594","130,976","19,089","59,837",2.19,0.31,0.76,0.38
0.43,"4,951",889,5.57,"294,545","126,025","19,978","58,948",2.14,0.32,0.75,0.37
0.44,"4,941",861,5.74,"299,486","121,084","20,839","58,087",2.08,0.32,0.74,0.36
0.45,"4,534",976,4.65,"304,020","116,550","21,815","57,111",2.04,0.33,0.72,0.35
0.46,"4,640",957,4.85,"308,660","111,910","22,772","56,154",1.99,0.33,0.71,0.34
0.47,"4,630",990,4.68,"313,290","107,280","23,762","55,164",1.94,0.34,0.70,0.33
0.48,"4,414",984,4.49,"317,704","102,866","24,746","54,180",1.90,0.34,0.69,0.31
0.49,"4,347","1,019",4.27,"322,051","98,519","25,765","53,161",1.85,0.35,0.67,0.30
0.5,"4,297",996,4.31,"326,348","94,222","26,761","52,165",1.81,0.36,0.66,0.29
0.51,"4,161",970,4.29,"330,509","90,061","27,731","51,195",1.76,0.36,0.65,0.28
0.52,"3,962","1,039",3.81,"334,471","86,099","28,770","50,156",1.72,0.37,0.64,0.27
0.53,"3,993","1,048",3.81,"338,464","82,106","29,818","49,108",1.67,0.37,0.62,0.26
0.54,"3,876","1,146",3.38,"342,340","78,230","30,964","47,962",1.63,0.38,0.61,0.25
0.55,"3,807","1,092",3.49,"346,147","74,423","32,056","46,870",1.59,0.39,0.59,0.24
0.56,"3,750","1,108",3.38,"349,897","70,673","33,164","45,762",1.54,0.39,0.58,0.23
0.57,"3,635","1,179",3.08,"353,532","67,038","34,343","44,583",1.50,0.40,0.56,0.22
0.58,"3,514","1,105",3.18,"357,046","63,524","35,448","43,478",1.46,0.41,0.55,0.21
0.59,"3,339","1,166",2.86,"360,385","60,185","36,614","42,312",1.42,0.41,0.54,0.21
0.6,"3,308","1,185",2.79,"363,693","56,877","37,799","41,127",1.38,0.42,0.52,0.20
0.61,"3,145","1,154",2.73,"366,838","53,732","38,953","39,973",1.34,0.43,0.51,0.19
0.62,"3,038","1,209",2.51,"369,876","50,694","40,162","38,764",1.31,0.43,0.49,0.18
0.63,"3,025","1,134",2.67,"372,901","47,669","41,296","37,630",1.27,0.44,0.48,0.17
0.64,"2,937","1,165",2.52,"375,838","44,732","42,461","36,465",1.23,0.45,0.46,0.16
0.65,"2,857","1,171",2.44,"378,695","41,875","43,632","35,294",1.19,0.46,0.45,0.15
0.66,"2,725","1,198",2.27,"381,420","39,150","44,830","34,096",1.15,0.47,0.43,0.15
0.67,"2,556","1,212",2.11,"383,976","36,594","46,042","32,884",1.11,0.47,0.42,0.14
0.68,"2,531","1,229",2.06,"386,507","34,063","47,271","31,655",1.08,0.48,0.40,0.13
0.69,"2,318","1,232",1.88,"388,825","31,745","48,503","30,423",1.04,0.49,0.39,0.12
0.7,"2,373","1,230",1.93,"391,198","29,372","49,733","29,193",1.01,0.50,0.37,0.12
0.71,"2,211","1,201",1.84,"393,409","27,161","50,934","27,992",0.97,0.51,0.35,0.11
0.72,"2,081","1,201",1.73,"395,490","25,080","52,135","26,791",0.94,0.52,0.34,0.10
0.73,"2,028","1,193",1.70,"397,518","23,052","53,328","25,598",0.90,0.53,0.32,0.10
0.74,"2,004","1,189",1.69,"399,522","21,048","54,517","24,409",0.86,0.54,0.31,0.09
0.75,"1,799","1,201",1.50,"401,321","19,249","55,718","23,208",0.83,0.55,0.29,0.08
0.76,"1,734","1,120",1.55,"403,055","17,515","56,838","22,088",0.79,0.56,0.28,0.08
0.77,"1,574","1,200",1.31,"404,629","15,941","58,038","20,888",0.76,0.57,0.26,0.07
0.78,"1,596","1,201",1.33,"406,225","14,345","59,239","19,687",0.73,0.58,0.25,0.07
0.79,"1,460","1,169",1.25,"407,685","12,885","60,408","18,518",0.70,0.59,0.23,0.06
0.8,"1,385","1,178",1.18,"409,070","11,500","61,586","17,340",0.66,0.60,0.22,0.06
0.81,"1,284","1,170",1.10,"410,354","10,216","62,756","16,170",0.63,0.61,0.20,0.05
0.82,"1,187","1,053",1.13,"411,541","9,029","63,809","15,117",0.60,0.63,0.19,0.05
0.83,"1,096","1,079",1.02,"412,637","7,933","64,888","14,038",0.57,0.64,0.18,0.04
0.84,"1,014","1,041",0.97,"413,651","6,919","65,929","12,997",0.53,0.65,0.16,0.04
0.85,884,"1,068",0.83,"414,535","6,035","66,997","11,929",0.51,0.66,0.15,0.04
0.86,787,955,0.82,"415,322","5,248","67,952","10,974",0.48,0.68,0.14,0.03
0.87,754,982,0.77,"416,076","4,494","68,934","9,992",0.45,0.69,0.13,0.03
0.88,669,942,0.71,"416,745","3,825","69,876","9,050",0.42,0.70,0.11,0.03
0.89,585,883,0.66,"417,330","3,240","70,759","8,167",0.40,0.72,0.10,0.02
0.9,488,845,0.58,"417,818","2,752","71,604","7,322",0.38,0.73,0.09,0.02
0.91,449,788,0.57,"418,267","2,303","72,392","6,534",0.35,0.74,0.08,0.02
0.92,425,849,0.50,"418,692","1,878","73,241","5,685",0.33,0.75,0.07,0.02
0.93,409,919,0.45,"419,101","1,469","74,160","4,766",0.31,0.76,0.06,0.01
0.94,402,"1,043",0.39,"419,503","1,067","75,203","3,723",0.29,0.78,0.05,0.01
0.95,402,"1,097",0.37,"419,905",665,"76,300","2,626",0.25,0.80,0.03,0.01
0.96,295,"1,082",0.27,"420,200",370,"77,382","1,544",0.24,0.81,0.02,0.00
0.97,214,857,0.25,"420,414",156,"78,239",687,0.23,0.81,0.01,0.00
0.98,135,546,0.25,"420,549",21,"78,785",141,0.15,0.87,0.00,0.00
0.99,21,129,0.16,"420,570",0,"78,914",12,0.00,1.00,0.00,0.00
1.0,0,12,0.00,"420,570",0,"78,926",0,nan,nan,0.00,0.00
