p,Neg,Pos,mPrec,TN,FP,FN,TP,Prec,Rec,$\hat{p}$
0.0,0,0,nan,0,"180,245",0,"33,825",0.16,1.00,1.00
0.01,1,0,0.00,1,"180,244",0,"33,825",0.16,1.00,1.00
0.02,8,0,0.00,9,"180,236",0,"33,825",0.16,1.00,1.00
0.03,16,0,0.00,25,"180,220",0,"33,825",0.16,1.00,1.00
0.04,74,1,0.01,99,"180,146",1,"33,824",0.16,1.00,1.00
0.05,117,3,0.03,216,"180,029",4,"33,821",0.16,1.00,1.00
0.06,211,3,0.01,427,"179,818",7,"33,818",0.16,1.00,1.00
0.07,293,5,0.02,720,"179,525",12,"33,813",0.16,1.00,1.00
0.08,429,8,0.02,"1,149","179,096",20,"33,805",0.16,1.00,0.99
0.09,574,12,0.02,"1,723","178,522",32,"33,793",0.16,1.00,0.99
0.1,736,18,0.02,"2,459","177,786",50,"33,775",0.16,1.00,0.99
0.11,743,18,0.02,"3,202","177,043",68,"33,757",0.16,1.00,0.98
0.12,"1,013",27,0.03,"4,215","176,030",95,"33,730",0.16,1.00,0.98
0.13,"1,112",34,0.03,"5,327","174,918",129,"33,696",0.16,1.00,0.97
0.14,"1,297",42,0.03,"6,624","173,621",171,"33,654",0.16,0.99,0.97
0.15,"1,461",61,0.04,"8,085","172,160",232,"33,593",0.16,0.99,0.96
0.16,"1,607",55,0.03,"9,692","170,553",287,"33,538",0.16,0.99,0.95
0.17,"1,789",73,0.04,"11,481","168,764",360,"33,465",0.17,0.99,0.94
0.18,"1,996",89,0.04,"13,477","166,768",449,"33,376",0.17,0.99,0.93
0.19,"2,121",100,0.05,"15,598","164,647",549,"33,276",0.17,0.98,0.92
0.2,"2,208",116,0.05,"17,806","162,439",665,"33,160",0.17,0.98,0.91
0.21,"2,386",115,0.05,"20,192","160,053",780,"33,045",0.17,0.98,0.90
0.22,"2,559",131,0.05,"22,751","157,494",911,"32,914",0.17,0.97,0.89
0.23,"2,553",140,0.05,"25,304","154,941","1,051","32,774",0.17,0.97,0.88
0.24,"2,794",167,0.06,"28,098","152,147","1,218","32,607",0.18,0.96,0.86
0.25,"2,890",190,0.06,"30,988","149,257","1,408","32,417",0.18,0.96,0.85
0.26,"2,980",206,0.06,"33,968","146,277","1,614","32,211",0.18,0.95,0.83
0.27,"3,105",224,0.07,"37,073","143,172","1,838","31,987",0.18,0.95,0.82
0.28,"3,236",248,0.07,"40,309","139,936","2,086","31,739",0.18,0.94,0.80
0.29,"3,287",268,0.08,"43,596","136,649","2,354","31,471",0.19,0.93,0.79
0.3,"3,349",291,0.08,"46,945","133,300","2,645","31,180",0.19,0.92,0.77
0.31,"3,431",305,0.08,"50,376","129,869","2,950","30,875",0.19,0.91,0.75
0.32,"3,709",325,0.08,"54,085","126,160","3,275","30,550",0.19,0.90,0.73
0.33,"3,582",348,0.09,"57,667","122,578","3,623","30,202",0.20,0.89,0.71
0.34,"3,828",370,0.09,"61,495","118,750","3,993","29,832",0.20,0.88,0.69
0.35,"3,847",360,0.09,"65,342","114,903","4,353","29,472",0.20,0.87,0.67
0.36,"3,689",403,0.10,"69,031","111,214","4,756","29,069",0.21,0.86,0.66
0.37,"3,805",457,0.11,"72,836","107,409","5,213","28,612",0.21,0.85,0.64
0.38,"3,718",461,0.11,"76,554","103,691","5,674","28,151",0.21,0.83,0.62
0.39,"3,796",467,0.11,"80,350","99,895","6,141","27,684",0.22,0.82,0.60
0.4,"3,874",473,0.11,"84,224","96,021","6,614","27,211",0.22,0.80,0.58
0.41,"3,686",505,0.12,"87,910","92,335","7,119","26,706",0.22,0.79,0.56
0.42,"3,726",498,0.12,"91,636","88,609","7,617","26,208",0.23,0.77,0.54
0.43,"3,641",518,0.12,"95,277","84,968","8,135","25,690",0.23,0.76,0.52
0.44,"3,804",528,0.12,"99,081","81,164","8,663","25,162",0.24,0.74,0.50
0.45,"3,734",577,0.13,"102,815","77,430","9,240","24,585",0.24,0.73,0.48
0.46,"3,592",598,0.14,"106,407","73,838","9,838","23,987",0.25,0.71,0.46
0.47,"3,618",538,0.13,"110,025","70,220","10,376","23,449",0.25,0.69,0.44
0.48,"3,536",616,0.15,"113,561","66,684","10,992","22,833",0.26,0.68,0.42
0.49,"3,453",613,0.15,"117,014","63,231","11,605","22,220",0.26,0.66,0.40
0.5,"3,300",629,0.16,"120,314","59,931","12,234","21,591",0.26,0.64,0.38
0.51,"3,333",606,0.15,"123,647","56,598","12,840","20,985",0.27,0.62,0.36
0.52,"3,150",633,0.17,"126,797","53,448","13,473","20,352",0.28,0.60,0.34
0.53,"3,050",624,0.17,"129,847","50,398","14,097","19,728",0.28,0.58,0.33
0.54,"2,959",681,0.19,"132,806","47,439","14,778","19,047",0.29,0.56,0.31
0.55,"2,814",641,0.19,"135,620","44,625","15,419","18,406",0.29,0.54,0.29
0.56,"2,777",673,0.20,"138,397","41,848","16,092","17,733",0.30,0.52,0.28
0.57,"2,700",662,0.20,"141,097","39,148","16,754","17,071",0.30,0.50,0.26
0.58,"2,556",641,0.20,"143,653","36,592","17,395","16,430",0.31,0.49,0.25
0.59,"2,467",689,0.22,"146,120","34,125","18,084","15,741",0.32,0.47,0.23
0.6,"2,338",639,0.21,"148,458","31,787","18,723","15,102",0.32,0.45,0.22
0.61,"2,295",631,0.22,"150,753","29,492","19,354","14,471",0.33,0.43,0.21
0.62,"2,196",660,0.23,"152,949","27,296","20,014","13,811",0.34,0.41,0.19
0.63,"2,026",618,0.23,"154,975","25,270","20,632","13,193",0.34,0.39,0.18
0.64,"1,904",655,0.26,"156,879","23,366","21,287","12,538",0.35,0.37,0.17
0.65,"1,783",594,0.25,"158,662","21,583","21,881","11,944",0.36,0.35,0.16
0.66,"1,701",588,0.26,"160,363","19,882","22,469","11,356",0.36,0.34,0.15
0.67,"1,562",549,0.26,"161,925","18,320","23,018","10,807",0.37,0.32,0.14
0.68,"1,509",561,0.27,"163,434","16,811","23,579","10,246",0.38,0.30,0.13
0.69,"1,477",573,0.28,"164,911","15,334","24,152","9,673",0.39,0.29,0.12
0.7,"1,304",499,0.28,"166,215","14,030","24,651","9,174",0.40,0.27,0.11
0.71,"1,266",517,0.29,"167,481","12,764","25,168","8,657",0.40,0.26,0.10
0.72,"1,145",497,0.30,"168,626","11,619","25,665","8,160",0.41,0.24,0.09
0.73,999,454,0.31,"169,625","10,620","26,119","7,706",0.42,0.23,0.09
0.74,"1,055",498,0.32,"170,680","9,565","26,617","7,208",0.43,0.21,0.08
0.75,869,427,0.33,"171,549","8,696","27,044","6,781",0.44,0.20,0.07
0.76,836,456,0.35,"172,385","7,860","27,500","6,325",0.45,0.19,0.07
0.77,842,514,0.38,"173,227","7,018","28,014","5,811",0.45,0.17,0.06
0.78,784,454,0.37,"174,011","6,234","28,468","5,357",0.46,0.16,0.05
0.79,764,418,0.35,"174,775","5,470","28,886","4,939",0.47,0.15,0.05
0.8,652,452,0.41,"175,427","4,818","29,338","4,487",0.48,0.13,0.04
0.81,617,452,0.42,"176,044","4,201","29,790","4,035",0.49,0.12,0.04
0.82,646,463,0.42,"176,690","3,555","30,253","3,572",0.50,0.11,0.03
0.83,551,429,0.44,"177,241","3,004","30,682","3,143",0.51,0.09,0.03
0.84,492,410,0.45,"177,733","2,512","31,092","2,733",0.52,0.08,0.02
0.85,519,379,0.42,"178,252","1,993","31,471","2,354",0.54,0.07,0.02
0.86,407,423,0.51,"178,659","1,586","31,894","1,931",0.55,0.06,0.02
0.87,402,365,0.48,"179,061","1,184","32,259","1,566",0.57,0.05,0.01
0.88,330,346,0.51,"179,391",854,"32,605","1,220",0.59,0.04,0.01
0.89,237,304,0.56,"179,628",617,"32,909",916,0.60,0.03,0.01
0.9,213,285,0.57,"179,841",404,"33,194",631,0.61,0.02,0.00
0.91,160,207,0.56,"180,001",244,"33,401",424,0.63,0.01,0.00
0.92,102,170,0.62,"180,103",142,"33,571",254,0.64,0.01,0.00
0.93,65,99,0.60,"180,168",77,"33,670",155,0.67,0.00,0.00
0.94,37,68,0.65,"180,205",40,"33,738",87,0.69,0.00,0.00
0.95,22,58,0.72,"180,227",18,"33,796",29,0.62,0.00,0.00
0.96,9,16,0.64,"180,236",9,"33,812",13,0.59,0.00,0.00
0.97,8,7,0.47,"180,244",1,"33,819",6,0.86,0.00,0.00
0.98,1,6,0.86,"180,245",0,"33,825",0,nan,0.00,0.00
0.99,0,0,nan,"180,245",0,"33,825",0,nan,0.00,0.00
1.0,0,0,nan,"180,245",0,"33,825",0,nan,0.00,0.00
