p,Neg,Pos,mPrec,TN,FP,FN,TP,Prec,Rec,FP/P,$\hat{p}$
0.0,"6,010",127,0.02,"6,010","594,805",127,"112,624",0.16,1.00,5.275385584163334,0.99
0.1,"187,215","12,177",0.06,"193,225","407,590","12,304","100,447",0.20,0.89,3.614956851823931,0.71
0.2,"192,806","25,650",0.12,"386,031","214,784","37,954","74,797",0.26,0.66,1.9049409761332494,0.41
0.3,"104,681","22,922",0.18,"490,712","110,103","60,876","51,875",0.32,0.46,0.9765146207128983,0.23
0.4,"52,091","16,485",0.24,"542,803","58,012","77,361","35,390",0.38,0.31,0.5145142836870626,0.13
0.5,"26,304","10,947",0.29,"569,107","31,708","88,308","24,443",0.44,0.22,0.28122145258135184,0.08
0.6,"13,909","7,917",0.36,"583,016","17,799","96,225","16,526",0.48,0.15,0.1578611276174934,0.05
0.7,"8,335","6,045",0.42,"591,351","9,464","102,270","10,481",0.53,0.09,0.08393717128894644,0.03
0.8,"4,861","4,421",0.48,"596,212","4,603","106,691","6,060",0.57,0.05,0.04082447162331154,0.01
0.9,"2,652","3,139",0.54,"598,864","1,951","109,830","2,921",0.60,0.03,0.01730361593245293,0.01
1.0,"1,951","2,921",0.60,"600,815",0,"112,751",0,nan,0.00,0.0,0.00
