p,Neg,Pos,Neg/Pos,TN,FP,FN,TP,FP/TP,Prec.,Rec.,$\hat{p}$
0.0,0,0,nan,0,"420,570",0,"78,926",5.33,0.16,1.00,1.00
0.05,12,0,inf,12,"420,558",0,"78,926",5.33,0.16,1.00,1.00
0.1,174,0,inf,186,"420,384",0,"78,926",5.33,0.16,1.00,1.00
0.15,931,3,310.33,"1,117","419,453",3,"78,923",5.31,0.16,1.00,1.00
0.2,"4,385",62,70.73,"5,502","415,068",65,"78,861",5.26,0.16,1.00,0.99
0.25,"13,453",267,50.39,"18,955","401,615",332,"78,594",5.11,0.16,1.00,0.96
0.3,"29,751","1,070",27.80,"48,706","371,864","1,402","77,524",4.80,0.17,0.98,0.90
0.35,"49,009","2,750",17.82,"97,715","322,855","4,152","74,774",4.32,0.19,0.95,0.80
0.4,"67,900","5,987",11.34,"165,615","254,955","10,139","68,787",3.71,0.21,0.87,0.65
0.45,"74,584","9,171",8.13,"240,199","180,371","19,310","59,616",3.03,0.25,0.76,0.48
0.5,"68,269","12,573",5.43,"308,468","112,102","31,883","47,043",2.38,0.30,0.60,0.32
0.55,"51,212","13,409",3.82,"359,680","60,890","45,292","33,634",1.81,0.36,0.43,0.19
0.6,"31,190","11,579",2.69,"390,870","29,700","56,871","22,055",1.35,0.43,0.28,0.10
0.65,"16,281","8,918",1.83,"407,151","13,419","65,789","13,137",1.02,0.49,0.17,0.05
0.7,"8,668","6,881",1.26,"415,819","4,751","72,670","6,256",0.76,0.57,0.08,0.02
0.75,"3,733","4,354",0.86,"419,552","1,018","77,024","1,902",0.54,0.65,0.02,0.01
0.8,907,"1,598",0.57,"420,459",111,"78,622",304,0.37,0.73,0.00,0.00
0.85,104,261,0.40,"420,563",7,"78,883",43,0.16,0.86,0.00,0.00
0.9,6,38,0.16,"420,569",1,"78,921",5,0.20,0.83,0.00,0.00
0.95,1,5,0.20,"420,570",0,"78,926",0,nan,nan,0.00,0.00
1.0,0,0,nan,"420,570",0,"78,926",0,nan,nan,0.00,0.00
