p,Neg,Pos,Neg/Pos,TN,FP,FN,TP,FP/TP,Prec.,Rec.,$\hat{p}$
0.0,0,0,nan,0,"402,719",0,"78,926",5.10,0.16,1.00,1.00
0.01,15,0,inf,15,"402,704",0,"78,926",5.10,0.16,1.00,1.00
0.02,25,0,inf,40,"402,679",0,"78,926",5.10,0.16,1.00,1.00
0.03,41,0,inf,81,"402,638",0,"78,926",5.10,0.16,1.00,1.00
0.04,35,0,inf,116,"402,603",0,"78,926",5.10,0.16,1.00,1.00
0.05,63,0,inf,179,"402,540",0,"78,926",5.10,0.16,1.00,1.00
0.06,90,0,inf,269,"402,450",0,"78,926",5.10,0.16,1.00,1.00
0.07,110,0,inf,379,"402,340",0,"78,926",5.10,0.16,1.00,1.00
0.08,141,0,inf,520,"402,199",0,"78,926",5.10,0.16,1.00,1.00
0.09,165,0,inf,685,"402,034",0,"78,926",5.09,0.16,1.00,1.00
0.1,202,1,202.00,887,"401,832",1,"78,925",5.09,0.16,1.00,1.00
0.11,257,0,inf,"1,144","401,575",1,"78,925",5.09,0.16,1.00,1.00
0.12,324,0,inf,"1,468","401,251",1,"78,925",5.08,0.16,1.00,1.00
0.13,420,1,420.00,"1,888","400,831",2,"78,924",5.08,0.16,1.00,1.00
0.14,542,0,inf,"2,430","400,289",2,"78,924",5.07,0.16,1.00,0.99
0.15,717,0,inf,"3,147","399,572",2,"78,924",5.06,0.16,1.00,0.99
0.16,889,1,889.00,"4,036","398,683",3,"78,923",5.05,0.17,1.00,0.99
0.17,"1,043",1,1043.00,"5,079","397,640",4,"78,922",5.04,0.17,1.00,0.99
0.18,"1,355",2,677.50,"6,434","396,285",6,"78,920",5.02,0.17,1.00,0.99
0.19,"1,652",3,550.67,"8,086","394,633",9,"78,917",5.00,0.17,1.00,0.98
0.2,"1,960",5,392.00,"10,046","392,673",14,"78,912",4.98,0.17,1.00,0.98
0.21,"2,497",9,277.44,"12,543","390,176",23,"78,903",4.95,0.17,1.00,0.97
0.22,"2,793",16,174.56,"15,336","387,383",39,"78,887",4.91,0.17,1.00,0.97
0.23,"3,241",17,190.65,"18,577","384,142",56,"78,870",4.87,0.17,1.00,0.96
0.24,"3,981",25,159.24,"22,558","380,161",81,"78,845",4.82,0.17,1.00,0.95
0.25,"4,533",42,107.93,"27,091","375,628",123,"78,803",4.77,0.17,1.00,0.94
0.26,"5,051",61,82.80,"32,142","370,577",184,"78,742",4.71,0.18,1.00,0.93
0.27,"5,649",52,108.63,"37,791","364,928",236,"78,690",4.64,0.18,1.00,0.92
0.28,"6,368",77,82.70,"44,159","358,560",313,"78,613",4.56,0.18,1.00,0.91
0.29,"7,140",126,56.67,"51,299","351,420",439,"78,487",4.48,0.18,0.99,0.89
0.3,"7,876",149,52.86,"59,175","343,544",588,"78,338",4.39,0.19,0.99,0.88
0.31,"8,617",175,49.24,"67,792","334,927",763,"78,163",4.28,0.19,0.99,0.86
0.32,"9,392",220,42.69,"77,184","325,535",983,"77,943",4.18,0.19,0.99,0.84
0.33,"9,958",252,39.52,"87,142","315,577","1,235","77,691",4.06,0.20,0.98,0.82
0.34,"10,445",397,26.31,"97,587","305,132","1,632","77,294",3.95,0.20,0.98,0.79
0.35,"11,189",445,25.14,"108,776","293,943","2,077","76,849",3.82,0.21,0.97,0.77
0.36,"11,699",549,21.31,"120,475","282,244","2,626","76,300",3.70,0.21,0.97,0.74
0.37,"12,357",603,20.49,"132,832","269,887","3,229","75,697",3.57,0.22,0.96,0.72
0.38,"12,994",733,17.73,"145,826","256,893","3,962","74,964",3.43,0.23,0.95,0.69
0.39,"13,486",842,16.02,"159,312","243,407","4,804","74,122",3.28,0.23,0.94,0.66
0.4,"13,951",995,14.02,"173,263","229,456","5,799","73,127",3.14,0.24,0.93,0.63
0.41,"13,945","1,143",12.20,"187,208","215,511","6,942","71,984",2.99,0.25,0.91,0.60
0.42,"14,065","1,239",11.35,"201,273","201,446","8,181","70,745",2.85,0.26,0.90,0.57
0.43,"14,267","1,454",9.81,"215,540","187,179","9,635","69,291",2.70,0.27,0.88,0.53
0.44,"14,253","1,624",8.78,"229,793","172,926","11,259","67,667",2.56,0.28,0.86,0.50
0.45,"14,305","1,762",8.12,"244,098","158,621","13,021","65,905",2.41,0.29,0.84,0.47
0.46,"13,634","1,946",7.01,"257,732","144,987","14,967","63,959",2.27,0.31,0.81,0.43
0.47,"13,401","2,192",6.11,"271,133","131,586","17,159","61,767",2.13,0.32,0.78,0.40
0.48,"12,794","2,337",5.47,"283,927","118,792","19,496","59,430",2.00,0.33,0.75,0.37
0.49,"12,459","2,395",5.20,"296,386","106,333","21,891","57,035",1.86,0.35,0.72,0.34
0.5,"11,456","2,567",4.46,"307,842","94,877","24,458","54,468",1.74,0.36,0.69,0.31
0.51,"10,998","2,732",4.03,"318,840","83,879","27,190","51,736",1.62,0.38,0.66,0.28
0.52,"10,162","2,846",3.57,"329,002","73,717","30,036","48,890",1.51,0.40,0.62,0.25
0.53,"9,520","2,916",3.26,"338,522","64,197","32,952","45,974",1.40,0.42,0.58,0.23
0.54,"8,667","3,018",2.87,"347,189","55,530","35,970","42,956",1.29,0.44,0.54,0.20
0.55,"7,842","3,083",2.54,"355,031","47,688","39,053","39,873",1.20,0.46,0.51,0.18
0.56,"7,240","3,021",2.40,"362,271","40,448","42,074","36,852",1.10,0.48,0.47,0.16
0.57,"6,308","2,986",2.11,"368,579","34,140","45,060","33,866",1.01,0.50,0.43,0.14
0.58,"5,567","2,888",1.93,"374,146","28,573","47,948","30,978",0.92,0.52,0.39,0.12
0.59,"4,776","2,753",1.73,"378,922","23,797","50,701","28,225",0.84,0.54,0.36,0.11
0.6,"4,272","2,656",1.61,"383,194","19,525","53,357","25,569",0.76,0.57,0.32,0.09
0.61,"3,444","2,531",1.36,"386,638","16,081","55,888","23,038",0.70,0.59,0.29,0.08
0.62,"2,958","2,325",1.27,"389,596","13,123","58,213","20,713",0.63,0.61,0.26,0.07
0.63,"2,532","2,218",1.14,"392,128","10,591","60,431","18,495",0.57,0.64,0.23,0.06
0.64,"2,088","1,996",1.05,"394,216","8,503","62,427","16,499",0.52,0.66,0.21,0.05
0.65,"1,736","1,984",0.88,"395,952","6,767","64,411","14,515",0.47,0.68,0.18,0.04
0.66,"1,392","1,744",0.80,"397,344","5,375","66,155","12,771",0.42,0.70,0.16,0.04
0.67,"1,112","1,554",0.72,"398,456","4,263","67,709","11,217",0.38,0.72,0.14,0.03
0.68,863,"1,442",0.60,"399,319","3,400","69,151","9,775",0.35,0.74,0.12,0.03
0.69,714,"1,319",0.54,"400,033","2,686","70,470","8,456",0.32,0.76,0.11,0.02
0.7,565,"1,161",0.49,"400,598","2,121","71,631","7,295",0.29,0.77,0.09,0.02
0.71,438,970,0.45,"401,036","1,683","72,601","6,325",0.27,0.79,0.08,0.02
0.72,390,997,0.39,"401,426","1,293","73,598","5,328",0.24,0.80,0.07,0.01
0.73,305,902,0.34,"401,731",988,"74,500","4,426",0.22,0.82,0.06,0.01
0.74,226,834,0.27,"401,957",762,"75,334","3,592",0.21,0.82,0.05,0.01
0.75,206,744,0.28,"402,163",556,"76,078","2,848",0.20,0.84,0.04,0.01
0.76,156,641,0.24,"402,319",400,"76,719","2,207",0.18,0.85,0.03,0.01
0.77,114,582,0.20,"402,433",286,"77,301","1,625",0.18,0.85,0.02,0.00
0.78,114,492,0.23,"402,547",172,"77,793","1,133",0.15,0.87,0.01,0.00
0.79,78,381,0.20,"402,625",94,"78,174",752,0.12,0.89,0.01,0.00
0.8,39,271,0.14,"402,664",55,"78,445",481,0.11,0.90,0.01,0.00
0.81,25,202,0.12,"402,689",30,"78,647",279,0.11,0.90,0.00,0.00
0.82,15,102,0.15,"402,704",15,"78,749",177,0.08,0.92,0.00,0.00
0.83,10,78,0.13,"402,714",5,"78,827",99,0.05,0.95,0.00,0.00
0.84,3,52,0.06,"402,717",2,"78,879",47,0.04,0.96,0.00,0.00
0.85,1,27,0.04,"402,718",1,"78,906",20,0.05,0.95,0.00,0.00
0.86,0,10,0.00,"402,718",1,"78,916",10,0.10,0.91,0.00,0.00
0.87,1,7,0.14,"402,719",0,"78,923",3,0.00,1.00,0.00,0.00
0.88,0,3,0.00,"402,719",0,"78,926",0,nan,nan,0.00,0.00
0.89,0,0,nan,"402,719",0,"78,926",0,nan,nan,0.00,0.00
0.9,0,0,nan,"402,719",0,"78,926",0,nan,nan,0.00,0.00
0.91,0,0,nan,"402,719",0,"78,926",0,nan,nan,0.00,0.00
0.92,0,0,nan,"402,719",0,"78,926",0,nan,nan,0.00,0.00
0.93,0,0,nan,"402,719",0,"78,926",0,nan,nan,0.00,0.00
0.94,0,0,nan,"402,719",0,"78,926",0,nan,nan,0.00,0.00
0.95,0,0,nan,"402,719",0,"78,926",0,nan,nan,0.00,0.00
0.96,0,0,nan,"402,719",0,"78,926",0,nan,nan,0.00,0.00
0.97,0,0,nan,"402,719",0,"78,926",0,nan,nan,0.00,0.00
0.98,0,0,nan,"402,719",0,"78,926",0,nan,nan,0.00,0.00
0.99,0,0,nan,"402,719",0,"78,926",0,nan,nan,0.00,0.00
1.0,0,0,nan,"402,719",0,"78,926",0,nan,nan,0.00,0.00
