p,Neg,Pos,mPrec,TN,FP,FN,TP,Prec,Rec,$\hat{p}$
0.0,"4,206",18,0.00,"4,206","416,364",18,"78,908",0.16,1.00,0.99
0.01,"20,758",209,0.01,"24,964","395,606",227,"78,699",0.17,1.00,0.95
0.02,"25,395",441,0.02,"50,359","370,211",668,"78,258",0.17,0.99,0.90
0.03,"25,372",713,0.03,"75,731","344,839","1,381","77,545",0.18,0.98,0.85
0.04,"23,827",863,0.03,"99,558","321,012","2,244","76,682",0.19,0.97,0.80
0.05,"22,787",995,0.04,"122,345","298,225","3,239","75,687",0.20,0.96,0.75
0.06,"21,505","1,137",0.05,"143,850","276,720","4,376","74,550",0.21,0.94,0.70
0.07,"19,858","1,257",0.06,"163,708","256,862","5,633","73,293",0.22,0.93,0.66
0.08,"18,066","1,350",0.07,"181,774","238,796","6,983","71,943",0.23,0.91,0.62
0.09,"16,843","1,406",0.08,"198,617","221,953","8,389","70,537",0.24,0.89,0.59
0.1,"15,939","1,490",0.09,"214,556","206,014","9,879","69,047",0.25,0.87,0.55
0.11,"14,718","1,551",0.10,"229,274","191,296","11,430","67,496",0.26,0.86,0.52
0.12,"13,549","1,542",0.10,"242,823","177,747","12,972","65,954",0.27,0.84,0.49
0.13,"12,467","1,558",0.11,"255,290","165,280","14,530","64,396",0.28,0.82,0.46
0.14,"11,676","1,548",0.12,"266,966","153,604","16,078","62,848",0.29,0.80,0.43
0.15,"10,755","1,584",0.13,"277,721","142,849","17,662","61,264",0.30,0.78,0.41
0.16,"9,673","1,554",0.14,"287,394","133,176","19,216","59,710",0.31,0.76,0.39
0.17,"8,997","1,573",0.15,"296,391","124,179","20,789","58,137",0.32,0.74,0.36
0.18,"8,445","1,587",0.16,"304,836","115,734","22,376","56,550",0.33,0.72,0.34
0.19,"7,712","1,569",0.17,"312,548","108,022","23,945","54,981",0.34,0.70,0.33
0.2,"7,185","1,505",0.17,"319,733","100,837","25,450","53,476",0.35,0.68,0.31
0.21,"6,656","1,589",0.19,"326,389","94,181","27,039","51,887",0.36,0.66,0.29
0.22,"6,244","1,498",0.19,"332,633","87,937","28,537","50,389",0.36,0.64,0.28
0.23,"5,810","1,490",0.20,"338,443","82,127","30,027","48,899",0.37,0.62,0.26
0.24,"5,448","1,417",0.21,"343,891","76,679","31,444","47,482",0.38,0.60,0.25
0.25,"5,157","1,367",0.21,"349,048","71,522","32,811","46,115",0.39,0.58,0.24
0.26,"4,500","1,361",0.23,"353,548","67,022","34,172","44,754",0.40,0.57,0.22
0.27,"4,296","1,290",0.23,"357,844","62,726","35,462","43,464",0.41,0.55,0.21
0.28,"3,931","1,302",0.25,"361,775","58,795","36,764","42,162",0.42,0.53,0.20
0.29,"3,649","1,286",0.26,"365,424","55,146","38,050","40,876",0.43,0.52,0.19
0.3,"3,571","1,247",0.26,"368,995","51,575","39,297","39,629",0.43,0.50,0.18
0.31,"3,255","1,200",0.27,"372,250","48,320","40,497","38,429",0.44,0.49,0.17
0.32,"3,005","1,169",0.28,"375,255","45,315","41,666","37,260",0.45,0.47,0.17
0.33,"2,824","1,180",0.29,"378,079","42,491","42,846","36,080",0.46,0.46,0.16
0.34,"2,631","1,050",0.29,"380,710","39,860","43,896","35,030",0.47,0.44,0.15
0.35,"2,453","1,065",0.30,"383,163","37,407","44,961","33,965",0.48,0.43,0.14
0.36,"2,307","1,073",0.32,"385,470","35,100","46,034","32,892",0.48,0.42,0.14
0.37,"2,130","1,014",0.32,"387,600","32,970","47,048","31,878",0.49,0.40,0.13
0.38,"1,955",989,0.34,"389,555","31,015","48,037","30,889",0.50,0.39,0.12
0.39,"1,882",946,0.33,"391,437","29,133","48,983","29,943",0.51,0.38,0.12
0.4,"1,824",940,0.34,"393,261","27,309","49,923","29,003",0.52,0.37,0.11
0.41,"1,560",901,0.37,"394,821","25,749","50,824","28,102",0.52,0.36,0.11
0.42,"1,601",831,0.34,"396,422","24,148","51,655","27,271",0.53,0.35,0.10
0.43,"1,474",802,0.35,"397,896","22,674","52,457","26,469",0.54,0.34,0.10
0.44,"1,329",833,0.39,"399,225","21,345","53,290","25,636",0.55,0.32,0.09
0.45,"1,194",777,0.39,"400,419","20,151","54,067","24,859",0.55,0.31,0.09
0.46,"1,160",716,0.38,"401,579","18,991","54,783","24,143",0.56,0.31,0.09
0.47,"1,038",768,0.43,"402,617","17,953","55,551","23,375",0.57,0.30,0.08
0.48,"1,022",702,0.41,"403,639","16,931","56,253","22,673",0.57,0.29,0.08
0.49,960,676,0.41,"404,599","15,971","56,929","21,997",0.58,0.28,0.08
0.5,899,644,0.42,"405,498","15,072","57,573","21,353",0.59,0.27,0.07
0.51,844,623,0.42,"406,342","14,228","58,196","20,730",0.59,0.26,0.07
0.52,760,659,0.46,"407,102","13,468","58,855","20,071",0.60,0.25,0.07
0.53,772,598,0.44,"407,874","12,696","59,453","19,473",0.61,0.25,0.06
0.54,682,578,0.46,"408,556","12,014","60,031","18,895",0.61,0.24,0.06
0.55,646,605,0.48,"409,202","11,368","60,636","18,290",0.62,0.23,0.06
0.56,645,625,0.49,"409,847","10,723","61,261","17,665",0.62,0.22,0.06
0.57,619,541,0.47,"410,466","10,104","61,802","17,124",0.63,0.22,0.05
0.58,555,561,0.50,"411,021","9,549","62,363","16,563",0.63,0.21,0.05
0.59,524,544,0.51,"411,545","9,025","62,907","16,019",0.64,0.20,0.05
0.6,509,502,0.50,"412,054","8,516","63,409","15,517",0.65,0.20,0.05
0.61,487,563,0.54,"412,541","8,029","63,972","14,954",0.65,0.19,0.05
0.62,465,477,0.51,"413,006","7,564","64,449","14,477",0.66,0.18,0.04
0.63,440,469,0.52,"413,446","7,124","64,918","14,008",0.66,0.18,0.04
0.64,475,465,0.49,"413,921","6,649","65,383","13,543",0.67,0.17,0.04
0.65,400,495,0.55,"414,321","6,249","65,878","13,048",0.68,0.17,0.04
0.66,330,450,0.58,"414,651","5,919","66,328","12,598",0.68,0.16,0.04
0.67,365,429,0.54,"415,016","5,554","66,757","12,169",0.69,0.15,0.04
0.68,325,433,0.57,"415,341","5,229","67,190","11,736",0.69,0.15,0.03
0.69,329,463,0.58,"415,670","4,900","67,653","11,273",0.70,0.14,0.03
0.7,295,432,0.59,"415,965","4,605","68,085","10,841",0.70,0.14,0.03
0.71,279,396,0.59,"416,244","4,326","68,481","10,445",0.71,0.13,0.03
0.72,242,395,0.62,"416,486","4,084","68,876","10,050",0.71,0.13,0.03
0.73,257,429,0.63,"416,743","3,827","69,305","9,621",0.72,0.12,0.03
0.74,220,418,0.66,"416,963","3,607","69,723","9,203",0.72,0.12,0.03
0.75,250,375,0.60,"417,213","3,357","70,098","8,828",0.72,0.11,0.02
0.76,229,379,0.62,"417,442","3,128","70,477","8,449",0.73,0.11,0.02
0.77,221,360,0.62,"417,663","2,907","70,837","8,089",0.74,0.10,0.02
0.78,205,364,0.64,"417,868","2,702","71,201","7,725",0.74,0.10,0.02
0.79,204,336,0.62,"418,072","2,498","71,537","7,389",0.75,0.09,0.02
0.8,176,372,0.68,"418,248","2,322","71,909","7,017",0.75,0.09,0.02
0.81,162,331,0.67,"418,410","2,160","72,240","6,686",0.76,0.08,0.02
0.82,190,374,0.66,"418,600","1,970","72,614","6,312",0.76,0.08,0.02
0.83,168,353,0.68,"418,768","1,802","72,967","5,959",0.77,0.08,0.02
0.84,148,349,0.70,"418,916","1,654","73,316","5,610",0.77,0.07,0.01
0.85,173,366,0.68,"419,089","1,481","73,682","5,244",0.78,0.07,0.01
0.86,146,330,0.69,"419,235","1,335","74,012","4,914",0.79,0.06,0.01
0.87,132,354,0.73,"419,367","1,203","74,366","4,560",0.79,0.06,0.01
0.88,128,376,0.75,"419,495","1,075","74,742","4,184",0.80,0.05,0.01
0.89,105,313,0.75,"419,600",970,"75,055","3,871",0.80,0.05,0.01
0.9,115,344,0.75,"419,715",855,"75,399","3,527",0.80,0.04,0.01
0.91,113,321,0.74,"419,828",742,"75,720","3,206",0.81,0.04,0.01
0.92,101,315,0.76,"419,929",641,"76,035","2,891",0.82,0.04,0.01
0.93,100,304,0.75,"420,029",541,"76,339","2,587",0.83,0.03,0.01
0.94,84,333,0.80,"420,113",457,"76,672","2,254",0.83,0.03,0.01
0.95,88,283,0.76,"420,201",369,"76,955","1,971",0.84,0.02,0.00
0.96,64,292,0.82,"420,265",305,"77,247","1,679",0.85,0.02,0.00
0.97,59,246,0.81,"420,324",246,"77,493","1,433",0.85,0.02,0.00
0.98,59,233,0.80,"420,383",187,"77,726","1,200",0.87,0.02,0.00
0.99,47,217,0.82,"420,430",140,"77,943",983,0.88,0.01,0.00
1.0,140,983,0.88,"420,570",0,"78,926",0,nan,0.00,0.00
