p,Neg,Pos,mPrec,TN,FP,FN,TP,Prec,Rec,$\hat{p}$
0.0,0,0,nan,0,"180,245",0,"33,825",0.16,1.00,1.00
0.01,"6,441",62,0.01,"6,441","173,804",62,"33,763",0.16,1.00,0.97
0.02,"12,069",227,0.02,"18,510","161,735",289,"33,536",0.17,0.99,0.91
0.03,"13,061",384,0.03,"31,571","148,674",673,"33,152",0.18,0.98,0.85
0.04,"12,131",472,0.04,"43,702","136,543","1,145","32,680",0.19,0.97,0.79
0.05,"11,030",607,0.05,"54,732","125,513","1,752","32,073",0.20,0.95,0.74
0.06,"10,173",687,0.06,"64,905","115,340","2,439","31,386",0.21,0.93,0.69
0.07,"9,203",776,0.08,"74,108","106,137","3,215","30,610",0.22,0.90,0.64
0.08,"8,479",762,0.08,"82,587","97,658","3,977","29,848",0.23,0.88,0.60
0.09,"7,734",839,0.10,"90,321","89,924","4,816","29,009",0.24,0.86,0.56
0.1,"6,982",851,0.11,"97,303","82,942","5,667","28,158",0.25,0.83,0.52
0.11,"6,377",793,0.11,"103,680","76,565","6,460","27,365",0.26,0.81,0.49
0.12,"5,712",800,0.12,"109,392","70,853","7,260","26,565",0.27,0.79,0.46
0.13,"5,293",847,0.14,"114,685","65,560","8,107","25,718",0.28,0.76,0.43
0.14,"4,835",764,0.14,"119,520","60,725","8,871","24,954",0.29,0.74,0.40
0.15,"4,434",798,0.15,"123,954","56,291","9,669","24,156",0.30,0.71,0.38
0.16,"4,207",755,0.15,"128,161","52,084","10,424","23,401",0.31,0.69,0.35
0.17,"3,867",779,0.17,"132,028","48,217","11,203","22,622",0.32,0.67,0.33
0.18,"3,483",763,0.18,"135,511","44,734","11,966","21,859",0.33,0.65,0.31
0.19,"3,255",758,0.19,"138,766","41,479","12,724","21,101",0.34,0.62,0.29
0.2,"3,026",734,0.20,"141,792","38,453","13,458","20,367",0.35,0.60,0.27
0.21,"2,787",718,0.20,"144,579","35,666","14,176","19,649",0.36,0.58,0.26
0.22,"2,597",685,0.21,"147,176","33,069","14,861","18,964",0.36,0.56,0.24
0.23,"2,411",674,0.22,"149,587","30,658","15,535","18,290",0.37,0.54,0.23
0.24,"2,162",607,0.22,"151,749","28,496","16,142","17,683",0.38,0.52,0.22
0.25,"1,953",627,0.24,"153,702","26,543","16,769","17,056",0.39,0.50,0.20
0.26,"1,846",593,0.24,"155,548","24,697","17,362","16,463",0.40,0.49,0.19
0.27,"1,767",646,0.27,"157,315","22,930","18,008","15,817",0.41,0.47,0.18
0.28,"1,628",558,0.26,"158,943","21,302","18,566","15,259",0.42,0.45,0.17
0.29,"1,574",547,0.26,"160,517","19,728","19,113","14,712",0.43,0.43,0.16
0.3,"1,434",533,0.27,"161,951","18,294","19,646","14,179",0.44,0.42,0.15
0.31,"1,328",523,0.28,"163,279","16,966","20,169","13,656",0.45,0.40,0.14
0.32,"1,199",486,0.29,"164,478","15,767","20,655","13,170",0.46,0.39,0.14
0.33,"1,141",481,0.30,"165,619","14,626","21,136","12,689",0.46,0.38,0.13
0.34,"1,019",472,0.32,"166,638","13,607","21,608","12,217",0.47,0.36,0.12
0.35,977,440,0.31,"167,615","12,630","22,048","11,777",0.48,0.35,0.11
0.36,878,432,0.33,"168,493","11,752","22,480","11,345",0.49,0.34,0.11
0.37,790,427,0.35,"169,283","10,962","22,907","10,918",0.50,0.32,0.10
0.38,766,461,0.38,"170,049","10,196","23,368","10,457",0.51,0.31,0.10
0.39,722,420,0.37,"170,771","9,474","23,788","10,037",0.51,0.30,0.09
0.4,651,389,0.37,"171,422","8,823","24,177","9,648",0.52,0.29,0.09
0.41,655,377,0.37,"172,077","8,168","24,554","9,271",0.53,0.27,0.08
0.42,560,357,0.39,"172,637","7,608","24,911","8,914",0.54,0.26,0.08
0.43,518,346,0.40,"173,155","7,090","25,257","8,568",0.55,0.25,0.07
0.44,473,349,0.42,"173,628","6,617","25,606","8,219",0.55,0.24,0.07
0.45,445,337,0.43,"174,073","6,172","25,943","7,882",0.56,0.23,0.07
0.46,407,309,0.43,"174,480","5,765","26,252","7,573",0.57,0.22,0.06
0.47,385,286,0.43,"174,865","5,380","26,538","7,287",0.58,0.22,0.06
0.48,363,257,0.41,"175,228","5,017","26,795","7,030",0.58,0.21,0.06
0.49,337,298,0.47,"175,565","4,680","27,093","6,732",0.59,0.20,0.05
0.5,323,286,0.47,"175,888","4,357","27,379","6,446",0.60,0.19,0.05
0.51,268,271,0.50,"176,156","4,089","27,650","6,175",0.60,0.18,0.05
0.52,267,276,0.51,"176,423","3,822","27,926","5,899",0.61,0.17,0.05
0.53,213,225,0.51,"176,636","3,609","28,151","5,674",0.61,0.17,0.04
0.54,237,220,0.48,"176,873","3,372","28,371","5,454",0.62,0.16,0.04
0.55,199,212,0.52,"177,072","3,173","28,583","5,242",0.62,0.15,0.04
0.56,211,202,0.49,"177,283","2,962","28,785","5,040",0.63,0.15,0.04
0.57,184,194,0.51,"177,467","2,778","28,979","4,846",0.64,0.14,0.04
0.58,182,176,0.49,"177,649","2,596","29,155","4,670",0.64,0.14,0.03
0.59,154,182,0.54,"177,803","2,442","29,337","4,488",0.65,0.13,0.03
0.6,171,171,0.50,"177,974","2,271","29,508","4,317",0.66,0.13,0.03
0.61,126,185,0.59,"178,100","2,145","29,693","4,132",0.66,0.12,0.03
0.62,115,157,0.58,"178,215","2,030","29,850","3,975",0.66,0.12,0.03
0.63,111,147,0.57,"178,326","1,919","29,997","3,828",0.67,0.11,0.03
0.64,133,157,0.54,"178,459","1,786","30,154","3,671",0.67,0.11,0.03
0.65,108,155,0.59,"178,567","1,678","30,309","3,516",0.68,0.10,0.02
0.66,111,149,0.57,"178,678","1,567","30,458","3,367",0.68,0.10,0.02
0.67,121,119,0.50,"178,799","1,446","30,577","3,248",0.69,0.10,0.02
0.68,100,122,0.55,"178,899","1,346","30,699","3,126",0.70,0.09,0.02
0.69,92,120,0.57,"178,991","1,254","30,819","3,006",0.71,0.09,0.02
0.7,92,116,0.56,"179,083","1,162","30,935","2,890",0.71,0.09,0.02
0.71,70,133,0.66,"179,153","1,092","31,068","2,757",0.72,0.08,0.02
0.72,70,122,0.64,"179,223","1,022","31,190","2,635",0.72,0.08,0.02
0.73,85,137,0.62,"179,308",937,"31,327","2,498",0.73,0.07,0.02
0.74,68,120,0.64,"179,376",869,"31,447","2,378",0.73,0.07,0.02
0.75,50,142,0.74,"179,426",819,"31,589","2,236",0.73,0.07,0.01
0.76,74,116,0.61,"179,500",745,"31,705","2,120",0.74,0.06,0.01
0.77,64,140,0.69,"179,564",681,"31,845","1,980",0.74,0.06,0.01
0.78,47,137,0.74,"179,611",634,"31,982","1,843",0.74,0.05,0.01
0.79,66,147,0.69,"179,677",568,"32,129","1,696",0.75,0.05,0.01
0.8,56,127,0.69,"179,733",512,"32,256","1,569",0.75,0.05,0.01
0.81,52,163,0.76,"179,785",460,"32,419","1,406",0.75,0.04,0.01
0.82,65,129,0.66,"179,850",395,"32,548","1,277",0.76,0.04,0.01
0.83,52,130,0.71,"179,902",343,"32,678","1,147",0.77,0.03,0.01
0.84,48,128,0.73,"179,950",295,"32,806","1,019",0.78,0.03,0.01
0.85,42,135,0.76,"179,992",253,"32,941",884,0.78,0.03,0.01
0.86,37,103,0.74,"180,029",216,"33,044",781,0.78,0.02,0.00
0.87,41,113,0.73,"180,070",175,"33,157",668,0.79,0.02,0.00
0.88,35,134,0.79,"180,105",140,"33,291",534,0.79,0.02,0.00
0.89,32,105,0.77,"180,137",108,"33,396",429,0.80,0.01,0.00
0.9,27,89,0.77,"180,164",81,"33,485",340,0.81,0.01,0.00
0.91,22,100,0.82,"180,186",59,"33,585",240,0.80,0.01,0.00
0.92,16,73,0.82,"180,202",43,"33,658",167,0.80,0.00,0.00
0.93,20,70,0.78,"180,222",23,"33,728",97,0.81,0.00,0.00
0.94,10,42,0.81,"180,232",13,"33,770",55,0.81,0.00,0.00
0.95,6,32,0.84,"180,238",7,"33,802",23,0.77,0.00,0.00
0.96,6,16,0.73,"180,244",1,"33,818",7,0.88,0.00,0.00
0.97,1,6,0.86,"180,245",0,"33,824",1,1.00,0.00,0.00
0.98,0,1,1.00,"180,245",0,"33,825",0,nan,0.00,0.00
0.99,0,0,nan,"180,245",0,"33,825",0,nan,0.00,0.00
1.0,0,0,nan,"180,245",0,"33,825",0,nan,0.00,0.00
