p,Neg,Pos,Neg/Pos,TN,FP,FN,TP,FP/TP,Prec.,Rec.,$\hat{p}$
0.0,0,0,nan,0,"180,245",0,"33,825",5.33,0.16,1.00,1.00
0.05,"4,545",34,133.68,"4,545","175,700",34,"33,791",5.20,0.16,1.00,0.98
0.1,"6,840",102,67.06,"11,385","168,860",136,"33,689",5.01,0.17,1.00,0.95
0.15,"8,050",148,54.39,"19,435","160,810",284,"33,541",4.79,0.17,0.99,0.91
0.2,"8,637",240,35.99,"28,072","152,173",524,"33,301",4.57,0.18,0.98,0.87
0.25,"8,804",346,25.45,"36,876","143,369",870,"32,955",4.35,0.19,0.97,0.82
0.3,"9,381",447,20.99,"46,257","133,988","1,317","32,508",4.12,0.20,0.96,0.78
0.35,"9,546",534,17.88,"55,803","124,442","1,851","31,974",3.89,0.20,0.95,0.73
0.4,"10,086",689,14.64,"65,889","114,356","2,540","31,285",3.66,0.21,0.92,0.68
0.45,"10,349",846,12.23,"76,238","104,007","3,386","30,439",3.42,0.23,0.90,0.63
0.5,"10,733","1,054",10.18,"86,971","93,274","4,440","29,385",3.17,0.24,0.87,0.57
0.55,"11,090","1,227",9.04,"98,061","82,184","5,667","28,158",2.92,0.26,0.83,0.52
0.6,"11,187","1,519",7.36,"109,248","70,997","7,186","26,639",2.67,0.27,0.79,0.46
0.65,"11,519","1,834",6.28,"120,767","59,478","9,020","24,805",2.40,0.29,0.73,0.39
0.7,"11,594","2,118",5.47,"132,361","47,884","11,138","22,687",2.11,0.32,0.67,0.33
0.75,"11,155","2,596",4.30,"143,516","36,729","13,734","20,091",1.83,0.35,0.59,0.27
0.8,"10,869","3,181",3.42,"154,385","25,860","16,915","16,910",1.53,0.40,0.50,0.20
0.85,"9,940","3,780",2.63,"164,325","15,920","20,695","13,130",1.21,0.45,0.39,0.14
0.9,"8,330","4,397",1.89,"172,655","7,590","25,092","8,733",0.87,0.54,0.26,0.08
0.95,"5,548","4,747",1.17,"178,203","2,042","29,839","3,986",0.51,0.66,0.12,0.03
1.0,"2,042","3,986",0.51,"180,245",0,"33,825",0,nan,nan,0.00,0.00
