p,Neg,Pos,mPrec,TN,FP,FN,TP,Prec,Rec,FP/P,$\hat{p}$
0.0,"15,021",146,0.01,"15,021","585,794",146,"112,605",0.16,1.00,5.195466115599862,0.98
0.05,"32,230",517,0.02,"47,251","553,564",663,"112,088",0.17,0.99,4.909614992328228,0.93
0.1,"50,207","1,348",0.03,"97,458","503,357","2,011","110,740",0.18,0.98,4.464324041471916,0.86
0.15,"61,464","2,744",0.04,"158,922","441,893","4,755","107,996",0.20,0.96,3.9191936213426044,0.77
0.2,"68,218","4,320",0.06,"227,140","373,675","9,075","103,676",0.22,0.92,3.314161293469681,0.67
0.25,"68,684","6,167",0.08,"295,824","304,991","15,242","97,509",0.24,0.86,2.7049959645590724,0.56
0.3,"64,656","7,878",0.11,"360,480","240,335","23,120","89,631",0.27,0.79,2.131555374231714,0.46
0.35,"56,459","9,167",0.14,"416,939","183,876","32,287","80,464",0.30,0.71,1.6308148043032877,0.37
0.4,"47,547","10,035",0.17,"464,486","136,329","42,322","70,429",0.34,0.62,1.2091156619453487,0.29
0.45,"38,019","10,061",0.21,"502,505","98,310","52,383","60,368",0.38,0.54,0.871921313336467,0.22
0.5,"29,331","9,777",0.25,"531,836","68,979","62,160","50,591",0.42,0.45,0.6117817136876835,0.17
0.55,"21,397","9,034",0.30,"553,233","47,582","71,194","41,557",0.47,0.37,0.4220095608908125,0.12
0.6,"15,392","7,681",0.33,"568,625","32,190","78,875","33,876",0.51,0.30,0.28549635923406447,0.09
0.65,"10,582","6,780",0.39,"579,207","21,608","85,655","27,096",0.56,0.24,0.19164353309505017,0.07
0.7,"7,281","5,803",0.44,"586,488","14,327","91,458","21,293",0.60,0.19,0.12706760915645982,0.05
0.75,"4,881","4,607",0.49,"591,369","9,446","96,065","16,686",0.64,0.15,0.08377752747204016,0.04
0.8,"3,210","3,895",0.55,"594,579","6,236","99,960","12,791",0.67,0.11,0.055307713457086856,0.03
0.85,"2,152","3,213",0.60,"596,731","4,084","103,173","9,578",0.70,0.08,0.03622140823584713,0.02
0.9,"1,495","2,658",0.64,"598,226","2,589","105,831","6,920",0.73,0.06,0.022962102331686638,0.01
0.95,"1,087","2,290",0.68,"599,313","1,502","108,121","4,630",0.76,0.04,0.01332138961073516,0.01
1.0,"1,502","4,630",0.76,"600,815",0,"112,751",0,nan,0.00,0.0,0.00
