p,Neg,Pos,Neg/Pos,TN,FP,FN,TP,FP/TP,Prec.,Rec.,$\hat{p}$
0.0,0,0,nan,0,"402,719",0,"78,926",5.10,0.16,1.00,1.00
0.05,"7,438",8,929.75,"7,438","395,281",8,"78,918",5.01,0.17,1.00,0.98
0.1,"14,143",69,204.97,"21,581","381,138",77,"78,849",4.83,0.17,1.00,0.96
0.15,"17,038",156,109.22,"38,619","364,100",233,"78,693",4.63,0.18,1.00,0.92
0.2,"19,185",292,65.70,"57,804","344,915",525,"78,401",4.40,0.19,0.99,0.88
0.25,"20,285",432,46.96,"78,089","324,630",957,"77,969",4.16,0.19,0.99,0.84
0.3,"21,037",631,33.34,"99,126","303,593","1,588","77,338",3.93,0.20,0.98,0.79
0.35,"22,331",872,25.61,"121,457","281,262","2,460","76,466",3.68,0.21,0.97,0.74
0.4,"23,513","1,241",18.95,"144,970","257,749","3,701","75,225",3.43,0.23,0.95,0.69
0.45,"24,246","1,554",15.60,"169,216","233,503","5,255","73,671",3.17,0.24,0.93,0.64
0.5,"24,896","2,081",11.96,"194,112","208,607","7,336","71,590",2.91,0.26,0.91,0.58
0.55,"25,676","2,593",9.90,"219,788","182,931","9,929","68,997",2.65,0.27,0.87,0.52
0.6,"26,098","3,272",7.98,"245,886","156,833","13,201","65,725",2.39,0.30,0.83,0.46
0.65,"26,213","4,240",6.18,"272,099","130,620","17,441","61,485",2.12,0.32,0.78,0.40
0.7,"26,121","5,062",5.16,"298,220","104,499","22,503","56,423",1.85,0.35,0.71,0.33
0.75,"25,616","6,379",4.02,"323,836","78,883","28,882","50,044",1.58,0.39,0.63,0.27
0.8,"24,140","7,929",3.04,"347,976","54,743","36,811","42,115",1.30,0.43,0.53,0.20
0.85,"21,638","9,290",2.33,"369,614","33,105","46,101","32,825",1.01,0.50,0.42,0.14
0.9,"17,201","10,547",1.63,"386,815","15,904","56,648","22,278",0.71,0.58,0.28,0.08
0.95,"11,696","11,654",1.00,"398,511","4,208","68,302","10,624",0.40,0.72,0.13,0.03
1.0,"4,208","10,624",0.40,"402,719",0,"78,926",0,nan,nan,0.00,0.00
