p,Neg,Pos,mPrec,TN,FP,FN,TP,Prec,Rec,$\hat{p}$
0.0,"4,207",10,0.00,"4,207","416,363",10,"78,916",0.16,1.00,0.99
0.01,"4,152",20,0.00,"8,359","412,211",30,"78,896",0.16,1.00,0.98
0.02,"5,033",26,0.01,"13,392","407,178",56,"78,870",0.16,1.00,0.97
0.03,"5,476",40,0.01,"18,868","401,702",96,"78,830",0.16,1.00,0.96
0.04,"5,876",61,0.01,"24,744","395,826",157,"78,769",0.17,1.00,0.95
0.05,"6,235",76,0.01,"30,979","389,591",233,"78,693",0.17,1.00,0.94
0.06,"6,419",79,0.01,"37,398","383,172",312,"78,614",0.17,1.00,0.92
0.07,"6,395",82,0.01,"43,793","376,777",394,"78,532",0.17,1.00,0.91
0.08,"6,698",105,0.02,"50,491","370,079",499,"78,427",0.17,0.99,0.90
0.09,"6,532",132,0.02,"57,023","363,547",631,"78,295",0.18,0.99,0.88
0.1,"6,508",134,0.02,"63,531","357,039",765,"78,161",0.18,0.99,0.87
0.11,"6,715",172,0.02,"70,246","350,324",937,"77,989",0.18,0.99,0.86
0.12,"6,595",176,0.03,"76,841","343,729","1,113","77,813",0.18,0.99,0.84
0.13,"6,638",199,0.03,"83,479","337,091","1,312","77,614",0.19,0.98,0.83
0.14,"6,591",203,0.03,"90,070","330,500","1,515","77,411",0.19,0.98,0.82
0.15,"6,603",202,0.03,"96,673","323,897","1,717","77,209",0.19,0.98,0.80
0.16,"6,566",226,0.03,"103,239","317,331","1,943","76,983",0.20,0.98,0.79
0.17,"6,469",244,0.04,"109,708","310,862","2,187","76,739",0.20,0.97,0.78
0.18,"6,501",222,0.03,"116,209","304,361","2,409","76,517",0.20,0.97,0.76
0.19,"6,461",279,0.04,"122,670","297,900","2,688","76,238",0.20,0.97,0.75
0.2,"6,360",305,0.05,"129,030","291,540","2,993","75,933",0.21,0.96,0.74
0.21,"6,354",328,0.05,"135,384","285,186","3,321","75,605",0.21,0.96,0.72
0.22,"6,295",325,0.05,"141,679","278,891","3,646","75,280",0.21,0.95,0.71
0.23,"6,339",347,0.05,"148,018","272,552","3,993","74,933",0.22,0.95,0.70
0.24,"6,164",354,0.05,"154,182","266,388","4,347","74,579",0.22,0.94,0.68
0.25,"6,149",382,0.06,"160,331","260,239","4,729","74,197",0.22,0.94,0.67
0.26,"6,141",401,0.06,"166,472","254,098","5,130","73,796",0.23,0.94,0.66
0.27,"6,029",418,0.06,"172,501","248,069","5,548","73,378",0.23,0.93,0.64
0.28,"6,023",443,0.07,"178,524","242,046","5,991","72,935",0.23,0.92,0.63
0.29,"5,952",438,0.07,"184,476","236,094","6,429","72,497",0.23,0.92,0.62
0.3,"5,908",463,0.07,"190,384","230,186","6,892","72,034",0.24,0.91,0.61
0.31,"5,896",483,0.08,"196,280","224,290","7,375","71,551",0.24,0.91,0.59
0.32,"5,778",554,0.09,"202,058","218,512","7,929","70,997",0.25,0.90,0.58
0.33,"5,631",493,0.08,"207,689","212,881","8,422","70,504",0.25,0.89,0.57
0.34,"5,630",561,0.09,"213,319","207,251","8,983","69,943",0.25,0.89,0.55
0.35,"5,605",537,0.09,"218,924","201,646","9,520","69,406",0.26,0.88,0.54
0.36,"5,439",593,0.10,"224,363","196,207","10,113","68,813",0.26,0.87,0.53
0.37,"5,440",603,0.10,"229,803","190,767","10,716","68,210",0.26,0.86,0.52
0.38,"5,189",605,0.10,"234,992","185,578","11,321","67,605",0.27,0.86,0.51
0.39,"5,298",616,0.10,"240,290","180,280","11,937","66,989",0.27,0.85,0.50
0.4,"5,350",643,0.11,"245,640","174,930","12,580","66,346",0.27,0.84,0.48
0.41,"5,207",689,0.12,"250,847","169,723","13,269","65,657",0.28,0.83,0.47
0.42,"5,129",681,0.12,"255,976","164,594","13,950","64,976",0.28,0.82,0.46
0.43,"4,964",697,0.12,"260,940","159,630","14,647","64,279",0.29,0.81,0.45
0.44,"4,973",682,0.12,"265,913","154,657","15,329","63,597",0.29,0.81,0.44
0.45,"4,820",754,0.14,"270,733","149,837","16,083","62,843",0.30,0.80,0.43
0.46,"4,875",795,0.14,"275,608","144,962","16,878","62,048",0.30,0.79,0.41
0.47,"4,833",802,0.14,"280,441","140,129","17,680","61,246",0.30,0.78,0.40
0.48,"4,717",765,0.14,"285,158","135,412","18,445","60,481",0.31,0.77,0.39
0.49,"4,650",815,0.15,"289,808","130,762","19,260","59,666",0.31,0.76,0.38
0.5,"4,622",806,0.15,"294,430","126,140","20,066","58,860",0.32,0.75,0.37
0.51,"4,525",807,0.15,"298,955","121,615","20,873","58,053",0.32,0.74,0.36
0.52,"4,403",871,0.17,"303,358","117,212","21,744","57,182",0.33,0.72,0.35
0.53,"4,194",842,0.17,"307,552","113,018","22,586","56,340",0.33,0.71,0.34
0.54,"4,370",878,0.17,"311,922","108,648","23,464","55,462",0.34,0.70,0.33
0.55,"4,160",983,0.19,"316,082","104,488","24,447","54,479",0.34,0.69,0.32
0.56,"4,244",974,0.19,"320,326","100,244","25,421","53,505",0.35,0.68,0.31
0.57,"4,248",927,0.18,"324,574","95,996","26,348","52,578",0.35,0.67,0.30
0.58,"4,037",909,0.18,"328,611","91,959","27,257","51,669",0.36,0.65,0.29
0.59,"3,915","1,030",0.21,"332,526","88,044","28,287","50,639",0.37,0.64,0.28
0.6,"3,861","1,016",0.21,"336,387","84,183","29,303","49,623",0.37,0.63,0.27
0.61,"3,805","1,093",0.22,"340,192","80,378","30,396","48,530",0.38,0.61,0.26
0.62,"3,871","1,083",0.22,"344,063","76,507","31,479","47,447",0.38,0.60,0.25
0.63,"3,815","1,134",0.23,"347,878","72,692","32,613","46,313",0.39,0.59,0.24
0.64,"3,599","1,164",0.24,"351,477","69,093","33,777","45,149",0.40,0.57,0.23
0.65,"3,553","1,168",0.25,"355,030","65,540","34,945","43,981",0.40,0.56,0.22
0.66,"3,497","1,162",0.25,"358,527","62,043","36,107","42,819",0.41,0.54,0.21
0.67,"3,396","1,156",0.25,"361,923","58,647","37,263","41,663",0.42,0.53,0.20
0.68,"3,322","1,200",0.27,"365,245","55,325","38,463","40,463",0.42,0.51,0.19
0.69,"3,181","1,242",0.28,"368,426","52,144","39,705","39,221",0.43,0.50,0.18
0.7,"3,165","1,181",0.27,"371,591","48,979","40,886","38,040",0.44,0.48,0.17
0.71,"3,067","1,250",0.29,"374,658","45,912","42,136","36,790",0.44,0.47,0.17
0.72,"2,904","1,248",0.30,"377,562","43,008","43,384","35,542",0.45,0.45,0.16
0.73,"2,861","1,230",0.30,"380,423","40,147","44,614","34,312",0.46,0.43,0.15
0.74,"2,704","1,229",0.31,"383,127","37,443","45,843","33,083",0.47,0.42,0.14
0.75,"2,771","1,209",0.30,"385,898","34,672","47,052","31,874",0.48,0.40,0.13
0.76,"2,581","1,264",0.33,"388,479","32,091","48,316","30,610",0.49,0.39,0.13
0.77,"2,500","1,239",0.33,"390,979","29,591","49,555","29,371",0.50,0.37,0.12
0.78,"2,292","1,314",0.36,"393,271","27,299","50,869","28,057",0.51,0.36,0.11
0.79,"2,257","1,337",0.37,"395,528","25,042","52,206","26,720",0.52,0.34,0.10
0.8,"2,169","1,357",0.38,"397,697","22,873","53,563","25,363",0.53,0.32,0.10
0.81,"2,050","1,294",0.39,"399,747","20,823","54,857","24,069",0.54,0.30,0.09
0.82,"1,991","1,308",0.40,"401,738","18,832","56,165","22,761",0.55,0.29,0.08
0.83,"1,906","1,363",0.42,"403,644","16,926","57,528","21,398",0.56,0.27,0.08
0.84,"1,769","1,283",0.42,"405,413","15,157","58,811","20,115",0.57,0.25,0.07
0.85,"1,670","1,288",0.44,"407,083","13,487","60,099","18,827",0.58,0.24,0.06
0.86,"1,588","1,301",0.45,"408,671","11,899","61,400","17,526",0.60,0.22,0.06
0.87,"1,463","1,314",0.47,"410,134","10,436","62,714","16,212",0.61,0.21,0.05
0.88,"1,368","1,269",0.48,"411,502","9,068","63,983","14,943",0.62,0.19,0.05
0.89,"1,284","1,250",0.49,"412,786","7,784","65,233","13,693",0.64,0.17,0.04
0.9,"1,204","1,262",0.51,"413,990","6,580","66,495","12,431",0.65,0.16,0.04
0.91,998,"1,193",0.54,"414,988","5,582","67,688","11,238",0.67,0.14,0.03
0.92,917,"1,184",0.56,"415,905","4,665","68,872","10,054",0.68,0.13,0.03
0.93,830,"1,186",0.59,"416,735","3,835","70,058","8,868",0.70,0.11,0.03
0.94,707,"1,073",0.60,"417,442","3,128","71,131","7,795",0.71,0.10,0.02
0.95,648,"1,074",0.62,"418,090","2,480","72,205","6,721",0.73,0.09,0.02
0.96,548,"1,068",0.66,"418,638","1,932","73,273","5,653",0.75,0.07,0.02
0.97,540,"1,203",0.69,"419,178","1,392","74,476","4,450",0.76,0.06,0.01
0.98,483,"1,298",0.73,"419,661",909,"75,774","3,152",0.78,0.04,0.01
0.99,401,"1,248",0.76,"420,062",508,"77,022","1,904",0.79,0.02,0.00
1.0,508,"1,904",0.79,"420,570",0,"78,926",0,nan,0.00,0.00
