p,Neg,Pos,Neg/Pos,TN,FP,FN,TP,FP/TP,Prec.,Rec.,$\hat{p}$
0.0,0,0,nan,0,"420,570",0,"78,926",5.33,0.16,1.00,1.00
0.05,"128,938","3,324",38.79,"128,938","291,632","3,324","75,602",3.86,0.21,0.96,0.74
0.1,"98,766","7,613",12.97,"227,704","192,866","10,937","67,989",2.84,0.26,0.86,0.52
0.15,"62,965","8,497",7.41,"290,669","129,901","19,434","59,492",2.18,0.31,0.75,0.38
0.2,"41,185","8,335",4.94,"331,854","88,716","27,769","51,157",1.73,0.37,0.65,0.28
0.25,"28,273","8,067",3.50,"360,127","60,443","35,836","43,090",1.40,0.42,0.55,0.21
0.3,"18,992","7,129",2.66,"379,119","41,451","42,965","35,961",1.15,0.46,0.46,0.15
0.35,"12,647","6,089",2.08,"391,766","28,804","49,054","29,872",0.96,0.51,0.38,0.12
0.4,"8,779","4,962",1.77,"400,545","20,025","54,016","24,910",0.80,0.55,0.32,0.09
0.45,"6,094","4,351",1.40,"406,639","13,931","58,367","20,559",0.68,0.60,0.26,0.07
0.5,"4,162","3,659",1.14,"410,801","9,769","62,026","16,900",0.58,0.63,0.21,0.05
0.55,"3,048","3,269",0.93,"413,849","6,721","65,295","13,631",0.49,0.67,0.17,0.04
0.6,"2,119","2,801",0.76,"415,968","4,602","68,096","10,830",0.42,0.70,0.14,0.03
0.65,"1,494","2,395",0.62,"417,462","3,108","70,491","8,435",0.37,0.73,0.11,0.02
0.7,"1,097","2,088",0.53,"418,559","2,011","72,579","6,347",0.32,0.76,0.08,0.02
0.75,846,"1,985",0.43,"419,405","1,165","74,564","4,362",0.27,0.79,0.06,0.01
0.8,605,"1,872",0.32,"420,010",560,"76,436","2,490",0.22,0.82,0.03,0.01
0.85,379,"1,522",0.25,"420,389",181,"77,958",968,0.19,0.84,0.01,0.00
0.9,162,738,0.22,"420,551",19,"78,696",230,0.08,0.92,0.00,0.00
0.95,18,217,0.08,"420,569",1,"78,913",13,0.08,0.93,0.00,0.00
1.0,1,13,0.08,"420,570",0,"78,926",0,nan,nan,0.00,0.00
