p,Neg,Pos,mPrec,TN,FP,FN,TP,Prec,Rec,$\hat{p}$
0.0,"4,507",30,0.01,"4,507","175,738",30,"33,795",0.16,1.00,0.98
0.01,"9,341",150,0.02,"13,848","166,397",180,"33,645",0.17,0.99,0.93
0.02,"10,395",245,0.02,"24,243","156,002",425,"33,400",0.18,0.99,0.88
0.03,"10,200",340,0.03,"34,443","145,802",765,"33,060",0.18,0.98,0.84
0.04,"9,349",454,0.05,"43,792","136,453","1,219","32,606",0.19,0.96,0.79
0.05,"8,875",460,0.05,"52,667","127,578","1,679","32,146",0.20,0.95,0.75
0.06,"8,404",534,0.06,"61,071","119,174","2,213","31,612",0.21,0.93,0.70
0.07,"7,857",571,0.07,"68,928","111,317","2,784","31,041",0.22,0.92,0.67
0.08,"7,086",618,0.08,"76,014","104,231","3,402","30,423",0.23,0.90,0.63
0.09,"6,751",596,0.08,"82,765","97,480","3,998","29,827",0.23,0.88,0.59
0.1,"6,179",656,0.10,"88,944","91,301","4,654","29,171",0.24,0.86,0.56
0.11,"5,813",635,0.10,"94,757","85,488","5,289","28,536",0.25,0.84,0.53
0.12,"5,322",642,0.11,"100,079","80,166","5,931","27,894",0.26,0.82,0.50
0.13,"4,929",621,0.11,"105,008","75,237","6,552","27,273",0.27,0.81,0.48
0.14,"4,684",607,0.11,"109,692","70,553","7,159","26,666",0.27,0.79,0.45
0.15,"4,206",662,0.14,"113,898","66,347","7,821","26,004",0.28,0.77,0.43
0.16,"3,945",573,0.13,"117,843","62,402","8,394","25,431",0.29,0.75,0.41
0.17,"3,767",624,0.14,"121,610","58,635","9,018","24,807",0.30,0.73,0.39
0.18,"3,454",632,0.15,"125,064","55,181","9,650","24,175",0.30,0.71,0.37
0.19,"3,232",619,0.16,"128,296","51,949","10,269","23,556",0.31,0.70,0.35
0.2,"3,009",651,0.18,"131,305","48,940","10,920","22,905",0.32,0.68,0.34
0.21,"2,875",558,0.16,"134,180","46,065","11,478","22,347",0.33,0.66,0.32
0.22,"2,620",565,0.18,"136,800","43,445","12,043","21,782",0.33,0.64,0.30
0.23,"2,470",583,0.19,"139,270","40,975","12,626","21,199",0.34,0.63,0.29
0.24,"2,380",523,0.18,"141,650","38,595","13,149","20,676",0.35,0.61,0.28
0.25,"2,271",554,0.20,"143,921","36,324","13,703","20,122",0.36,0.59,0.26
0.26,"2,105",565,0.21,"146,026","34,219","14,268","19,557",0.36,0.58,0.25
0.27,"2,033",524,0.20,"148,059","32,186","14,792","19,033",0.37,0.56,0.24
0.28,"1,908",484,0.20,"149,967","30,278","15,276","18,549",0.38,0.55,0.23
0.29,"1,709",499,0.23,"151,676","28,569","15,775","18,050",0.39,0.53,0.22
0.3,"1,638",525,0.24,"153,314","26,931","16,300","17,525",0.39,0.52,0.21
0.31,"1,505",489,0.25,"154,819","25,426","16,789","17,036",0.40,0.50,0.20
0.32,"1,414",487,0.26,"156,233","24,012","17,276","16,549",0.41,0.49,0.19
0.33,"1,362",459,0.25,"157,595","22,650","17,735","16,090",0.42,0.48,0.18
0.34,"1,294",451,0.26,"158,889","21,356","18,186","15,639",0.42,0.46,0.17
0.35,"1,168",481,0.29,"160,057","20,188","18,667","15,158",0.43,0.45,0.17
0.36,"1,120",434,0.28,"161,177","19,068","19,101","14,724",0.44,0.44,0.16
0.37,"1,040",455,0.30,"162,217","18,028","19,556","14,269",0.44,0.42,0.15
0.38,"1,072",412,0.28,"163,289","16,956","19,968","13,857",0.45,0.41,0.14
0.39,955,360,0.27,"164,244","16,001","20,328","13,497",0.46,0.40,0.14
0.4,845,397,0.32,"165,089","15,156","20,725","13,100",0.46,0.39,0.13
0.41,849,390,0.31,"165,938","14,307","21,115","12,710",0.47,0.38,0.13
0.42,768,393,0.34,"166,706","13,539","21,508","12,317",0.48,0.36,0.12
0.43,750,389,0.34,"167,456","12,789","21,897","11,928",0.48,0.35,0.12
0.44,685,342,0.33,"168,141","12,104","22,239","11,586",0.49,0.34,0.11
0.45,693,355,0.34,"168,834","11,411","22,594","11,231",0.50,0.33,0.11
0.46,638,357,0.36,"169,472","10,773","22,951","10,874",0.50,0.32,0.10
0.47,583,338,0.37,"170,055","10,190","23,289","10,536",0.51,0.31,0.10
0.48,566,333,0.37,"170,621","9,624","23,622","10,203",0.51,0.30,0.09
0.49,501,306,0.38,"171,122","9,123","23,928","9,897",0.52,0.29,0.09
0.5,493,310,0.39,"171,615","8,630","24,238","9,587",0.53,0.28,0.09
0.51,479,271,0.36,"172,094","8,151","24,509","9,316",0.53,0.28,0.08
0.52,453,291,0.39,"172,547","7,698","24,800","9,025",0.54,0.27,0.08
0.53,422,286,0.40,"172,969","7,276","25,086","8,739",0.55,0.26,0.07
0.54,384,259,0.40,"173,353","6,892","25,345","8,480",0.55,0.25,0.07
0.55,385,270,0.41,"173,738","6,507","25,615","8,210",0.56,0.24,0.07
0.56,353,240,0.40,"174,091","6,154","25,855","7,970",0.56,0.24,0.07
0.57,299,254,0.46,"174,390","5,855","26,109","7,716",0.57,0.23,0.06
0.58,315,244,0.44,"174,705","5,540","26,353","7,472",0.57,0.22,0.06
0.59,325,249,0.43,"175,030","5,215","26,602","7,223",0.58,0.21,0.06
0.6,274,201,0.42,"175,304","4,941","26,803","7,022",0.59,0.21,0.06
0.61,247,246,0.50,"175,551","4,694","27,049","6,776",0.59,0.20,0.05
0.62,256,218,0.46,"175,807","4,438","27,267","6,558",0.60,0.19,0.05
0.63,264,195,0.42,"176,071","4,174","27,462","6,363",0.60,0.19,0.05
0.64,228,220,0.49,"176,299","3,946","27,682","6,143",0.61,0.18,0.05
0.65,205,200,0.49,"176,504","3,741","27,882","5,943",0.61,0.18,0.05
0.66,203,214,0.51,"176,707","3,538","28,096","5,729",0.62,0.17,0.04
0.67,241,198,0.45,"176,948","3,297","28,294","5,531",0.63,0.16,0.04
0.68,173,191,0.52,"177,121","3,124","28,485","5,340",0.63,0.16,0.04
0.69,177,191,0.52,"177,298","2,947","28,676","5,149",0.64,0.15,0.04
0.7,182,183,0.50,"177,480","2,765","28,859","4,966",0.64,0.15,0.04
0.71,164,185,0.53,"177,644","2,601","29,044","4,781",0.65,0.14,0.03
0.72,144,164,0.53,"177,788","2,457","29,208","4,617",0.65,0.14,0.03
0.73,155,172,0.53,"177,943","2,302","29,380","4,445",0.66,0.13,0.03
0.74,139,180,0.56,"178,082","2,163","29,560","4,265",0.66,0.13,0.03
0.75,128,156,0.55,"178,210","2,035","29,716","4,109",0.67,0.12,0.03
0.76,121,156,0.56,"178,331","1,914","29,872","3,953",0.67,0.12,0.03
0.77,119,160,0.57,"178,450","1,795","30,032","3,793",0.68,0.11,0.03
0.78,90,142,0.61,"178,540","1,705","30,174","3,651",0.68,0.11,0.03
0.79,113,125,0.53,"178,653","1,592","30,299","3,526",0.69,0.10,0.02
0.8,102,156,0.60,"178,755","1,490","30,455","3,370",0.69,0.10,0.02
0.81,87,151,0.63,"178,842","1,403","30,606","3,219",0.70,0.10,0.02
0.82,89,152,0.63,"178,931","1,314","30,758","3,067",0.70,0.09,0.02
0.83,86,130,0.60,"179,017","1,228","30,888","2,937",0.71,0.09,0.02
0.84,71,151,0.68,"179,088","1,157","31,039","2,786",0.71,0.08,0.02
0.85,74,142,0.66,"179,162","1,083","31,181","2,644",0.71,0.08,0.02
0.86,81,129,0.61,"179,243","1,002","31,310","2,515",0.72,0.07,0.02
0.87,74,116,0.61,"179,317",928,"31,426","2,399",0.72,0.07,0.02
0.88,76,133,0.64,"179,393",852,"31,559","2,266",0.73,0.07,0.01
0.89,73,115,0.61,"179,466",779,"31,674","2,151",0.73,0.06,0.01
0.9,60,126,0.68,"179,526",719,"31,800","2,025",0.74,0.06,0.01
0.91,56,136,0.71,"179,582",663,"31,936","1,889",0.74,0.06,0.01
0.92,53,127,0.71,"179,635",610,"32,063","1,762",0.74,0.05,0.01
0.93,44,126,0.74,"179,679",566,"32,189","1,636",0.74,0.05,0.01
0.94,59,121,0.67,"179,738",507,"32,310","1,515",0.75,0.04,0.01
0.95,68,123,0.64,"179,806",439,"32,433","1,392",0.76,0.04,0.01
0.96,46,110,0.71,"179,852",393,"32,543","1,282",0.77,0.04,0.01
0.97,50,125,0.71,"179,902",343,"32,668","1,157",0.77,0.03,0.01
0.98,44,96,0.69,"179,946",299,"32,764","1,061",0.78,0.03,0.01
0.99,29,118,0.80,"179,975",270,"32,882",943,0.78,0.03,0.01
1.0,270,943,0.78,"180,245",0,"33,825",0,nan,0.00,0.00
