p,Neg,Pos,Neg/Pos,TN,FP,FN,TP,FP/TP,Prec.,Rec.,$\hat{p}$
0.0,0,0,nan,0,"180,245",0,"33,825",5.33,0.16,1.00,1.00
0.01,"7,063",58,121.78,"7,063","173,182",58,"33,767",5.13,0.16,1.00,0.97
0.02,"12,357",238,51.92,"19,420","160,825",296,"33,529",4.80,0.17,0.99,0.91
0.03,"12,835",375,34.23,"32,255","147,990",671,"33,154",4.46,0.18,0.98,0.85
0.04,"11,764",558,21.08,"44,019","136,226","1,229","32,596",4.18,0.19,0.96,0.79
0.05,"10,939",574,19.06,"54,958","125,287","1,803","32,022",3.91,0.20,0.95,0.73
0.06,"10,126",686,14.76,"65,084","115,161","2,489","31,336",3.68,0.21,0.93,0.68
0.07,"9,169",736,12.46,"74,253","105,992","3,225","30,600",3.46,0.22,0.90,0.64
0.08,"8,412",766,10.98,"82,665","97,580","3,991","29,834",3.27,0.23,0.88,0.60
0.09,"7,601",814,9.34,"90,266","89,979","4,805","29,020",3.10,0.24,0.86,0.56
0.1,"7,035",803,8.76,"97,301","82,944","5,608","28,217",2.94,0.25,0.83,0.52
0.11,"6,301",767,8.22,"103,602","76,643","6,375","27,450",2.79,0.26,0.81,0.49
0.12,"5,845",746,7.84,"109,447","70,798","7,121","26,704",2.65,0.27,0.79,0.46
0.13,"5,184",809,6.41,"114,631","65,614","7,930","25,895",2.53,0.28,0.77,0.43
0.14,"4,811",734,6.55,"119,442","60,803","8,664","25,161",2.42,0.29,0.74,0.40
0.15,"4,479",781,5.73,"123,921","56,324","9,445","24,380",2.31,0.30,0.72,0.38
0.16,"4,081",772,5.29,"128,002","52,243","10,217","23,608",2.21,0.31,0.70,0.35
0.17,"3,759",788,4.77,"131,761","48,484","11,005","22,820",2.12,0.32,0.67,0.33
0.18,"3,523",711,4.95,"135,284","44,961","11,716","22,109",2.03,0.33,0.65,0.31
0.19,"3,087",690,4.47,"138,371","41,874","12,406","21,419",1.95,0.34,0.63,0.30
0.2,"2,986",661,4.52,"141,357","38,888","13,067","20,758",1.87,0.35,0.61,0.28
0.21,"2,808",710,3.95,"144,165","36,080","13,777","20,048",1.80,0.36,0.59,0.26
0.22,"2,576",680,3.79,"146,741","33,504","14,457","19,368",1.73,0.37,0.57,0.25
0.23,"2,471",620,3.99,"149,212","31,033","15,077","18,748",1.66,0.38,0.55,0.23
0.24,"2,177",605,3.60,"151,389","28,856","15,682","18,143",1.59,0.39,0.54,0.22
0.25,"2,017",650,3.10,"153,406","26,839","16,332","17,493",1.53,0.39,0.52,0.21
0.26,"1,831",624,2.93,"155,237","25,008","16,956","16,869",1.48,0.40,0.50,0.20
0.27,"1,748",557,3.14,"156,985","23,260","17,513","16,312",1.43,0.41,0.48,0.18
0.28,"1,667",568,2.93,"158,652","21,593","18,081","15,744",1.37,0.42,0.47,0.17
0.29,"1,437",597,2.41,"160,089","20,156","18,678","15,147",1.33,0.43,0.45,0.16
0.3,"1,384",536,2.58,"161,473","18,772","19,214","14,611",1.28,0.44,0.43,0.16
0.31,"1,296",559,2.32,"162,769","17,476","19,773","14,052",1.24,0.45,0.42,0.15
0.32,"1,208",453,2.67,"163,977","16,268","20,226","13,599",1.20,0.46,0.40,0.14
0.33,"1,099",497,2.21,"165,076","15,169","20,723","13,102",1.16,0.46,0.39,0.13
0.34,"1,037",487,2.13,"166,113","14,132","21,210","12,615",1.12,0.47,0.37,0.12
0.35,960,476,2.02,"167,073","13,172","21,686","12,139",1.09,0.48,0.36,0.12
0.36,885,450,1.97,"167,958","12,287","22,136","11,689",1.05,0.49,0.35,0.11
0.37,832,437,1.90,"168,790","11,455","22,573","11,252",1.02,0.50,0.33,0.11
0.38,799,446,1.79,"169,589","10,656","23,019","10,806",0.99,0.50,0.32,0.10
0.39,727,431,1.69,"170,316","9,929","23,450","10,375",0.96,0.51,0.31,0.09
0.4,635,392,1.62,"170,951","9,294","23,842","9,983",0.93,0.52,0.30,0.09
0.41,623,376,1.66,"171,574","8,671","24,218","9,607",0.90,0.53,0.28,0.09
0.42,590,330,1.79,"172,164","8,081","24,548","9,277",0.87,0.53,0.27,0.08
0.43,538,362,1.49,"172,702","7,543","24,910","8,915",0.85,0.54,0.26,0.08
0.44,515,334,1.54,"173,217","7,028","25,244","8,581",0.82,0.55,0.25,0.07
0.45,476,347,1.37,"173,693","6,552","25,591","8,234",0.80,0.56,0.24,0.07
0.46,438,285,1.54,"174,131","6,114","25,876","7,949",0.77,0.57,0.24,0.07
0.47,377,328,1.15,"174,508","5,737","26,204","7,621",0.75,0.57,0.23,0.06
0.48,377,301,1.25,"174,885","5,360","26,505","7,320",0.73,0.58,0.22,0.06
0.49,374,269,1.39,"175,259","4,986","26,774","7,051",0.71,0.59,0.21,0.06
0.5,308,289,1.07,"175,567","4,678","27,063","6,762",0.69,0.59,0.20,0.05
0.51,315,268,1.18,"175,882","4,363","27,331","6,494",0.67,0.60,0.19,0.05
0.52,311,238,1.31,"176,193","4,052","27,569","6,256",0.65,0.61,0.18,0.05
0.53,282,261,1.08,"176,475","3,770","27,830","5,995",0.63,0.61,0.18,0.05
0.54,239,272,0.88,"176,714","3,531","28,102","5,723",0.62,0.62,0.17,0.04
0.55,289,253,1.14,"177,003","3,242","28,355","5,470",0.59,0.63,0.16,0.04
0.56,220,229,0.96,"177,223","3,022","28,584","5,241",0.58,0.63,0.15,0.04
0.57,212,232,0.91,"177,435","2,810","28,816","5,009",0.56,0.64,0.15,0.04
0.58,207,227,0.91,"177,642","2,603","29,043","4,782",0.54,0.65,0.14,0.03
0.59,177,212,0.83,"177,819","2,426","29,255","4,570",0.53,0.65,0.14,0.03
0.6,188,202,0.93,"178,007","2,238","29,457","4,368",0.51,0.66,0.13,0.03
0.61,171,212,0.81,"178,178","2,067","29,669","4,156",0.50,0.67,0.12,0.03
0.62,148,192,0.77,"178,326","1,919","29,861","3,964",0.48,0.67,0.12,0.03
0.63,144,206,0.70,"178,470","1,775","30,067","3,758",0.47,0.68,0.11,0.03
0.64,129,145,0.89,"178,599","1,646","30,212","3,613",0.46,0.69,0.11,0.02
0.65,109,187,0.58,"178,708","1,537","30,399","3,426",0.45,0.69,0.10,0.02
0.66,130,197,0.66,"178,838","1,407","30,596","3,229",0.44,0.70,0.10,0.02
0.67,110,182,0.60,"178,948","1,297","30,778","3,047",0.43,0.70,0.09,0.02
0.68,99,173,0.57,"179,047","1,198","30,951","2,874",0.42,0.71,0.08,0.02
0.69,90,182,0.49,"179,137","1,108","31,133","2,692",0.41,0.71,0.08,0.02
0.7,95,164,0.58,"179,232","1,013","31,297","2,528",0.40,0.71,0.07,0.02
0.71,94,148,0.64,"179,326",919,"31,445","2,380",0.39,0.72,0.07,0.02
0.72,89,150,0.59,"179,415",830,"31,595","2,230",0.37,0.73,0.07,0.01
0.73,81,152,0.53,"179,496",749,"31,747","2,078",0.36,0.74,0.06,0.01
0.74,79,168,0.47,"179,575",670,"31,915","1,910",0.35,0.74,0.06,0.01
0.75,66,165,0.40,"179,641",604,"32,080","1,745",0.35,0.74,0.05,0.01
0.76,58,144,0.40,"179,699",546,"32,224","1,601",0.34,0.75,0.05,0.01
0.77,76,148,0.51,"179,775",470,"32,372","1,453",0.32,0.76,0.04,0.01
0.78,63,140,0.45,"179,838",407,"32,512","1,313",0.31,0.76,0.04,0.01
0.79,67,159,0.42,"179,905",340,"32,671","1,154",0.29,0.77,0.03,0.01
0.8,49,121,0.40,"179,954",291,"32,792","1,033",0.28,0.78,0.03,0.01
0.81,38,132,0.29,"179,992",253,"32,924",901,0.28,0.78,0.03,0.01
0.82,45,133,0.34,"180,037",208,"33,057",768,0.27,0.79,0.02,0.00
0.83,36,126,0.29,"180,073",172,"33,183",642,0.27,0.79,0.02,0.00
0.84,36,115,0.31,"180,109",136,"33,298",527,0.26,0.79,0.02,0.00
0.85,30,104,0.29,"180,139",106,"33,402",423,0.25,0.80,0.01,0.00
0.86,23,96,0.24,"180,162",83,"33,498",327,0.25,0.80,0.01,0.00
0.87,25,78,0.32,"180,187",58,"33,576",249,0.23,0.81,0.01,0.00
0.88,14,61,0.23,"180,201",44,"33,637",188,0.23,0.81,0.01,0.00
0.89,20,48,0.42,"180,221",24,"33,685",140,0.17,0.85,0.00,0.00
0.9,9,42,0.21,"180,230",15,"33,727",98,0.15,0.87,0.00,0.00
0.91,8,31,0.26,"180,238",7,"33,758",67,0.10,0.91,0.00,0.00
0.92,2,24,0.08,"180,240",5,"33,782",43,0.12,0.90,0.00,0.00
0.93,2,17,0.12,"180,242",3,"33,799",26,0.12,0.90,0.00,0.00
0.94,3,15,0.20,"180,245",0,"33,814",11,0.00,1.00,0.00,0.00
0.95,0,10,0.00,"180,245",0,"33,824",1,0.00,1.00,0.00,0.00
0.96,0,1,0.00,"180,245",0,"33,825",0,nan,nan,0.00,0.00
0.97,0,0,nan,"180,245",0,"33,825",0,nan,nan,0.00,0.00
0.98,0,0,nan,"180,245",0,"33,825",0,nan,nan,0.00,0.00
0.99,0,0,nan,"180,245",0,"33,825",0,nan,nan,0.00,0.00
1.0,0,0,nan,"180,245",0,"33,825",0,nan,nan,0.00,0.00
