p,Neg,Pos,Neg/Pos,TN,FP,FN,TP,FP/TP,Prec.,Rec.,$\hat{p}$
0.0,0,0,nan,0,"180,245",0,"33,825",5.33,0.16,1.00,1.00
0.01,0,0,nan,0,"180,245",0,"33,825",5.33,0.16,1.00,1.00
0.02,0,0,nan,0,"180,245",0,"33,825",5.33,0.16,1.00,1.00
0.03,0,0,nan,0,"180,245",0,"33,825",5.33,0.16,1.00,1.00
0.04,0,0,nan,0,"180,245",0,"33,825",5.33,0.16,1.00,1.00
0.05,0,0,nan,0,"180,245",0,"33,825",5.33,0.16,1.00,1.00
0.06,0,0,nan,0,"180,245",0,"33,825",5.33,0.16,1.00,1.00
0.07,0,0,nan,0,"180,245",0,"33,825",5.33,0.16,1.00,1.00
0.08,0,0,nan,0,"180,245",0,"33,825",5.33,0.16,1.00,1.00
0.09,0,0,nan,0,"180,245",0,"33,825",5.33,0.16,1.00,1.00
0.1,0,0,nan,0,"180,245",0,"33,825",5.33,0.16,1.00,1.00
0.11,0,0,nan,0,"180,245",0,"33,825",5.33,0.16,1.00,1.00
0.12,0,0,nan,0,"180,245",0,"33,825",5.33,0.16,1.00,1.00
0.13,0,0,nan,0,"180,245",0,"33,825",5.33,0.16,1.00,1.00
0.14,0,0,nan,0,"180,245",0,"33,825",5.33,0.16,1.00,1.00
0.15,0,0,nan,0,"180,245",0,"33,825",5.33,0.16,1.00,1.00
0.16,0,0,nan,0,"180,245",0,"33,825",5.33,0.16,1.00,1.00
0.17,0,0,nan,0,"180,245",0,"33,825",5.33,0.16,1.00,1.00
0.18,0,0,nan,0,"180,245",0,"33,825",5.33,0.16,1.00,1.00
0.19,0,0,nan,0,"180,245",0,"33,825",5.33,0.16,1.00,1.00
0.2,0,0,nan,0,"180,245",0,"33,825",5.33,0.16,1.00,1.00
0.21,0,0,nan,0,"180,245",0,"33,825",5.33,0.16,1.00,1.00
0.22,0,0,nan,0,"180,245",0,"33,825",5.33,0.16,1.00,1.00
0.23,0,0,nan,0,"180,245",0,"33,825",5.33,0.16,1.00,1.00
0.24,0,0,nan,0,"180,245",0,"33,825",5.33,0.16,1.00,1.00
0.25,0,0,nan,0,"180,245",0,"33,825",5.33,0.16,1.00,1.00
0.26,0,0,nan,0,"180,245",0,"33,825",5.33,0.16,1.00,1.00
0.27,0,0,nan,0,"180,245",0,"33,825",5.33,0.16,1.00,1.00
0.28,0,0,nan,0,"180,245",0,"33,825",5.33,0.16,1.00,1.00
0.29,0,0,nan,0,"180,245",0,"33,825",5.33,0.16,1.00,1.00
0.3,0,0,nan,0,"180,245",0,"33,825",5.33,0.16,1.00,1.00
0.31,0,0,nan,0,"180,245",0,"33,825",5.33,0.16,1.00,1.00
0.32,6,0,inf,6,"180,239",0,"33,825",5.33,0.16,1.00,1.00
0.33,4,1,4.00,10,"180,235",1,"33,824",5.33,0.16,1.00,1.00
0.34,4,0,inf,14,"180,231",1,"33,824",5.33,0.16,1.00,1.00
0.35,10,0,inf,24,"180,221",1,"33,824",5.33,0.16,1.00,1.00
0.36,36,1,36.00,60,"180,185",2,"33,823",5.33,0.16,1.00,1.00
0.37,58,3,19.33,118,"180,127",5,"33,820",5.33,0.16,1.00,1.00
0.38,58,3,19.33,176,"180,069",8,"33,817",5.32,0.16,1.00,1.00
0.39,328,14,23.43,504,"179,741",22,"33,803",5.32,0.16,1.00,1.00
0.4,650,22,29.55,"1,154","179,091",44,"33,781",5.30,0.16,1.00,0.99
0.41,"1,061",44,24.11,"2,215","178,030",88,"33,737",5.28,0.16,1.00,0.99
0.42,"3,139",147,21.35,"5,354","174,891",235,"33,590",5.21,0.16,0.99,0.97
0.43,"5,572",305,18.27,"10,926","169,319",540,"33,285",5.09,0.16,0.98,0.95
0.44,"9,876",632,15.63,"20,802","159,443","1,172","32,653",4.88,0.17,0.97,0.90
0.45,"9,242",692,13.36,"30,044","150,201","1,864","31,961",4.70,0.18,0.94,0.85
0.46,"11,056","1,065",10.38,"41,100","139,145","2,929","30,896",4.50,0.18,0.91,0.79
0.47,"16,038","1,863",8.61,"57,138","123,107","4,792","29,033",4.24,0.19,0.86,0.71
0.48,"25,140","3,522",7.14,"82,278","97,967","8,314","25,511",3.84,0.21,0.75,0.58
0.49,"27,784","4,683",5.93,"110,062","70,183","12,997","20,828",3.37,0.23,0.62,0.43
0.5,"22,831","4,801",4.76,"132,893","47,352","17,798","16,027",2.95,0.25,0.47,0.30
0.51,"16,115","4,158",3.88,"149,008","31,237","21,956","11,869",2.63,0.28,0.35,0.20
0.52,"13,708","4,300",3.19,"162,716","17,529","26,256","7,569",2.32,0.30,0.22,0.12
0.53,"10,042","3,812",2.63,"172,758","7,487","30,068","3,757",1.99,0.33,0.11,0.05
0.54,"4,552","2,114",2.15,"177,310","2,935","32,182","1,643",1.79,0.36,0.05,0.02
0.55,"1,936","1,025",1.89,"179,246",999,"33,207",618,1.62,0.38,0.02,0.01
0.56,733,449,1.63,"179,979",266,"33,656",169,1.57,0.39,0.00,0.00
0.57,198,124,1.60,"180,177",68,"33,780",45,1.51,0.40,0.00,0.00
0.58,44,38,1.16,"180,221",24,"33,818",7,3.43,0.23,0.00,0.00
0.59,16,5,3.20,"180,237",8,"33,823",2,4.00,0.20,0.00,0.00
0.6,5,2,2.50,"180,242",3,"33,825",0,inf,0.00,0.00,0.00
0.61,3,0,inf,"180,245",0,"33,825",0,nan,nan,0.00,0.00
0.62,0,0,nan,"180,245",0,"33,825",0,nan,nan,0.00,0.00
0.63,0,0,nan,"180,245",0,"33,825",0,nan,nan,0.00,0.00
0.64,0,0,nan,"180,245",0,"33,825",0,nan,nan,0.00,0.00
0.65,0,0,nan,"180,245",0,"33,825",0,nan,nan,0.00,0.00
0.66,0,0,nan,"180,245",0,"33,825",0,nan,nan,0.00,0.00
0.67,0,0,nan,"180,245",0,"33,825",0,nan,nan,0.00,0.00
0.68,0,0,nan,"180,245",0,"33,825",0,nan,nan,0.00,0.00
0.69,0,0,nan,"180,245",0,"33,825",0,nan,nan,0.00,0.00
0.7,0,0,nan,"180,245",0,"33,825",0,nan,nan,0.00,0.00
0.71,0,0,nan,"180,245",0,"33,825",0,nan,nan,0.00,0.00
0.72,0,0,nan,"180,245",0,"33,825",0,nan,nan,0.00,0.00
0.73,0,0,nan,"180,245",0,"33,825",0,nan,nan,0.00,0.00
0.74,0,0,nan,"180,245",0,"33,825",0,nan,nan,0.00,0.00
0.75,0,0,nan,"180,245",0,"33,825",0,nan,nan,0.00,0.00
0.76,0,0,nan,"180,245",0,"33,825",0,nan,nan,0.00,0.00
0.77,0,0,nan,"180,245",0,"33,825",0,nan,nan,0.00,0.00
0.78,0,0,nan,"180,245",0,"33,825",0,nan,nan,0.00,0.00
0.79,0,0,nan,"180,245",0,"33,825",0,nan,nan,0.00,0.00
0.8,0,0,nan,"180,245",0,"33,825",0,nan,nan,0.00,0.00
0.81,0,0,nan,"180,245",0,"33,825",0,nan,nan,0.00,0.00
0.82,0,0,nan,"180,245",0,"33,825",0,nan,nan,0.00,0.00
0.83,0,0,nan,"180,245",0,"33,825",0,nan,nan,0.00,0.00
0.84,0,0,nan,"180,245",0,"33,825",0,nan,nan,0.00,0.00
0.85,0,0,nan,"180,245",0,"33,825",0,nan,nan,0.00,0.00
0.86,0,0,nan,"180,245",0,"33,825",0,nan,nan,0.00,0.00
0.87,0,0,nan,"180,245",0,"33,825",0,nan,nan,0.00,0.00
0.88,0,0,nan,"180,245",0,"33,825",0,nan,nan,0.00,0.00
0.89,0,0,nan,"180,245",0,"33,825",0,nan,nan,0.00,0.00
0.9,0,0,nan,"180,245",0,"33,825",0,nan,nan,0.00,0.00
0.91,0,0,nan,"180,245",0,"33,825",0,nan,nan,0.00,0.00
0.92,0,0,nan,"180,245",0,"33,825",0,nan,nan,0.00,0.00
0.93,0,0,nan,"180,245",0,"33,825",0,nan,nan,0.00,0.00
0.94,0,0,nan,"180,245",0,"33,825",0,nan,nan,0.00,0.00
0.95,0,0,nan,"180,245",0,"33,825",0,nan,nan,0.00,0.00
0.96,0,0,nan,"180,245",0,"33,825",0,nan,nan,0.00,0.00
0.97,0,0,nan,"180,245",0,"33,825",0,nan,nan,0.00,0.00
0.98,0,0,nan,"180,245",0,"33,825",0,nan,nan,0.00,0.00
0.99,0,0,nan,"180,245",0,"33,825",0,nan,nan,0.00,0.00
1.0,0,0,nan,"180,245",0,"33,825",0,nan,nan,0.00,0.00
