p,Neg,Pos,Neg/Pos,TN,FP,FN,TP,FP/TP,Prec.,Rec.,$\hat{p}$
0.0,0,0,nan,0,"180,245",0,"33,825",5.33,0.16,1.00,1.00
0.05,"3,074",58,53.00,"3,074","177,171",58,"33,767",5.25,0.16,1.00,0.99
0.1,"17,116",721,23.74,"20,190","160,055",779,"33,046",4.84,0.17,0.98,0.90
0.15,"25,191","1,734",14.53,"45,381","134,864","2,513","31,312",4.31,0.19,0.93,0.78
0.2,"27,555","2,802",9.83,"72,936","107,309","5,315","28,510",3.76,0.21,0.84,0.63
0.25,"25,559","3,335",7.66,"98,495","81,750","8,650","25,175",3.25,0.24,0.74,0.50
0.3,"21,507","3,590",5.99,"120,002","60,243","12,240","21,585",2.79,0.26,0.64,0.38
0.35,"17,260","3,530",4.89,"137,262","42,983","15,770","18,055",2.38,0.30,0.53,0.29
0.4,"12,736","3,364",3.79,"149,998","30,247","19,134","14,691",2.06,0.33,0.43,0.21
0.45,"9,377","2,950",3.18,"159,375","20,870","22,084","11,741",1.78,0.36,0.35,0.15
0.5,"6,837","2,550",2.68,"166,212","14,033","24,634","9,191",1.53,0.40,0.27,0.11
0.55,"4,795","2,293",2.09,"171,007","9,238","26,927","6,898",1.34,0.43,0.20,0.08
0.6,"3,445","1,844",1.87,"174,452","5,793","28,771","5,054",1.15,0.47,0.15,0.05
0.65,"2,244","1,569",1.43,"176,696","3,549","30,340","3,485",1.02,0.50,0.10,0.03
0.7,"1,616","1,244",1.30,"178,312","1,933","31,584","2,241",0.86,0.54,0.07,0.02
0.75,"1,060","1,061",1.00,"179,372",873,"32,645","1,180",0.74,0.57,0.03,0.01
0.8,588,740,0.79,"179,960",285,"33,385",440,0.65,0.61,0.01,0.00
0.85,221,356,0.62,"180,181",64,"33,741",84,0.76,0.57,0.00,0.00
0.9,56,71,0.79,"180,237",8,"33,812",13,0.62,0.62,0.00,0.00
0.95,7,13,0.54,"180,244",1,"33,825",0,inf,0.00,0.00,0.00
1.0,1,0,inf,"180,245",0,"33,825",0,nan,nan,0.00,0.00
