p,Neg,Pos,mPrec,TN,FP,FN,TP,Prec,Rec,FP/P,$\hat{p}$
0.0,"6,009",51,0.01,"6,009","594,806",51,"112,700",0.16,1.00,5.275394453264273,0.99
0.01,"3,114",28,0.01,"9,123","591,692",79,"112,672",0.16,1.00,5.2477760729394864,0.99
0.02,"3,968",52,0.01,"13,091","587,724",131,"112,620",0.16,1.00,5.212583480412591,0.98
0.03,"4,916",62,0.01,"18,007","582,808",193,"112,558",0.16,1.00,5.168982980195298,0.97
0.04,"5,944",88,0.01,"23,951","576,864",281,"112,470",0.16,1.00,5.116265044212468,0.97
0.05,"6,870",100,0.01,"30,821","569,994",381,"112,370",0.16,1.00,5.055334320759904,0.96
0.06,"8,072",121,0.01,"38,893","561,922",502,"112,249",0.17,1.00,4.983742937978377,0.94
0.07,"8,716",168,0.02,"47,609","553,206",670,"112,081",0.17,0.99,4.906439854191981,0.93
0.08,"9,553",203,0.02,"57,162","543,653",873,"111,878",0.17,0.99,4.821713332919442,0.92
0.09,"10,590",239,0.02,"67,752","533,063","1,112","111,639",0.17,0.99,4.727789553972913,0.90
0.1,"11,476",305,0.03,"79,228","521,587","1,417","111,334",0.18,0.99,4.626007751594221,0.89
0.11,"11,888",375,0.03,"91,116","509,699","1,792","110,959",0.18,0.98,4.520571879628562,0.87
0.12,"12,530",420,0.03,"103,646","497,169","2,212","110,539",0.18,0.98,4.4094420448599125,0.85
0.13,"13,041",485,0.04,"116,687","484,128","2,697","110,054",0.19,0.98,4.293780099511313,0.83
0.14,"13,518",573,0.04,"130,205","470,610","3,270","109,481",0.19,0.97,4.173887593014696,0.81
0.15,"13,982",678,0.05,"144,187","456,628","3,948","108,803",0.19,0.96,4.049879823682273,0.79
0.16,"14,024",765,0.05,"158,211","442,604","4,713","108,038",0.20,0.96,3.9254995521104026,0.77
0.17,"14,511",777,0.05,"172,722","428,093","5,490","107,261",0.20,0.95,3.796800028381123,0.75
0.18,"14,783",906,0.06,"187,505","413,310","6,396","106,355",0.20,0.94,3.665688109196371,0.73
0.19,"15,181",941,0.06,"202,686","398,129","7,337","105,414",0.21,0.93,3.531046287837802,0.71
0.2,"15,304","1,074",0.07,"217,990","382,825","8,411","104,340",0.21,0.93,3.395313567063707,0.68
0.21,"15,411","1,125",0.07,"233,401","367,414","9,536","103,215",0.22,0.92,3.2586318524891134,0.66
0.22,"15,297","1,267",0.08,"248,698","352,117","10,803","101,948",0.22,0.90,3.1229612154215927,0.64
0.23,"15,074","1,328",0.08,"263,772","337,043","12,131","100,620",0.23,0.89,2.9892683878635222,0.61
0.24,"14,869","1,395",0.09,"278,641","322,174","13,526","99,225",0.24,0.88,2.8573937259979956,0.59
0.25,"15,060","1,505",0.09,"293,701","307,114","15,031","97,720",0.24,0.87,2.7238250658530743,0.57
0.26,"14,875","1,641",0.10,"308,576","292,239","16,672","96,079",0.25,0.85,2.5918971893819123,0.54
0.27,"14,521","1,691",0.10,"323,097","277,718","18,363","94,388",0.25,0.84,2.4631089746432404,0.52
0.28,"14,420","1,741",0.11,"337,517","263,298","20,104","92,647",0.26,0.82,2.3352165390994313,0.50
0.29,"13,723","1,779",0.11,"351,240","249,575","21,883","90,868",0.27,0.81,2.213505866910271,0.48
0.3,"13,548","1,815",0.12,"364,788","236,027","23,698","89,053",0.27,0.79,2.0933472873854777,0.46
0.31,"13,024","1,961",0.13,"377,812","223,003","25,659","87,092",0.28,0.77,1.9778361167528449,0.43
0.32,"12,511","1,961",0.14,"390,323","210,492","27,620","85,131",0.29,0.76,1.8668747949020408,0.41
0.33,"12,300","2,124",0.15,"402,623","198,192","29,744","83,007",0.30,0.74,1.757784853349416,0.39
0.34,"11,742","2,088",0.15,"414,365","186,450","31,832","80,919",0.30,0.72,1.6536438701208858,0.37
0.35,"11,380","2,163",0.16,"425,745","175,070","33,995","78,756",0.31,0.70,1.5527135014323599,0.36
0.36,"10,999","2,196",0.17,"436,744","164,071","36,191","76,560",0.32,0.68,1.4551622602016834,0.34
0.37,"10,528","2,173",0.17,"447,272","153,543","38,364","74,387",0.33,0.66,1.361788365513388,0.32
0.38,"9,767","2,234",0.19,"457,039","143,776","40,598","72,153",0.33,0.64,1.2751638566398524,0.30
0.39,"9,605","2,264",0.19,"466,644","134,171","42,862","69,889",0.34,0.62,1.1899761421184734,0.29
0.4,"9,066","2,254",0.20,"475,710","125,105","45,116","67,635",0.35,0.60,1.1095688730033437,0.27
0.41,"8,664","2,135",0.20,"484,374","116,441","47,251","65,500",0.36,0.58,1.0327269824657874,0.25
0.42,"7,972","2,187",0.22,"492,346","108,469","49,438","63,313",0.37,0.56,0.9620225097781838,0.24
0.43,"7,824","2,246",0.22,"500,170","100,645","51,684","61,067",0.38,0.54,0.8926306640295874,0.23
0.44,"7,252","2,269",0.24,"507,422","93,393","53,953","58,798",0.39,0.52,0.8283119440182348,0.21
0.45,"6,931","2,236",0.24,"514,353","86,462","56,189","56,562",0.40,0.50,0.7668402054083777,0.20
0.46,"6,368","2,081",0.25,"520,721","80,094","58,270","54,481",0.40,0.48,0.7103617706273115,0.19
0.47,"6,167","2,109",0.25,"526,888","73,927","60,379","52,372",0.41,0.46,0.655666025135032,0.18
0.48,"5,746","2,096",0.27,"532,634","68,181","62,475","50,276",0.42,0.45,0.6047041711381718,0.17
0.49,"5,260","2,149",0.29,"537,894","62,921","64,624","48,127",0.43,0.43,0.558052700197781,0.16
0.5,"4,916","2,100",0.30,"542,810","58,005","66,724","46,027",0.44,0.41,0.514452199980488,0.15
0.51,"4,621","1,941",0.30,"547,431","53,384","68,665","44,086",0.45,0.39,0.4734680845402702,0.14
0.52,"4,181","1,801",0.30,"551,612","49,203","70,466","42,285",0.46,0.38,0.43638637351331694,0.13
0.53,"3,982","1,773",0.31,"555,594","45,221","72,239","40,512",0.47,0.36,0.4010696135732721,0.12
0.54,"3,715","1,786",0.32,"559,309","41,506","74,025","38,726",0.48,0.34,0.3681209035840037,0.11
0.55,"3,473","1,761",0.34,"562,782","38,033","75,786","36,965",0.49,0.33,0.33731851602203083,0.11
0.56,"3,135","1,597",0.34,"565,917","34,898","77,383","35,368",0.50,0.31,0.3095138845775204,0.10
0.57,"2,871","1,596",0.36,"568,788","32,027","78,979","33,772",0.51,0.30,0.2840506957809687,0.09
0.58,"2,654","1,545",0.37,"571,442","29,373","80,524","32,227",0.52,0.29,0.2605121018882316,0.09
0.59,"2,457","1,539",0.39,"573,899","26,916","82,063","30,688",0.53,0.27,0.23872072088052435,0.08
0.6,"2,230","1,515",0.40,"576,129","24,686","83,578","29,173",0.54,0.26,0.21894262578602408,0.08
0.61,"2,136","1,421",0.40,"578,265","22,550","84,999","27,752",0.55,0.25,0.19999822617981214,0.07
0.62,"1,934","1,315",0.40,"580,199","20,616","86,314","26,437",0.56,0.23,0.18284538496332628,0.07
0.63,"1,789","1,366",0.43,"581,988","18,827","87,680","25,071",0.57,0.22,0.16697856338302985,0.06
0.64,"1,641","1,285",0.44,"583,629","17,186","88,965","23,786",0.58,0.21,0.15242436874174065,0.06
0.65,"1,471","1,276",0.46,"585,100","15,715","90,241","22,510",0.59,0.20,0.13937792126012186,0.05
0.66,"1,345","1,191",0.47,"586,445","14,370","91,432","21,319",0.60,0.19,0.12744898049684703,0.05
0.67,"1,297","1,111",0.46,"587,742","13,073","92,543","20,208",0.61,0.18,0.11594575657865562,0.05
0.68,"1,111","1,037",0.48,"588,853","11,962","93,580","19,171",0.62,0.17,0.10609218543516244,0.04
0.69,"1,058",964,0.48,"589,911","10,904","94,544","18,207",0.63,0.16,0.09670867664144886,0.04
0.7,947,"1,013",0.52,"590,858","9,957","95,557","17,194",0.63,0.15,0.08830963805199067,0.04
0.71,881,922,0.51,"591,739","9,076","96,479","16,272",0.64,0.14,0.08049596012452218,0.04
0.72,832,909,0.52,"592,571","8,244","97,388","15,363",0.65,0.14,0.07311686814307633,0.03
0.73,699,859,0.55,"593,270","7,545","98,247","14,504",0.66,0.13,0.06691736658654912,0.03
0.74,611,854,0.58,"593,881","6,934","99,101","13,650",0.66,0.12,0.061498345912674834,0.03
0.75,626,780,0.55,"594,507","6,308","99,881","12,870",0.67,0.11,0.055946288724711975,0.03
0.76,566,739,0.57,"595,073","5,742","100,620","12,131",0.68,0.11,0.05092637759310339,0.03
0.77,483,781,0.62,"595,556","5,259","101,401","11,350",0.68,0.10,0.046642601839451535,0.02
0.78,478,668,0.58,"596,034","4,781","102,069","10,682",0.69,0.09,0.04240317159049587,0.02
0.79,454,668,0.60,"596,488","4,327","102,737","10,014",0.70,0.09,0.03837659976408191,0.02
0.8,383,655,0.63,"596,871","3,944","103,392","9,359",0.70,0.08,0.03497973410435384,0.02
0.81,367,625,0.63,"597,238","3,577","104,017","8,734",0.71,0.08,0.03172477405965357,0.02
0.82,317,555,0.64,"597,555","3,260","104,572","8,179",0.72,0.07,0.028913269061915194,0.02
0.83,326,581,0.64,"597,881","2,934","105,153","7,598",0.72,0.07,0.026021942155723673,0.01
0.84,287,573,0.67,"598,168","2,647","105,726","7,025",0.73,0.06,0.02347651018616243,0.01
0.85,279,538,0.66,"598,447","2,368","106,264","6,487",0.73,0.06,0.021002031024115086,0.01
0.86,285,526,0.65,"598,732","2,083","106,790","5,961",0.74,0.05,0.018474337256432317,0.01
0.87,238,502,0.68,"598,970","1,845","107,292","5,459",0.75,0.05,0.016363491232893723,0.01
0.88,201,482,0.71,"599,171","1,644","107,774","4,977",0.75,0.04,0.014580801944106925,0.01
0.89,182,461,0.72,"599,353","1,462","108,235","4,516",0.76,0.04,0.012966625573165648,0.01
0.9,174,469,0.73,"599,527","1,288","108,704","4,047",0.76,0.04,0.011423402009738274,0.01
0.91,163,393,0.71,"599,690","1,125","109,097","3,654",0.76,0.03,0.009977738556642513,0.01
0.92,153,393,0.72,"599,843",972,"109,490","3,261",0.77,0.03,0.008620766112939132,0.01
0.93,148,336,0.69,"599,991",824,"109,826","2,925",0.78,0.03,0.007308139173931938,0.01
0.94,115,325,0.74,"600,106",709,"110,151","2,600",0.79,0.02,0.006288192565919593,0.00
0.95,103,316,0.75,"600,209",606,"110,467","2,284",0.79,0.02,0.0053746751691781,0.00
0.96,98,296,0.75,"600,307",508,"110,763","1,988",0.80,0.02,0.004505503277132797,0.00
0.97,93,268,0.74,"600,400",415,"111,031","1,720",0.81,0.02,0.003680676889783683,0.00
0.98,62,215,0.78,"600,462",353,"111,246","1,505",0.81,0.01,0.00313079263155094,0.00
0.99,59,204,0.78,"600,521",294,"111,450","1,301",0.82,0.01,0.00260751567613591,0.00
1.0,294,"1,301",0.82,"600,815",0,"112,751",0,nan,0.00,0.0,0.00
