p,Neg,Pos,mPrec,TN,FP,FN,TP,Prec,Rec,$\hat{p}$
0.0,0,0,nan,0,"420,570",0,"78,926",0.16,1.00,1.00
0.1,29,0,0.00,29,"420,541",0,"78,926",0.16,1.00,1.00
0.2,"14,254",527,0.04,"14,283","406,287",527,"78,399",0.16,0.99,0.97
0.3,"52,013","3,146",0.06,"66,296","354,274","3,673","75,253",0.18,0.95,0.86
0.4,"64,539","6,454",0.09,"130,835","289,735","10,127","68,799",0.19,0.87,0.72
0.5,"116,686","17,398",0.13,"247,521","173,049","27,525","51,401",0.23,0.65,0.45
0.6,"89,282","19,348",0.18,"336,803","83,767","46,873","32,053",0.28,0.41,0.23
0.7,"60,079","19,917",0.25,"396,882","23,688","66,790","12,136",0.34,0.15,0.07
0.8,"22,497","11,141",0.33,"419,379","1,191","77,931",995,0.46,0.01,0.00
0.9,"1,187",994,0.46,"420,566",4,"78,925",1,0.20,0.00,0.00
1.0,4,1,0.20,"420,570",0,"78,926",0,nan,0.00,0.00
