p,Neg,Pos,mPrec,TN,FP,FN,TP,Prec,Rec,$\hat{p}$
0.0,"1,322",63,0.05,"1,322","178,923",63,"33,762",0.16,1.00,0.99
0.01,"1,309",46,0.03,"2,631","177,614",109,"33,716",0.16,1.00,0.99
0.02,823,48,0.06,"3,454","176,791",157,"33,668",0.16,1.00,0.98
0.03,"2,451",140,0.05,"5,905","174,340",297,"33,528",0.16,0.99,0.97
0.04,"2,301",126,0.05,"8,206","172,039",423,"33,402",0.16,0.99,0.96
0.05,"3,177",185,0.06,"11,383","168,862",608,"33,217",0.16,0.98,0.94
0.06,"3,838",264,0.06,"15,221","165,024",872,"32,953",0.17,0.97,0.92
0.07,"2,844",183,0.06,"18,065","162,180","1,055","32,770",0.17,0.97,0.91
0.08,"3,104",196,0.06,"21,169","159,076","1,251","32,574",0.17,0.96,0.90
0.09,"3,362",227,0.06,"24,531","155,714","1,478","32,347",0.17,0.96,0.88
0.1,"2,436",185,0.07,"26,967","153,278","1,663","32,162",0.17,0.95,0.87
0.11,"2,705",201,0.07,"29,672","150,573","1,864","31,961",0.18,0.94,0.85
0.12,"2,892",250,0.08,"32,564","147,681","2,114","31,711",0.18,0.94,0.84
0.13,"1,884",181,0.09,"34,448","145,797","2,295","31,530",0.18,0.93,0.83
0.14,"2,692",284,0.10,"37,140","143,105","2,579","31,246",0.18,0.92,0.81
0.15,"2,632",262,0.09,"39,772","140,473","2,841","30,984",0.18,0.92,0.80
0.16,"2,604",288,0.10,"42,376","137,869","3,129","30,696",0.18,0.91,0.79
0.17,"2,960",378,0.11,"45,336","134,909","3,507","30,318",0.18,0.90,0.77
0.18,"3,607",418,0.10,"48,943","131,302","3,925","29,900",0.19,0.88,0.75
0.19,"2,999",328,0.10,"51,942","128,303","4,253","29,572",0.19,0.87,0.74
0.2,"4,432",543,0.11,"56,374","123,871","4,796","29,029",0.19,0.86,0.71
0.21,"3,465",441,0.11,"59,839","120,406","5,237","28,588",0.19,0.85,0.70
0.22,"4,288",506,0.11,"64,127","116,118","5,743","28,082",0.19,0.83,0.67
0.23,"4,010",542,0.12,"68,137","112,108","6,285","27,540",0.20,0.81,0.65
0.24,"3,864",540,0.12,"72,001","108,244","6,825","27,000",0.20,0.80,0.63
0.25,"3,705",591,0.14,"75,706","104,539","7,416","26,409",0.20,0.78,0.61
0.26,"4,238",613,0.13,"79,944","100,301","8,029","25,796",0.20,0.76,0.59
0.27,"3,816",583,0.13,"83,760","96,485","8,612","25,213",0.21,0.75,0.57
0.28,"3,602",554,0.13,"87,362","92,883","9,166","24,659",0.21,0.73,0.55
0.29,"3,957",581,0.13,"91,319","88,926","9,747","24,078",0.21,0.71,0.53
0.3,"3,008",549,0.15,"94,327","85,918","10,296","23,529",0.21,0.70,0.51
0.31,"3,252",580,0.15,"97,579","82,666","10,876","22,949",0.22,0.68,0.49
0.32,"4,500",794,0.15,"102,079","78,166","11,670","22,155",0.22,0.65,0.47
0.33,"3,580",547,0.13,"105,659","74,586","12,217","21,608",0.22,0.64,0.45
0.34,"3,196",602,0.16,"108,855","71,390","12,819","21,006",0.23,0.62,0.43
0.35,"3,134",607,0.16,"111,989","68,256","13,426","20,399",0.23,0.60,0.41
0.36,"3,365",607,0.15,"115,354","64,891","14,033","19,792",0.23,0.59,0.40
0.37,"2,579",512,0.17,"117,933","62,312","14,545","19,280",0.24,0.57,0.38
0.38,"2,594",537,0.17,"120,527","59,718","15,082","18,743",0.24,0.55,0.37
0.39,"2,609",490,0.16,"123,136","57,109","15,572","18,253",0.24,0.54,0.35
0.4,"2,480",519,0.17,"125,616","54,629","16,091","17,734",0.25,0.52,0.34
0.41,"2,001",452,0.18,"127,617","52,628","16,543","17,282",0.25,0.51,0.33
0.42,"2,290",498,0.18,"129,907","50,338","17,041","16,784",0.25,0.50,0.31
0.43,"2,196",510,0.19,"132,103","48,142","17,551","16,274",0.25,0.48,0.30
0.44,"2,390",560,0.19,"134,493","45,752","18,111","15,714",0.26,0.46,0.29
0.45,"2,058",524,0.20,"136,551","43,694","18,635","15,190",0.26,0.45,0.28
0.46,"1,690",423,0.20,"138,241","42,004","19,058","14,767",0.26,0.44,0.27
0.47,"1,873",497,0.21,"140,114","40,131","19,555","14,270",0.26,0.42,0.25
0.48,"1,408",333,0.19,"141,522","38,723","19,888","13,937",0.26,0.41,0.25
0.49,"1,594",409,0.20,"143,116","37,129","20,297","13,528",0.27,0.40,0.24
0.5,"1,693",484,0.22,"144,809","35,436","20,781","13,044",0.27,0.39,0.23
0.51,"1,464",368,0.20,"146,273","33,972","21,149","12,676",0.27,0.37,0.22
0.52,"1,247",332,0.21,"147,520","32,725","21,481","12,344",0.27,0.36,0.21
0.53,"1,247",343,0.22,"148,767","31,478","21,824","12,001",0.28,0.35,0.20
0.54,"1,559",494,0.24,"150,326","29,919","22,318","11,507",0.28,0.34,0.19
0.55,"1,058",286,0.21,"151,384","28,861","22,604","11,221",0.28,0.33,0.19
0.56,"1,480",395,0.21,"152,864","27,381","22,999","10,826",0.28,0.32,0.18
0.57,"1,071",326,0.23,"153,935","26,310","23,325","10,500",0.29,0.31,0.17
0.58,"1,186",404,0.25,"155,121","25,124","23,729","10,096",0.29,0.30,0.16
0.59,"1,403",420,0.23,"156,524","23,721","24,149","9,676",0.29,0.29,0.16
0.6,"1,482",436,0.23,"158,006","22,239","24,585","9,240",0.29,0.27,0.15
0.61,"1,069",332,0.24,"159,075","21,170","24,917","8,908",0.30,0.26,0.14
0.62,"1,040",378,0.27,"160,115","20,130","25,295","8,530",0.30,0.25,0.13
0.63,"1,303",399,0.23,"161,418","18,827","25,694","8,131",0.30,0.24,0.13
0.64,"1,083",401,0.27,"162,501","17,744","26,095","7,730",0.30,0.23,0.12
0.65,963,385,0.29,"163,464","16,781","26,480","7,345",0.30,0.22,0.11
0.66,995,325,0.25,"164,459","15,786","26,805","7,020",0.31,0.21,0.11
0.67,"1,244",428,0.26,"165,703","14,542","27,233","6,592",0.31,0.19,0.10
0.68,"1,020",394,0.28,"166,723","13,522","27,627","6,198",0.31,0.18,0.09
0.69,794,298,0.27,"167,517","12,728","27,925","5,900",0.32,0.17,0.09
0.7,924,354,0.28,"168,441","11,804","28,279","5,546",0.32,0.16,0.08
0.71,897,361,0.29,"169,338","10,907","28,640","5,185",0.32,0.15,0.08
0.72,723,292,0.29,"170,061","10,184","28,932","4,893",0.32,0.14,0.07
0.73,782,271,0.26,"170,843","9,402","29,203","4,622",0.33,0.14,0.07
0.74,503,203,0.29,"171,346","8,899","29,406","4,419",0.33,0.13,0.06
0.75,577,251,0.30,"171,923","8,322","29,657","4,168",0.33,0.12,0.06
0.76,661,268,0.29,"172,584","7,661","29,925","3,900",0.34,0.12,0.05
0.77,516,250,0.33,"173,100","7,145","30,175","3,650",0.34,0.11,0.05
0.78,548,245,0.31,"173,648","6,597","30,420","3,405",0.34,0.10,0.05
0.79,448,163,0.27,"174,096","6,149","30,583","3,242",0.35,0.10,0.04
0.8,374,171,0.31,"174,470","5,775","30,754","3,071",0.35,0.09,0.04
0.81,448,192,0.30,"174,918","5,327","30,946","2,879",0.35,0.09,0.04
0.82,431,187,0.30,"175,349","4,896","31,133","2,692",0.35,0.08,0.04
0.83,317,174,0.35,"175,666","4,579","31,307","2,518",0.35,0.07,0.03
0.84,438,208,0.32,"176,104","4,141","31,515","2,310",0.36,0.07,0.03
0.85,322,137,0.30,"176,426","3,819","31,652","2,173",0.36,0.06,0.03
0.86,247,108,0.30,"176,673","3,572","31,760","2,065",0.37,0.06,0.03
0.87,243,118,0.33,"176,916","3,329","31,878","1,947",0.37,0.06,0.02
0.88,224,112,0.33,"177,140","3,105","31,990","1,835",0.37,0.05,0.02
0.89,200,124,0.38,"177,340","2,905","32,114","1,711",0.37,0.05,0.02
0.9,352,179,0.34,"177,692","2,553","32,293","1,532",0.38,0.05,0.02
0.91,219,122,0.36,"177,911","2,334","32,415","1,410",0.38,0.04,0.02
0.92,192,77,0.29,"178,103","2,142","32,492","1,333",0.38,0.04,0.02
0.93,147,92,0.38,"178,250","1,995","32,584","1,241",0.38,0.04,0.02
0.94,139,65,0.32,"178,389","1,856","32,649","1,176",0.39,0.03,0.01
0.95,172,117,0.40,"178,561","1,684","32,766","1,059",0.39,0.03,0.01
0.96,128,71,0.36,"178,689","1,556","32,837",988,0.39,0.03,0.01
0.97,147,100,0.40,"178,836","1,409","32,937",888,0.39,0.03,0.01
0.98,147,63,0.30,"178,983","1,262","33,000",825,0.40,0.02,0.01
0.99,94,62,0.40,"179,077","1,168","33,062",763,0.40,0.02,0.01
1.0,"1,168",763,0.40,"180,245",0,"33,825",0,nan,0.00,0.00
