p,Neg,Pos,mPrec,TN,FP,FN,TP,Prec,Rec,$\hat{p}$
0.0,"4,508",201,0.04,"4,508","175,737",201,"33,624",0.16,0.99,0.98
0.1,"10,966",598,0.05,"15,474","164,771",799,"33,026",0.17,0.98,0.92
0.2,"14,289",966,0.06,"29,763","150,482","1,765","32,060",0.18,0.95,0.85
0.3,"13,920","1,319",0.09,"43,683","136,562","3,084","30,741",0.18,0.91,0.78
0.4,"23,008","2,918",0.11,"66,691","113,554","6,002","27,823",0.20,0.82,0.66
0.5,"30,996","4,683",0.13,"97,687","82,558","10,685","23,140",0.22,0.68,0.49
0.6,"26,780","5,114",0.16,"124,467","55,778","15,799","18,026",0.24,0.53,0.34
0.7,"19,586","4,729",0.19,"144,053","36,192","20,528","13,297",0.27,0.39,0.23
0.8,"15,451","4,730",0.23,"159,504","20,741","25,258","8,567",0.29,0.25,0.14
0.9,"13,494","4,940",0.27,"172,998","7,247","30,198","3,627",0.33,0.11,0.05
1.0,"7,247","3,627",0.33,"180,245",0,"33,825",0,nan,0.00,0.00
