p,Neg,Pos,mPrec,TN,FP,FN,TP,Prec,Rec,$\hat{p}$
0.0,"10,515",139,0.01,"10,515","410,055",139,"78,787",0.16,1.00,0.98
0.01,"2,133",57,0.03,"12,648","407,922",196,"78,730",0.16,1.00,0.97
0.02,"2,477",55,0.02,"15,125","405,445",251,"78,675",0.16,1.00,0.97
0.03,"2,606",52,0.02,"17,731","402,839",303,"78,623",0.16,1.00,0.96
0.04,"2,795",79,0.03,"20,526","400,044",382,"78,544",0.16,1.00,0.96
0.05,"3,034",80,0.03,"23,560","397,010",462,"78,464",0.17,0.99,0.95
0.06,"3,313",104,0.03,"26,873","393,697",566,"78,360",0.17,0.99,0.95
0.07,"3,433",117,0.03,"30,306","390,264",683,"78,243",0.17,0.99,0.94
0.08,"3,497",126,0.03,"33,803","386,767",809,"78,117",0.17,0.99,0.93
0.09,"3,934",172,0.04,"37,737","382,833",981,"77,945",0.17,0.99,0.92
0.1,"3,903",161,0.04,"41,640","378,930","1,142","77,784",0.17,0.99,0.91
0.11,"4,152",164,0.04,"45,792","374,778","1,306","77,620",0.17,0.98,0.91
0.12,"4,444",205,0.04,"50,236","370,334","1,511","77,415",0.17,0.98,0.90
0.13,"4,813",206,0.04,"55,049","365,521","1,717","77,209",0.17,0.98,0.89
0.14,"4,719",210,0.04,"59,768","360,802","1,927","76,999",0.18,0.98,0.88
0.15,"4,874",286,0.06,"64,642","355,928","2,213","76,713",0.18,0.97,0.87
0.16,"5,290",271,0.05,"69,932","350,638","2,484","76,442",0.18,0.97,0.86
0.17,"5,372",319,0.06,"75,304","345,266","2,803","76,123",0.18,0.96,0.84
0.18,"5,604",337,0.06,"80,908","339,662","3,140","75,786",0.18,0.96,0.83
0.19,"5,575",361,0.06,"86,483","334,087","3,501","75,425",0.18,0.96,0.82
0.2,"5,708",354,0.06,"92,191","328,379","3,855","75,071",0.19,0.95,0.81
0.21,"5,948",379,0.06,"98,139","322,431","4,234","74,692",0.19,0.95,0.80
0.22,"6,099",453,0.07,"104,238","316,332","4,687","74,239",0.19,0.94,0.78
0.23,"6,289",487,0.07,"110,527","310,043","5,174","73,752",0.19,0.93,0.77
0.24,"6,465",472,0.07,"116,992","303,578","5,646","73,280",0.19,0.93,0.75
0.25,"6,600",517,0.07,"123,592","296,978","6,163","72,763",0.20,0.92,0.74
0.26,"6,668",582,0.08,"130,260","290,310","6,745","72,181",0.20,0.91,0.73
0.27,"6,621",561,0.08,"136,881","283,689","7,306","71,620",0.20,0.91,0.71
0.28,"6,704",581,0.08,"143,585","276,985","7,887","71,039",0.20,0.90,0.70
0.29,"6,750",641,0.09,"150,335","270,235","8,528","70,398",0.21,0.89,0.68
0.3,"6,745",671,0.09,"157,080","263,490","9,199","69,727",0.21,0.88,0.67
0.31,"6,820",700,0.09,"163,900","256,670","9,899","69,027",0.21,0.87,0.65
0.32,"6,731",722,0.10,"170,631","249,939","10,621","68,305",0.21,0.87,0.64
0.33,"6,874",734,0.10,"177,505","243,065","11,355","67,571",0.22,0.86,0.62
0.34,"6,738",753,0.10,"184,243","236,327","12,108","66,818",0.22,0.85,0.61
0.35,"6,921",808,0.10,"191,164","229,406","12,916","66,010",0.22,0.84,0.59
0.36,"6,864",810,0.11,"198,028","222,542","13,726","65,200",0.23,0.83,0.58
0.37,"6,744",822,0.11,"204,772","215,798","14,548","64,378",0.23,0.82,0.56
0.38,"6,740",883,0.12,"211,512","209,058","15,431","63,495",0.23,0.80,0.55
0.39,"6,725",955,0.12,"218,237","202,333","16,386","62,540",0.24,0.79,0.53
0.4,"6,766",963,0.12,"225,003","195,567","17,349","61,577",0.24,0.78,0.51
0.41,"6,743",915,0.12,"231,746","188,824","18,264","60,662",0.24,0.77,0.50
0.42,"6,770","1,030",0.13,"238,516","182,054","19,294","59,632",0.25,0.76,0.48
0.43,"6,673",898,0.12,"245,189","175,381","20,192","58,734",0.25,0.74,0.47
0.44,"6,463","1,006",0.13,"251,652","168,918","21,198","57,728",0.25,0.73,0.45
0.45,"6,470","1,009",0.13,"258,122","162,448","22,207","56,719",0.26,0.72,0.44
0.46,"6,306","1,057",0.14,"264,428","156,142","23,264","55,662",0.26,0.71,0.42
0.47,"6,226","1,042",0.14,"270,654","149,916","24,306","54,620",0.27,0.69,0.41
0.48,"6,213","1,149",0.16,"276,867","143,703","25,455","53,471",0.27,0.68,0.39
0.49,"6,027","1,078",0.15,"282,894","137,676","26,533","52,393",0.28,0.66,0.38
0.5,"5,951","1,192",0.17,"288,845","131,725","27,725","51,201",0.28,0.65,0.37
0.51,"5,636","1,210",0.18,"294,481","126,089","28,935","49,991",0.28,0.63,0.35
0.52,"5,724","1,144",0.17,"300,205","120,365","30,079","48,847",0.29,0.62,0.34
0.53,"5,523","1,165",0.17,"305,728","114,842","31,244","47,682",0.29,0.60,0.33
0.54,"5,404","1,166",0.18,"311,132","109,438","32,410","46,516",0.30,0.59,0.31
0.55,"5,189","1,188",0.19,"316,321","104,249","33,598","45,328",0.30,0.57,0.30
0.56,"5,028","1,216",0.19,"321,349","99,221","34,814","44,112",0.31,0.56,0.29
0.57,"5,026","1,132",0.18,"326,375","94,195","35,946","42,980",0.31,0.54,0.27
0.58,"4,795","1,191",0.20,"331,170","89,400","37,137","41,789",0.32,0.53,0.26
0.59,"4,844","1,294",0.21,"336,014","84,556","38,431","40,495",0.32,0.51,0.25
0.6,"4,449","1,207",0.21,"340,463","80,107","39,638","39,288",0.33,0.50,0.24
0.61,"4,386","1,204",0.22,"344,849","75,721","40,842","38,084",0.33,0.48,0.23
0.62,"4,089","1,148",0.22,"348,938","71,632","41,990","36,936",0.34,0.47,0.22
0.63,"4,045","1,153",0.22,"352,983","67,587","43,143","35,783",0.35,0.45,0.21
0.64,"3,978","1,170",0.23,"356,961","63,609","44,313","34,613",0.35,0.44,0.20
0.65,"3,667","1,177",0.24,"360,628","59,942","45,490","33,436",0.36,0.42,0.19
0.66,"3,377","1,085",0.24,"364,005","56,565","46,575","32,351",0.36,0.41,0.18
0.67,"3,416","1,127",0.25,"367,421","53,149","47,702","31,224",0.37,0.40,0.17
0.68,"3,249","1,106",0.25,"370,670","49,900","48,808","30,118",0.38,0.38,0.16
0.69,"3,224","1,125",0.26,"373,894","46,676","49,933","28,993",0.38,0.37,0.15
0.7,"2,851","1,063",0.27,"376,745","43,825","50,996","27,930",0.39,0.35,0.14
0.71,"2,796","1,143",0.29,"379,541","41,029","52,139","26,787",0.39,0.34,0.14
0.72,"2,577",993,0.28,"382,118","38,452","53,132","25,794",0.40,0.33,0.13
0.73,"2,579","1,035",0.29,"384,697","35,873","54,167","24,759",0.41,0.31,0.12
0.74,"2,448",995,0.29,"387,145","33,425","55,162","23,764",0.42,0.30,0.11
0.75,"2,258","1,026",0.31,"389,403","31,167","56,188","22,738",0.42,0.29,0.11
0.76,"2,186",969,0.31,"391,589","28,981","57,157","21,769",0.43,0.28,0.10
0.77,"2,056",995,0.33,"393,645","26,925","58,152","20,774",0.44,0.26,0.10
0.78,"1,876",933,0.33,"395,521","25,049","59,085","19,841",0.44,0.25,0.09
0.79,"1,836",914,0.33,"397,357","23,213","59,999","18,927",0.45,0.24,0.08
0.8,"1,790",955,0.35,"399,147","21,423","60,954","17,972",0.46,0.23,0.08
0.81,"1,589",941,0.37,"400,736","19,834","61,895","17,031",0.46,0.22,0.07
0.82,"1,475",866,0.37,"402,211","18,359","62,761","16,165",0.47,0.20,0.07
0.83,"1,521",930,0.38,"403,732","16,838","63,691","15,235",0.48,0.19,0.06
0.84,"1,405",868,0.38,"405,137","15,433","64,559","14,367",0.48,0.18,0.06
0.85,"1,348",825,0.38,"406,485","14,085","65,384","13,542",0.49,0.17,0.06
0.86,"1,207",840,0.41,"407,692","12,878","66,224","12,702",0.50,0.16,0.05
0.87,"1,245",847,0.40,"408,937","11,633","67,071","11,855",0.50,0.15,0.05
0.88,"1,180",815,0.41,"410,117","10,453","67,886","11,040",0.51,0.14,0.04
0.89,"1,087",839,0.44,"411,204","9,366","68,725","10,201",0.52,0.13,0.04
0.9,"1,051",849,0.45,"412,255","8,315","69,574","9,352",0.53,0.12,0.04
0.91,"1,007",867,0.46,"413,262","7,308","70,441","8,485",0.54,0.11,0.03
0.92,919,838,0.48,"414,181","6,389","71,279","7,647",0.54,0.10,0.03
0.93,954,800,0.46,"415,135","5,435","72,079","6,847",0.56,0.09,0.02
0.94,785,826,0.51,"415,920","4,650","72,905","6,021",0.56,0.08,0.02
0.95,784,793,0.50,"416,704","3,866","73,698","5,228",0.57,0.07,0.02
0.96,634,719,0.53,"417,338","3,232","74,417","4,509",0.58,0.06,0.02
0.97,687,722,0.51,"418,025","2,545","75,139","3,787",0.60,0.05,0.01
0.98,535,696,0.57,"418,560","2,010","75,835","3,091",0.61,0.04,0.01
0.99,484,575,0.54,"419,044","1,526","76,410","2,516",0.62,0.03,0.01
1.0,"1,526","2,516",0.62,"420,570",0,"78,926",0,nan,0.00,0.00
