p,Neg,Pos,mPrec,TN,FP,FN,TP,Prec,Rec,$\hat{p}$
0.0,"10,515",47,0.00,"10,515","410,055",47,"78,879",0.16,1.00,0.98
0.1,"57,690",932,0.02,"68,205","352,365",979,"77,947",0.18,0.99,0.86
0.2,"63,368","2,277",0.03,"131,573","288,997","3,256","75,670",0.21,0.96,0.73
0.3,"61,091","3,972",0.06,"192,664","227,906","7,228","71,698",0.24,0.91,0.60
0.4,"57,194","5,963",0.09,"249,858","170,712","13,191","65,735",0.28,0.83,0.47
0.5,"49,985","7,992",0.14,"299,843","120,727","21,183","57,743",0.32,0.73,0.36
0.6,"42,016","9,690",0.19,"341,859","78,711","30,873","48,053",0.38,0.61,0.25
0.7,"33,376","11,433",0.26,"375,235","45,335","42,306","36,620",0.45,0.46,0.16
0.8,"23,630","11,716",0.33,"398,865","21,705","54,022","24,904",0.53,0.32,0.09
0.9,"14,294","11,618",0.45,"413,159","7,411","65,640","13,286",0.64,0.17,0.04
1.0,"7,411","13,286",0.64,"420,570",0,"78,926",0,nan,0.00,0.00
