p,Neg,Pos,mPrec,TN,FP,FN,TP,Prec,Rec,$\hat{p}$
0.0,"10,584",346,0.03,"10,584","409,986",346,"78,580",0.16,1.00,0.98
0.01,"1,559",82,0.05,"12,143","408,427",428,"78,498",0.16,0.99,0.97
0.02,"2,459",106,0.04,"14,602","405,968",534,"78,392",0.16,0.99,0.97
0.03,"1,410",54,0.04,"16,012","404,558",588,"78,338",0.16,0.99,0.97
0.04,"1,977",85,0.04,"17,989","402,581",673,"78,253",0.16,0.99,0.96
0.05,"2,903",125,0.04,"20,892","399,678",798,"78,128",0.16,0.99,0.96
0.06,"3,245",164,0.05,"24,137","396,433",962,"77,964",0.16,0.99,0.95
0.07,"3,438",208,0.06,"27,575","392,995","1,170","77,756",0.17,0.99,0.94
0.08,"3,094",180,0.05,"30,669","389,901","1,350","77,576",0.17,0.98,0.94
0.09,"2,937",178,0.06,"33,606","386,964","1,528","77,398",0.17,0.98,0.93
0.1,"3,135",188,0.06,"36,741","383,829","1,716","77,210",0.17,0.98,0.92
0.11,"3,071",169,0.05,"39,812","380,758","1,885","77,041",0.17,0.98,0.92
0.12,"3,705",253,0.06,"43,517","377,053","2,138","76,788",0.17,0.97,0.91
0.13,"3,869",241,0.06,"47,386","373,184","2,379","76,547",0.17,0.97,0.90
0.14,"3,415",246,0.07,"50,801","369,769","2,625","76,301",0.17,0.97,0.89
0.15,"2,958",203,0.06,"53,759","366,811","2,828","76,098",0.17,0.96,0.89
0.16,"3,243",193,0.06,"57,002","363,568","3,021","75,905",0.17,0.96,0.88
0.17,"2,683",171,0.06,"59,685","360,885","3,192","75,734",0.17,0.96,0.87
0.18,"3,629",277,0.07,"63,314","357,256","3,469","75,457",0.17,0.96,0.87
0.19,"3,982",269,0.06,"67,296","353,274","3,738","75,188",0.18,0.95,0.86
0.2,"3,234",248,0.07,"70,530","350,040","3,986","74,940",0.18,0.95,0.85
0.21,"3,822",318,0.08,"74,352","346,218","4,304","74,622",0.18,0.95,0.84
0.22,"2,786",224,0.07,"77,138","343,432","4,528","74,398",0.18,0.94,0.84
0.23,"2,676",264,0.09,"79,814","340,756","4,792","74,134",0.18,0.94,0.83
0.24,"2,987",252,0.08,"82,801","337,769","5,044","73,882",0.18,0.94,0.82
0.25,"2,924",250,0.08,"85,725","334,845","5,294","73,632",0.18,0.93,0.82
0.26,"3,023",273,0.08,"88,748","331,822","5,567","73,359",0.18,0.93,0.81
0.27,"3,260",317,0.09,"92,008","328,562","5,884","73,042",0.18,0.93,0.80
0.28,"3,618",377,0.09,"95,626","324,944","6,261","72,665",0.18,0.92,0.80
0.29,"3,867",393,0.09,"99,493","321,077","6,654","72,272",0.18,0.92,0.79
0.3,"3,268",344,0.10,"102,761","317,809","6,998","71,928",0.18,0.91,0.78
0.31,"4,303",441,0.09,"107,064","313,506","7,439","71,487",0.19,0.91,0.77
0.32,"3,735",375,0.09,"110,799","309,771","7,814","71,112",0.19,0.90,0.76
0.33,"5,103",600,0.11,"115,902","304,668","8,414","70,512",0.19,0.89,0.75
0.34,"5,148",556,0.10,"121,050","299,520","8,970","69,956",0.19,0.89,0.74
0.35,"5,601",622,0.10,"126,651","293,919","9,592","69,334",0.19,0.88,0.73
0.36,"5,805",726,0.11,"132,456","288,114","10,318","68,608",0.19,0.87,0.71
0.37,"5,798",720,0.11,"138,254","282,316","11,038","67,888",0.19,0.86,0.70
0.38,"5,738",711,0.11,"143,992","276,578","11,749","67,177",0.20,0.85,0.69
0.39,"6,181",716,0.10,"150,173","270,397","12,465","66,461",0.20,0.84,0.67
0.4,"6,522",873,0.12,"156,695","263,875","13,338","65,588",0.20,0.83,0.66
0.41,"7,320",950,0.11,"164,015","256,555","14,288","64,638",0.20,0.82,0.64
0.42,"6,308",835,0.12,"170,323","250,247","15,123","63,803",0.20,0.81,0.63
0.43,"7,035","1,030",0.13,"177,358","243,212","16,153","62,773",0.21,0.80,0.61
0.44,"7,591","1,158",0.13,"184,949","235,621","17,311","61,615",0.21,0.78,0.60
0.45,"7,439","1,121",0.13,"192,388","228,182","18,432","60,494",0.21,0.77,0.58
0.46,"7,823","1,175",0.13,"200,211","220,359","19,607","59,319",0.21,0.75,0.56
0.47,"7,372","1,082",0.13,"207,583","212,987","20,689","58,237",0.21,0.74,0.54
0.48,"7,122","1,184",0.14,"214,705","205,865","21,873","57,053",0.22,0.72,0.53
0.49,"7,074","1,152",0.14,"221,779","198,791","23,025","55,901",0.22,0.71,0.51
0.5,"7,551","1,290",0.15,"229,330","191,240","24,315","54,611",0.22,0.69,0.49
0.51,"6,990","1,181",0.14,"236,320","184,250","25,496","53,430",0.22,0.68,0.48
0.52,"6,775","1,284",0.16,"243,095","177,475","26,780","52,146",0.23,0.66,0.46
0.53,"6,620","1,133",0.15,"249,715","170,855","27,913","51,013",0.23,0.65,0.44
0.54,"7,175","1,322",0.16,"256,890","163,680","29,235","49,691",0.23,0.63,0.43
0.55,"6,631","1,235",0.16,"263,521","157,049","30,470","48,456",0.24,0.61,0.41
0.56,"5,298","1,037",0.16,"268,819","151,751","31,507","47,419",0.24,0.60,0.40
0.57,"5,827","1,075",0.16,"274,646","145,924","32,582","46,344",0.24,0.59,0.38
0.58,"5,834","1,160",0.17,"280,480","140,090","33,742","45,184",0.24,0.57,0.37
0.59,"5,666","1,246",0.18,"286,146","134,424","34,988","43,938",0.25,0.56,0.36
0.6,"5,811","1,218",0.17,"291,957","128,613","36,206","42,720",0.25,0.54,0.34
0.61,"5,402","1,192",0.18,"297,359","123,211","37,398","41,528",0.25,0.53,0.33
0.62,"4,888","1,098",0.18,"302,247","118,323","38,496","40,430",0.25,0.51,0.32
0.63,"5,014","1,162",0.19,"307,261","113,309","39,658","39,268",0.26,0.50,0.31
0.64,"4,509","1,001",0.18,"311,770","108,800","40,659","38,267",0.26,0.48,0.29
0.65,"4,195",967,0.19,"315,965","104,605","41,626","37,300",0.26,0.47,0.28
0.66,"4,852","1,180",0.20,"320,817","99,753","42,806","36,120",0.27,0.46,0.27
0.67,"4,608","1,150",0.20,"325,425","95,145","43,956","34,970",0.27,0.44,0.26
0.68,"4,813","1,266",0.21,"330,238","90,332","45,222","33,704",0.27,0.43,0.25
0.69,"4,015","1,012",0.20,"334,253","86,317","46,234","32,692",0.27,0.41,0.24
0.7,"3,927","1,055",0.21,"338,180","82,390","47,289","31,637",0.28,0.40,0.23
0.71,"3,769","1,066",0.22,"341,949","78,621","48,355","30,571",0.28,0.39,0.22
0.72,"3,538",970,0.22,"345,487","75,083","49,325","29,601",0.28,0.38,0.21
0.73,"4,137","1,202",0.23,"349,624","70,946","50,527","28,399",0.29,0.36,0.20
0.74,"3,730","1,102",0.23,"353,354","67,216","51,629","27,297",0.29,0.35,0.19
0.75,"3,477","1,069",0.24,"356,831","63,739","52,698","26,228",0.29,0.33,0.18
0.76,"3,800","1,248",0.25,"360,631","59,939","53,946","24,980",0.29,0.32,0.17
0.77,"3,514","1,160",0.25,"364,145","56,425","55,106","23,820",0.30,0.30,0.16
0.78,"3,240","1,067",0.25,"367,385","53,185","56,173","22,753",0.30,0.29,0.15
0.79,"3,505","1,189",0.25,"370,890","49,680","57,362","21,564",0.30,0.27,0.14
0.8,"3,564","1,167",0.25,"374,454","46,116","58,529","20,397",0.31,0.26,0.13
0.81,"3,863","1,339",0.26,"378,317","42,253","59,868","19,058",0.31,0.24,0.12
0.82,"3,969","1,506",0.28,"382,286","38,284","61,374","17,552",0.31,0.22,0.11
0.83,"3,193","1,156",0.27,"385,479","35,091","62,530","16,396",0.32,0.21,0.10
0.84,"3,831","1,342",0.26,"389,310","31,260","63,872","15,054",0.33,0.19,0.09
0.85,"3,124","1,130",0.27,"392,434","28,136","65,002","13,924",0.33,0.18,0.08
0.86,"3,196","1,305",0.29,"395,630","24,940","66,307","12,619",0.34,0.16,0.08
0.87,"2,578","1,046",0.29,"398,208","22,362","67,353","11,573",0.34,0.15,0.07
0.88,"2,744","1,139",0.29,"400,952","19,618","68,492","10,434",0.35,0.13,0.06
0.89,"2,281",984,0.30,"403,233","17,337","69,476","9,450",0.35,0.12,0.05
0.9,"1,829",782,0.30,"405,062","15,508","70,258","8,668",0.36,0.11,0.05
0.91,"1,683",834,0.33,"406,745","13,825","71,092","7,834",0.36,0.10,0.04
0.92,"1,735",741,0.30,"408,480","12,090","71,833","7,093",0.37,0.09,0.04
0.93,"1,990",988,0.33,"410,470","10,100","72,821","6,105",0.38,0.08,0.03
0.94,"1,823",885,0.33,"412,293","8,277","73,706","5,220",0.39,0.07,0.03
0.95,"1,023",576,0.36,"413,316","7,254","74,282","4,644",0.39,0.06,0.02
0.96,"1,125",608,0.35,"414,441","6,129","74,890","4,036",0.40,0.05,0.02
0.97,"1,126",578,0.34,"415,567","5,003","75,468","3,458",0.41,0.04,0.02
0.98,978,578,0.37,"416,545","4,025","76,046","2,880",0.42,0.04,0.01
0.99,689,460,0.40,"417,234","3,336","76,506","2,420",0.42,0.03,0.01
1.0,"3,336","2,420",0.42,"420,570",0,"78,926",0,nan,0.00,0.00
