p,Neg,Pos,mPrec,TN,FP,FN,TP,Prec,Rec,FP/P,$\hat{p}$
0.0,0,0,nan,0,"600,815",0,"112,751",0.16,1.00,5.328688880808152,1.00
0.05,1,0,0.00,1,"600,814",0,"112,751",0.16,1.00,5.328680011707213,1.00
0.1,161,4,0.02,162,"600,653",4,"112,747",0.16,1.00,5.327252086455996,1.00
0.15,"3,805",132,0.03,"3,967","596,848",136,"112,615",0.16,1.00,5.293505157382196,0.99
0.2,"16,155",773,0.05,"20,122","580,693",909,"111,842",0.16,0.99,5.15022483170881,0.97
0.25,"33,512","1,976",0.06,"53,634","547,181","2,885","109,866",0.17,0.97,4.853003521033073,0.92
0.3,"39,417","2,776",0.07,"93,051","507,764","5,661","107,090",0.17,0.95,4.503410169311137,0.86
0.35,"41,746","3,797",0.08,"134,797","466,018","9,458","103,293",0.18,0.92,4.133160681501717,0.80
0.4,"60,584","7,024",0.10,"195,381","405,434","16,482","96,269",0.19,0.85,3.595835070198934,0.70
0.45,"82,577","11,600",0.12,"277,958","322,857","28,082","84,669",0.21,0.75,2.863451321939495,0.57
0.5,"84,554","14,129",0.14,"362,512","238,303","42,211","70,540",0.23,0.63,2.113533361123183,0.43
0.55,"69,502","14,323",0.17,"432,014","168,801","56,534","56,217",0.25,0.50,1.497113107644278,0.32
0.6,"59,927","15,133",0.20,"491,941","108,874","71,667","41,084",0.27,0.36,0.965614495658575,0.21
0.65,"48,652","15,291",0.24,"540,593","60,222","86,958","25,793",0.30,0.23,0.5341149967627782,0.12
0.7,"35,764","13,510",0.27,"576,357","24,458","100,468","12,283",0.33,0.11,0.21692047077187784,0.05
0.75,"17,688","8,198",0.32,"594,045","6,770","108,666","4,085",0.38,0.04,0.060043813358639835,0.02
0.8,"5,819","3,404",0.37,"599,864",951,"112,070",681,0.42,0.01,0.008434514993215137,0.00
0.85,911,655,0.42,"600,775",40,"112,725",26,0.39,0.00,0.00035476403756951156,0.00
0.9,38,24,0.39,"600,813",2,"112,749",2,0.50,0.00,1.7738201878475578e-05,0.00
0.95,2,2,0.50,"600,815",0,"112,751",0,nan,0.00,0.0,0.00
1.0,0,0,nan,"600,815",0,"112,751",0,nan,0.00,0.0,0.00
