p,Neg,Pos,mPrec,TN,FP,FN,TP,Prec,Rec,FP/P,$\hat{p}$
0.0,1,0,0.00,1,"600,814",0,"112,751",0.16,1.00,5.328680011707213,1.00
0.05,412,2,0.00,413,"600,402",2,"112,749",0.16,1.00,5.325025942120248,1.00
0.1,"3,165",24,0.01,"3,578","597,237",26,"112,725",0.16,1.00,5.29695523764756,0.99
0.15,"14,795",166,0.01,"18,373","582,442",192,"112,559",0.16,1.00,5.165736889251536,0.97
0.2,"40,516",700,0.02,"58,889","541,926",892,"111,859",0.17,0.99,4.806396395597378,0.92
0.25,"74,958","2,597",0.03,"133,847","466,968","3,489","109,262",0.19,0.97,4.141586327393992,0.81
0.3,"103,037","6,284",0.06,"236,884","363,931","9,773","102,978",0.22,0.91,3.227740773917748,0.65
0.35,"115,085","12,107",0.10,"351,969","248,846","21,880","90,871",0.27,0.81,2.207040292325567,0.48
0.4,"101,817","17,831",0.15,"453,786","147,029","39,711","73,040",0.33,0.65,1.304015041995193,0.31
0.45,"72,915","20,705",0.22,"526,701","74,114","60,416","52,335",0.41,0.46,0.6573245470106696,0.18
0.5,"41,129","18,135",0.31,"567,830","32,985","78,551","34,200",0.51,0.30,0.2925472944807585,0.09
0.55,"19,206","13,317",0.41,"587,036","13,779","91,868","20,883",0.60,0.19,0.1222073418417575,0.05
0.6,"8,101","8,881",0.52,"595,137","5,678","100,749","12,002",0.68,0.11,0.05035875513299217,0.02
0.65,"3,417","5,817",0.63,"598,554","2,261","106,566","6,185",0.73,0.05,0.020053037223616642,0.01
0.7,"1,577","3,784",0.71,"600,131",684,"110,350","2,401",0.78,0.02,0.006066465042438648,0.00
0.75,547,"1,768",0.76,"600,678",137,"112,118",633,0.82,0.01,0.001215066828675577,0.00
0.8,104,445,0.81,"600,782",33,"112,563",188,0.85,0.00,0.00029268033099484706,0.00
0.85,25,113,0.82,"600,807",8,"112,676",75,0.90,0.00,7.095280751390231e-05,0.00
0.9,5,49,0.91,"600,812",3,"112,725",26,0.90,0.00,2.660730281771337e-05,0.00
0.95,1,19,0.95,"600,813",2,"112,744",7,0.78,0.00,1.7738201878475578e-05,0.00
1.0,2,7,0.78,"600,815",0,"112,751",0,nan,0.00,0.0,0.00
