p,Neg,Pos,Neg/Pos,TN,FP,FN,TP,FP/TP,Prec.,Rec.,$\hat{p}$
0.0,0,0,nan,0,"180,245",0,"33,825",5.33,0.16,1.00,1.00
0.05,4,0,inf,4,"180,241",0,"33,825",5.33,0.16,1.00,1.00
0.1,69,1,69.00,73,"180,172",1,"33,824",5.33,0.16,1.00,1.00
0.15,432,11,39.27,505,"179,740",12,"33,813",5.32,0.16,1.00,1.00
0.2,"1,874",40,46.85,"2,379","177,866",52,"33,773",5.27,0.16,1.00,0.99
0.25,"5,722",160,35.76,"8,101","172,144",212,"33,613",5.12,0.16,0.99,0.96
0.3,"12,596",560,22.49,"20,697","159,548",772,"33,053",4.83,0.17,0.98,0.90
0.35,"20,998","1,432",14.66,"41,695","138,550","2,204","31,621",4.38,0.19,0.93,0.79
0.4,"28,929","2,787",10.38,"70,624","109,621","4,991","28,834",3.80,0.21,0.85,0.65
0.45,"31,698","4,223",7.51,"102,322","77,923","9,214","24,611",3.17,0.24,0.73,0.48
0.5,"29,319","5,338",5.49,"131,641","48,604","14,552","19,273",2.52,0.28,0.57,0.32
0.55,"21,878","5,692",3.84,"153,519","26,726","20,244","13,581",1.97,0.34,0.40,0.19
0.6,"13,586","4,811",2.82,"167,105","13,140","25,055","8,770",1.50,0.40,0.26,0.10
0.65,"7,159","3,686",1.94,"174,264","5,981","28,741","5,084",1.18,0.46,0.15,0.05
0.7,"3,743","2,674",1.40,"178,007","2,238","31,415","2,410",0.93,0.52,0.07,0.02
0.75,"1,727","1,701",1.02,"179,734",511,"33,116",709,0.72,0.58,0.02,0.01
0.8,444,607,0.73,"180,178",67,"33,723",102,0.66,0.60,0.00,0.00
0.85,61,97,0.63,"180,239",6,"33,820",5,1.20,0.45,0.00,0.00
0.9,5,4,1.25,"180,244",1,"33,824",1,1.00,0.50,0.00,0.00
0.95,1,1,1.00,"180,245",0,"33,825",0,nan,nan,0.00,0.00
1.0,0,0,nan,"180,245",0,"33,825",0,nan,nan,0.00,0.00
