p,Neg,Pos,Neg/Pos,TN,FP,FN,TP,FP/TP,Prec.,Rec.,$\hat{p}$
0.0,0,0,nan,0,"180,245",0,"33,825",5.33,0.16,1.00,1.00
0.01,0,0,nan,0,"180,245",0,"33,825",5.33,0.16,1.00,1.00
0.02,0,0,nan,0,"180,245",0,"33,825",5.33,0.16,1.00,1.00
0.03,0,0,nan,0,"180,245",0,"33,825",5.33,0.16,1.00,1.00
0.04,0,0,nan,0,"180,245",0,"33,825",5.33,0.16,1.00,1.00
0.05,0,0,nan,0,"180,245",0,"33,825",5.33,0.16,1.00,1.00
0.06,0,0,nan,0,"180,245",0,"33,825",5.33,0.16,1.00,1.00
0.07,0,0,nan,0,"180,245",0,"33,825",5.33,0.16,1.00,1.00
0.08,0,0,nan,0,"180,245",0,"33,825",5.33,0.16,1.00,1.00
0.09,0,0,nan,0,"180,245",0,"33,825",5.33,0.16,1.00,1.00
0.1,0,0,nan,0,"180,245",0,"33,825",5.33,0.16,1.00,1.00
0.11,0,0,nan,0,"180,245",0,"33,825",5.33,0.16,1.00,1.00
0.12,0,0,nan,0,"180,245",0,"33,825",5.33,0.16,1.00,1.00
0.13,0,0,nan,0,"180,245",0,"33,825",5.33,0.16,1.00,1.00
0.14,0,0,nan,0,"180,245",0,"33,825",5.33,0.16,1.00,1.00
0.15,1,0,inf,1,"180,244",0,"33,825",5.33,0.16,1.00,1.00
0.16,0,0,nan,1,"180,244",0,"33,825",5.33,0.16,1.00,1.00
0.17,2,0,inf,3,"180,242",0,"33,825",5.33,0.16,1.00,1.00
0.18,4,0,inf,7,"180,238",0,"33,825",5.33,0.16,1.00,1.00
0.19,11,1,11.00,18,"180,227",1,"33,824",5.33,0.16,1.00,1.00
0.2,11,1,11.00,29,"180,216",2,"33,823",5.33,0.16,1.00,1.00
0.21,59,1,59.00,88,"180,157",3,"33,822",5.33,0.16,1.00,1.00
0.22,77,2,38.50,165,"180,080",5,"33,820",5.32,0.16,1.00,1.00
0.23,160,4,40.00,325,"179,920",9,"33,816",5.32,0.16,1.00,1.00
0.24,381,10,38.10,706,"179,539",19,"33,806",5.31,0.16,1.00,1.00
0.25,865,47,18.40,"1,571","178,674",66,"33,759",5.29,0.16,1.00,0.99
0.26,754,30,25.13,"2,325","177,920",96,"33,729",5.27,0.16,1.00,0.99
0.27,"1,580",80,19.75,"3,905","176,340",176,"33,649",5.24,0.16,0.99,0.98
0.28,"1,799",87,20.68,"5,704","174,541",263,"33,562",5.20,0.16,0.99,0.97
0.29,"2,651",137,19.35,"8,355","171,890",400,"33,425",5.14,0.16,0.99,0.96
0.3,"3,308",181,18.28,"11,663","168,582",581,"33,244",5.07,0.16,0.98,0.94
0.31,"3,058",196,15.60,"14,721","165,524",777,"33,048",5.01,0.17,0.98,0.93
0.32,"3,556",226,15.73,"18,277","161,968","1,003","32,822",4.93,0.17,0.97,0.91
0.33,"3,684",237,15.54,"21,961","158,284","1,240","32,585",4.86,0.17,0.96,0.89
0.34,"4,864",289,16.83,"26,825","153,420","1,529","32,296",4.75,0.17,0.95,0.87
0.35,"3,857",325,11.87,"30,682","149,563","1,854","31,971",4.68,0.18,0.95,0.85
0.36,"4,665",424,11.00,"35,347","144,898","2,278","31,547",4.59,0.18,0.93,0.82
0.37,"4,083",446,9.15,"39,430","140,815","2,724","31,101",4.53,0.18,0.92,0.80
0.38,"4,455",492,9.05,"43,885","136,360","3,216","30,609",4.45,0.18,0.90,0.78
0.39,"5,188",599,8.66,"49,073","131,172","3,815","30,010",4.37,0.19,0.89,0.75
0.4,"5,876",649,9.05,"54,949","125,296","4,464","29,361",4.27,0.19,0.87,0.72
0.41,"6,727",830,8.10,"61,676","118,569","5,294","28,531",4.16,0.19,0.84,0.69
0.42,"7,350","1,041",7.06,"69,026","111,219","6,335","27,490",4.05,0.20,0.81,0.65
0.43,"8,709","1,236",7.05,"77,735","102,510","7,571","26,254",3.90,0.20,0.78,0.60
0.44,"9,448","1,459",6.48,"87,183","93,062","9,030","24,795",3.75,0.21,0.73,0.55
0.45,"8,939","1,397",6.40,"96,122","84,123","10,427","23,398",3.60,0.22,0.69,0.50
0.46,"9,206","1,660",5.55,"105,328","74,917","12,087","21,738",3.45,0.22,0.64,0.45
0.47,"8,385","1,581",5.30,"113,713","66,532","13,668","20,157",3.30,0.23,0.60,0.40
0.48,"6,998","1,355",5.16,"120,711","59,534","15,023","18,802",3.17,0.24,0.56,0.37
0.49,"6,882","1,513",4.55,"127,593","52,652","16,536","17,289",3.05,0.25,0.51,0.33
0.5,"6,094","1,382",4.41,"133,687","46,558","17,918","15,907",2.93,0.25,0.47,0.29
0.51,"5,654","1,363",4.15,"139,341","40,904","19,281","14,544",2.81,0.26,0.43,0.26
0.52,"5,764","1,602",3.60,"145,105","35,140","20,883","12,942",2.72,0.27,0.38,0.22
0.53,"5,196","1,503",3.46,"150,301","29,944","22,386","11,439",2.62,0.28,0.34,0.19
0.54,"5,176","1,474",3.51,"155,477","24,768","23,860","9,965",2.49,0.29,0.29,0.16
0.55,"4,503","1,536",2.93,"159,980","20,265","25,396","8,429",2.40,0.29,0.25,0.13
0.56,"4,110","1,361",3.02,"164,090","16,155","26,757","7,068",2.29,0.30,0.21,0.11
0.57,"3,632","1,328",2.73,"167,722","12,523","28,085","5,740",2.18,0.31,0.17,0.09
0.58,"3,279","1,291",2.54,"171,001","9,244","29,376","4,449",2.08,0.32,0.13,0.06
0.59,"2,613","1,075",2.43,"173,614","6,631","30,451","3,374",1.97,0.34,0.10,0.05
0.6,"1,951",877,2.22,"175,565","4,680","31,328","2,497",1.87,0.35,0.07,0.03
0.61,"1,476",676,2.18,"177,041","3,204","32,004","1,821",1.76,0.36,0.05,0.02
0.62,"1,011",513,1.97,"178,052","2,193","32,517","1,308",1.68,0.37,0.04,0.02
0.63,731,408,1.79,"178,783","1,462","32,925",900,1.62,0.38,0.03,0.01
0.64,490,278,1.76,"179,273",972,"33,203",622,1.56,0.39,0.02,0.01
0.65,334,204,1.64,"179,607",638,"33,407",418,1.53,0.40,0.01,0.00
0.66,255,139,1.83,"179,862",383,"33,546",279,1.37,0.42,0.01,0.00
0.67,160,116,1.38,"180,022",223,"33,662",163,1.37,0.42,0.00,0.00
0.68,82,78,1.05,"180,104",141,"33,740",85,1.66,0.38,0.00,0.00
0.69,61,28,2.18,"180,165",80,"33,768",57,1.40,0.42,0.00,0.00
0.7,40,22,1.82,"180,205",40,"33,790",35,1.14,0.47,0.00,0.00
0.71,21,22,0.95,"180,226",19,"33,812",13,1.46,0.41,0.00,0.00
0.72,8,10,0.80,"180,234",11,"33,822",3,3.67,0.21,0.00,0.00
0.73,9,2,4.50,"180,243",2,"33,824",1,2.00,0.33,0.00,0.00
0.74,2,1,2.00,"180,245",0,"33,825",0,nan,nan,0.00,0.00
0.75,0,0,nan,"180,245",0,"33,825",0,nan,nan,0.00,0.00
0.76,0,0,nan,"180,245",0,"33,825",0,nan,nan,0.00,0.00
0.77,0,0,nan,"180,245",0,"33,825",0,nan,nan,0.00,0.00
0.78,0,0,nan,"180,245",0,"33,825",0,nan,nan,0.00,0.00
0.79,0,0,nan,"180,245",0,"33,825",0,nan,nan,0.00,0.00
0.8,0,0,nan,"180,245",0,"33,825",0,nan,nan,0.00,0.00
0.81,0,0,nan,"180,245",0,"33,825",0,nan,nan,0.00,0.00
0.82,0,0,nan,"180,245",0,"33,825",0,nan,nan,0.00,0.00
0.83,0,0,nan,"180,245",0,"33,825",0,nan,nan,0.00,0.00
0.84,0,0,nan,"180,245",0,"33,825",0,nan,nan,0.00,0.00
0.85,0,0,nan,"180,245",0,"33,825",0,nan,nan,0.00,0.00
0.86,0,0,nan,"180,245",0,"33,825",0,nan,nan,0.00,0.00
0.87,0,0,nan,"180,245",0,"33,825",0,nan,nan,0.00,0.00
0.88,0,0,nan,"180,245",0,"33,825",0,nan,nan,0.00,0.00
0.89,0,0,nan,"180,245",0,"33,825",0,nan,nan,0.00,0.00
0.9,0,0,nan,"180,245",0,"33,825",0,nan,nan,0.00,0.00
0.91,0,0,nan,"180,245",0,"33,825",0,nan,nan,0.00,0.00
0.92,0,0,nan,"180,245",0,"33,825",0,nan,nan,0.00,0.00
0.93,0,0,nan,"180,245",0,"33,825",0,nan,nan,0.00,0.00
0.94,0,0,nan,"180,245",0,"33,825",0,nan,nan,0.00,0.00
0.95,0,0,nan,"180,245",0,"33,825",0,nan,nan,0.00,0.00
0.96,0,0,nan,"180,245",0,"33,825",0,nan,nan,0.00,0.00
0.97,0,0,nan,"180,245",0,"33,825",0,nan,nan,0.00,0.00
0.98,0,0,nan,"180,245",0,"33,825",0,nan,nan,0.00,0.00
0.99,0,0,nan,"180,245",0,"33,825",0,nan,nan,0.00,0.00
1.0,0,0,nan,"180,245",0,"33,825",0,nan,nan,0.00,0.00
