p,Neg,Pos,mPrec,TN,FP,FN,TP,Prec,Rec,$\hat{p}$
0.0,0,0,nan,0,"420,570",0,"78,926",0.16,1.00,1.00
0.05,"15,342",89,0.01,"15,342","405,228",89,"78,837",0.16,1.00,0.97
0.1,"30,412",403,0.01,"45,754","374,816",492,"78,434",0.17,0.99,0.91
0.15,"33,903",789,0.02,"79,657","340,913","1,281","77,645",0.19,0.98,0.84
0.2,"33,980","1,174",0.03,"113,637","306,933","2,455","76,471",0.20,0.97,0.77
0.25,"33,486","1,600",0.05,"147,123","273,447","4,055","74,871",0.21,0.95,0.70
0.3,"32,797","2,197",0.06,"179,920","240,650","6,252","72,674",0.23,0.92,0.63
0.35,"32,239","2,729",0.08,"212,159","208,411","8,981","69,945",0.25,0.89,0.56
0.4,"30,483","3,360",0.10,"242,642","177,928","12,341","66,585",0.27,0.84,0.49
0.45,"28,290","3,916",0.12,"270,932","149,638","16,257","62,669",0.30,0.79,0.43
0.5,"26,174","4,402",0.14,"297,106","123,464","20,659","58,267",0.32,0.74,0.36
0.55,"23,872","4,876",0.17,"320,978","99,592","25,535","53,391",0.35,0.68,0.31
0.6,"21,493","5,515",0.20,"342,471","78,099","31,050","47,876",0.38,0.61,0.25
0.65,"19,079","6,022",0.24,"361,550","59,020","37,072","41,854",0.41,0.53,0.20
0.7,"16,233","6,331",0.28,"377,783","42,787","43,403","35,523",0.45,0.45,0.16
0.75,"13,413","6,249",0.32,"391,196","29,374","49,652","29,274",0.50,0.37,0.12
0.8,"10,622","6,297",0.37,"401,818","18,752","55,949","22,977",0.55,0.29,0.08
0.85,"7,896","6,260",0.44,"409,714","10,856","62,209","16,717",0.61,0.21,0.06
0.9,"5,682","6,088",0.52,"415,396","5,174","68,297","10,629",0.67,0.13,0.03
0.95,"3,551","5,741",0.62,"418,947","1,623","74,038","4,888",0.75,0.06,0.01
1.0,"1,623","4,888",0.75,"420,570",0,"78,926",0,nan,0.00,0.00
