p,Neg,Pos,mPrec,TN,FP,FN,TP,Prec,Rec,FP/P,$\hat{p}$
0.0,"6,009",38,0.01,"6,009","594,806",38,"112,713",0.16,1.00,5.275394453264273,0.99
0.1,"75,914","1,469",0.02,"81,923","518,892","1,507","111,244",0.18,0.99,4.602105524562975,0.88
0.2,"92,527","3,907",0.04,"174,450","426,365","5,414","107,337",0.20,0.95,3.78147422195812,0.75
0.3,"90,486","6,640",0.07,"264,936","335,879","12,054","100,697",0.23,0.89,2.9789447543702496,0.61
0.4,"84,090","9,321",0.10,"349,026","251,789","21,375","91,376",0.27,0.81,2.233142056389744,0.48
0.5,"74,077","11,976",0.14,"423,103","177,712","33,351","79,400",0.31,0.70,1.576145666113826,0.36
0.6,"63,053","14,454",0.19,"486,156","114,659","47,805","64,946",0.36,0.58,1.0169222445920656,0.25
0.7,"50,215","16,455",0.25,"536,371","64,444","64,260","48,491",0.43,0.43,0.5715603409282402,0.16
0.8,"35,127","16,797",0.32,"571,498","29,317","81,057","31,694",0.52,0.28,0.2600154322356343,0.09
0.9,"20,606","16,404",0.44,"592,104","8,711","97,461","15,290",0.64,0.14,0.07725873828170038,0.03
1.0,"8,711","15,290",0.64,"600,815",0,"112,751",0,nan,0.00,0.0,0.00
