p,Neg,Pos,mPrec,TN,FP,FN,TP,Prec,Rec,FP/P,$\hat{p}$
0.0,"15,021",358,0.02,"15,021","585,794",358,"112,393",0.16,1.00,5.195466115599862,0.98
0.05,"18,343",597,0.03,"33,364","567,451",955,"111,796",0.16,0.99,5.032780197071423,0.95
0.1,"25,546","1,147",0.04,"58,910","541,905","2,102","110,649",0.17,0.98,4.806210144477654,0.91
0.15,"32,238","1,822",0.05,"91,148","509,667","3,924","108,827",0.18,0.97,4.520288068398506,0.87
0.2,"38,160","2,738",0.07,"129,308","471,507","6,662","106,089",0.18,0.94,4.181843176557193,0.81
0.25,"43,953","3,742",0.08,"173,261","427,554","10,404","102,347",0.19,0.91,3.792019582974874,0.74
0.3,"47,492","4,548",0.09,"220,753","380,062","14,952","97,799",0.20,0.87,3.370808241168593,0.67
0.35,"48,883","5,555",0.10,"269,636","331,179","20,507","92,244",0.22,0.82,2.9372599799558317,0.59
0.4,"48,977","6,460",0.12,"318,613","282,202","26,967","85,784",0.23,0.76,2.5028780232547825,0.52
0.45,"47,336","7,356",0.13,"365,949","234,866","34,323","78,428",0.25,0.70,2.0830502611950226,0.44
0.5,"43,599","7,877",0.15,"409,548","191,267","42,200","70,551",0.27,0.63,1.6963663293451943,0.37
0.55,"39,049","8,154",0.17,"448,597","152,218","50,354","62,397",0.29,0.55,1.350036806768898,0.30
0.6,"34,374","8,462",0.20,"482,971","117,844","58,816","53,935",0.31,0.48,1.045170331083538,0.24
0.65,"29,104","8,326",0.22,"512,075","88,740","67,142","45,609",0.34,0.40,0.7870440173479615,0.19
0.7,"24,141","7,829",0.24,"536,216","64,599","74,971","37,780",0.37,0.34,0.572935051573822,0.14
0.75,"18,630","7,169",0.28,"554,846","45,969","82,140","30,611",0.40,0.27,0.40770370107582193,0.11
0.8,"14,603","6,483",0.31,"569,449","31,366","88,623","24,128",0.43,0.21,0.2781882200601325,0.08
0.85,"10,866","6,038",0.36,"580,315","20,500","94,661","18,090",0.47,0.16,0.18181656925437467,0.05
0.9,"8,399","5,660",0.40,"588,714","12,101","100,321","12,430",0.51,0.11,0.10732499046571649,0.03
0.95,"6,255","5,378",0.46,"594,969","5,846","105,699","7,052",0.55,0.06,0.051848764090784115,0.02
1.0,"5,846","7,052",0.55,"600,815",0,"112,751",0,nan,0.00,0.0,0.00
