p,Neg,Pos,mPrec,TN,FP,FN,TP,Prec,Rec,FP/P,$\hat{p}$
0.0,0,0,nan,0,"600,815",0,"112,751",0.16,1.00,5.328688880808152,1.00
0.01,"1,695",10,0.01,"1,695","599,120",10,"112,741",0.16,1.00,5.3136557547161445,1.00
0.02,"3,581",22,0.01,"5,276","595,539",32,"112,719",0.16,1.00,5.281895504252734,0.99
0.03,"5,035",45,0.01,"10,311","590,504",77,"112,674",0.16,1.00,5.237239581023672,0.99
0.04,"6,037",64,0.01,"16,348","584,467",141,"112,610",0.16,1.00,5.183696818653493,0.98
0.05,"7,266",92,0.01,"23,614","577,201",233,"112,518",0.16,1.00,5.119253931228991,0.97
0.06,"7,841",113,0.01,"31,455","569,360",346,"112,405",0.16,1.00,5.049711310764428,0.96
0.07,"8,212",142,0.02,"39,667","561,148",488,"112,263",0.17,1.00,4.976878253851407,0.94
0.08,"8,765",168,0.02,"48,432","552,383",656,"112,095",0.17,0.99,4.899140584118988,0.93
0.09,"8,919",193,0.02,"57,351","543,464",849,"111,902",0.17,0.99,4.820037072841926,0.92
0.1,"9,324",211,0.02,"66,675","534,140","1,060","111,691",0.17,0.99,4.737341575684473,0.91
0.11,"9,362",279,0.03,"76,037","524,778","1,339","111,412",0.18,0.99,4.654309052691329,0.89
0.12,"9,575",280,0.03,"85,612","515,203","1,619","111,132",0.18,0.99,4.569387411198127,0.88
0.13,"9,611",300,0.03,"95,223","505,592","1,919","110,832",0.18,0.98,4.484146482071113,0.86
0.14,"9,698",319,0.03,"104,921","495,894","2,238","110,513",0.18,0.98,4.398133941162384,0.85
0.15,"9,697",346,0.03,"114,618","486,197","2,584","110,167",0.18,0.98,4.312130269354595,0.84
0.16,"9,838",412,0.04,"124,456","476,359","2,996","109,755",0.19,0.97,4.224876054314374,0.82
0.17,"10,025",420,0.04,"134,481","466,334","3,416","109,335",0.19,0.97,4.135963317398516,0.81
0.18,"9,960",442,0.04,"144,441","456,374","3,858","108,893",0.19,0.97,4.047627072043707,0.79
0.19,"9,672",484,0.05,"154,113","446,702","4,342","108,409",0.20,0.96,3.961845127759399,0.78
0.2,"9,744",510,0.05,"163,857","436,958","4,852","107,899",0.20,0.96,3.875424608207466,0.76
0.21,"9,890",531,0.05,"173,747","427,068","5,383","107,368",0.20,0.95,3.7877091999184045,0.75
0.22,"9,812",579,0.06,"183,559","417,256","5,962","106,789",0.20,0.95,3.700685581502603,0.73
0.23,"9,747",655,0.06,"193,306","407,509","6,617","106,134",0.21,0.94,3.6142384546478525,0.72
0.24,"9,679",615,0.06,"202,985","397,830","7,232","105,519",0.21,0.94,3.52839442665697,0.71
0.25,"9,714",651,0.06,"212,699","388,116","7,883","104,868",0.21,0.93,3.442239980133214,0.69
0.26,"9,563",711,0.07,"222,262","378,553","8,594","104,157",0.22,0.92,3.357424767851283,0.68
0.27,"9,433",715,0.07,"231,695","369,120","9,309","103,442",0.22,0.92,3.273762538691453,0.66
0.28,"9,669",736,0.07,"241,364","359,451","10,045","102,706",0.22,0.91,3.1880072017099628,0.65
0.29,"9,305",771,0.08,"250,669","350,146","10,816","101,935",0.23,0.90,3.105480217470355,0.63
0.3,"9,371",798,0.08,"260,040","340,775","11,614","101,137",0.23,0.90,3.0223678725687577,0.62
0.31,"9,329",829,0.08,"269,369","331,446","12,443","100,308",0.23,0.89,2.939628029906608,0.61
0.32,"9,354",870,0.09,"278,723","322,092","13,313","99,438",0.24,0.88,2.856666459720978,0.59
0.33,"9,081",902,0.09,"287,804","313,011","14,215","98,536",0.24,0.87,2.77612615409176,0.58
0.34,"9,002",909,0.09,"296,806","304,009","15,124","97,627",0.24,0.87,2.6962865074367413,0.56
0.35,"8,859",943,0.10,"305,665","295,150","16,067","96,684",0.25,0.86,2.6177151422160336,0.55
0.36,"8,825","1,016",0.10,"314,490","286,325","17,083","95,668",0.25,0.85,2.53944532642726,0.54
0.37,"8,771","1,048",0.11,"323,261","277,554","18,131","94,620",0.25,0.84,2.4616544420892055,0.52
0.38,"8,796","1,082",0.11,"332,057","268,758","19,213","93,538",0.26,0.83,2.3836418302276696,0.51
0.39,"8,543","1,068",0.11,"340,600","260,215","20,281","92,470",0.26,0.82,2.307873100903761,0.49
0.4,"8,541","1,111",0.12,"349,141","251,674","21,392","91,359",0.27,0.81,2.2321221097817316,0.48
0.41,"8,309","1,122",0.12,"357,450","243,365","22,514","90,237",0.27,0.80,2.1584287500776047,0.47
0.42,"8,112","1,203",0.13,"365,562","235,253","23,717","89,034",0.27,0.79,2.0864826032585078,0.45
0.43,"8,166","1,185",0.13,"373,728","227,087","24,902","87,849",0.28,0.78,2.014057524988692,0.44
0.44,"8,058","1,255",0.13,"381,786","219,029","26,157","86,594",0.28,0.77,1.9425903096203139,0.43
0.45,"7,964","1,289",0.14,"389,750","211,065","27,446","85,305",0.29,0.76,1.871956789740224,0.42
0.46,"7,792","1,239",0.14,"397,542","203,273","28,685","84,066",0.29,0.75,1.8028487552216832,0.40
0.47,"7,620","1,309",0.15,"405,162","195,653","29,994","82,757",0.30,0.73,1.7352662060646913,0.39
0.48,"7,435","1,333",0.15,"412,597","188,218","31,327","81,424",0.30,0.72,1.6693244405814582,0.38
0.49,"7,386","1,444",0.16,"419,983","180,832","32,771","79,980",0.31,0.71,1.603817261044248,0.37
0.5,"7,199","1,398",0.16,"427,182","173,633","34,169","78,582",0.31,0.70,1.5399686033826752,0.35
0.51,"7,158","1,459",0.17,"434,340","166,475","35,628","77,123",0.32,0.68,1.476483578859611,0.34
0.52,"6,858","1,392",0.17,"441,198","159,617","37,020","75,731",0.32,0.67,1.4156592846183182,0.33
0.53,"6,787","1,530",0.18,"447,985","152,830","38,550","74,201",0.33,0.66,1.3554646965437114,0.32
0.54,"6,778","1,470",0.18,"454,763","146,052","40,020","72,731",0.33,0.65,1.2953499303775575,0.31
0.55,"6,791","1,545",0.19,"461,554","139,261","41,565","71,186",0.34,0.63,1.2351198658991938,0.29
0.56,"6,497","1,582",0.20,"468,051","132,764","43,147","69,604",0.34,0.62,1.1774973170969658,0.28
0.57,"6,281","1,575",0.20,"474,332","126,483","44,722","68,029",0.35,0.60,1.1217904940976133,0.27
0.58,"6,255","1,605",0.20,"480,587","120,228","46,327","66,424",0.36,0.59,1.066314267722681,0.26
0.59,"6,196","1,645",0.21,"486,783","114,032","47,972","64,779",0.36,0.57,1.0113613183031636,0.25
0.6,"5,915","1,647",0.22,"492,698","108,117","49,619","63,132",0.37,0.56,0.9589005862475721,0.24
0.61,"5,673","1,769",0.24,"498,371","102,444","51,388","61,363",0.37,0.54,0.9085861766192761,0.23
0.62,"5,687","1,713",0.23,"504,058","96,757","53,101","59,650",0.38,0.53,0.8581475995778308,0.22
0.63,"5,467","1,735",0.24,"509,525","91,290","54,836","57,915",0.39,0.51,0.8096602247430178,0.21
0.64,"5,453","1,679",0.24,"514,978","85,837","56,515","56,236",0.40,0.50,0.7612970173213541,0.20
0.65,"5,188","1,772",0.25,"520,166","80,649","58,287","54,464",0.40,0.48,0.7152841216485885,0.19
0.66,"5,088","1,771",0.26,"525,254","75,561","60,058","52,693",0.41,0.47,0.6701581360697466,0.18
0.67,"4,875","1,816",0.27,"530,129","70,686","61,874","50,877",0.42,0.45,0.6269212689909623,0.17
0.68,"4,674","1,728",0.27,"534,803","66,012","63,602","49,149",0.43,0.44,0.585467091200965,0.16
0.69,"4,434","1,817",0.29,"539,237","61,578","65,419","47,332",0.43,0.42,0.5461414976363846,0.15
0.7,"4,379","1,804",0.29,"543,616","57,199","67,223","45,528",0.44,0.40,0.5073037046234623,0.14
0.71,"4,250","1,706",0.29,"547,866","52,949","68,929","43,822",0.45,0.39,0.46961002563170173,0.14
0.72,"3,908","1,732",0.31,"551,774","49,041","70,661","42,090",0.46,0.37,0.43494957916116045,0.13
0.73,"3,830","1,793",0.32,"555,604","45,211","72,454","40,297",0.47,0.36,0.4009809225638797,0.12
0.74,"3,679","1,836",0.33,"559,283","41,532","74,290","38,461",0.48,0.34,0.3683515002084239,0.11
0.75,"3,436","1,831",0.35,"562,719","38,096","76,121","36,630",0.49,0.32,0.3378772693812028,0.10
0.76,"3,236","1,748",0.35,"565,955","34,860","77,869","34,882",0.50,0.31,0.3091768587418293,0.10
0.77,"3,172","1,727",0.35,"569,127","31,688","79,596","33,155",0.51,0.29,0.2810440705625671,0.09
0.78,"2,885","1,786",0.38,"572,012","28,803","81,382","31,369",0.52,0.28,0.25545671435286604,0.08
0.79,"2,833","1,776",0.39,"574,845","25,970","83,158","29,593",0.53,0.26,0.2303305513920054,0.08
0.8,"2,530","1,719",0.40,"577,375","23,440","84,877","27,874",0.54,0.25,0.20789172601573377,0.07
0.81,"2,537","1,752",0.41,"579,912","20,903","86,629","26,122",0.56,0.23,0.1853908169328875,0.07
0.82,"2,342","1,823",0.44,"582,254","18,561","88,452","24,299",0.57,0.22,0.1646193825331926,0.06
0.83,"2,209","1,736",0.44,"584,463","16,352","90,188","22,563",0.58,0.20,0.14502753855841632,0.05
0.84,"1,931","1,788",0.48,"586,394","14,421","91,976","20,775",0.59,0.18,0.12790130464474816,0.05
0.85,"1,904","1,681",0.47,"588,298","12,517","93,657","19,094",0.60,0.17,0.11101453645643941,0.04
0.86,"1,794","1,637",0.48,"590,092","10,723","95,294","17,457",0.62,0.15,0.09510336937144681,0.04
0.87,"1,558","1,680",0.52,"591,650","9,165","96,974","15,777",0.63,0.14,0.08128531010811434,0.03
0.88,"1,518","1,730",0.53,"593,168","7,647","98,704","14,047",0.65,0.12,0.06782201488235137,0.03
0.89,"1,238","1,564",0.56,"594,406","6,409","100,268","12,483",0.66,0.11,0.056842067919574996,0.03
0.9,"1,212","1,538",0.56,"595,618","5,197","101,806","10,945",0.68,0.10,0.046092717581218794,0.02
0.91,"1,062","1,560",0.59,"596,680","4,135","103,366","9,385",0.69,0.08,0.03667373238374826,0.02
0.92,955,"1,443",0.60,"597,635","3,180","104,809","7,942",0.71,0.07,0.02820374098677617,0.02
0.93,826,"1,535",0.65,"598,461","2,354","106,344","6,407",0.73,0.06,0.020877863610965757,0.01
0.94,668,"1,515",0.69,"599,129","1,686","107,859","4,892",0.74,0.04,0.014953304183554913,0.01
0.95,600,"1,555",0.72,"599,729","1,086","109,414","3,337",0.75,0.03,0.009631843620012239,0.01
0.96,497,"1,370",0.73,"600,226",589,"110,784","1,967",0.77,0.02,0.005223900453211058,0.00
0.97,337,"1,088",0.76,"600,563",252,"111,872",879,0.78,0.01,0.002235013436687923,0.00
0.98,195,648,0.77,"600,758",57,"112,520",231,0.80,0.00,0.000505538753536554,0.00
0.99,53,218,0.80,"600,811",4,"112,738",13,0.76,0.00,3.5476403756951156e-05,0.00
1.0,4,13,0.76,"600,815",0,"112,751",0,nan,0.00,0.0,0.00
