p,Neg,Pos,mPrec,TN,FP,FN,TP,Prec,Rec,FP/P,$\hat{p}$
0.0,"6,009",51,0.01,"6,009","594,806",51,"112,700",0.16,1.00,5.275394453264273,0.99
0.05,"24,812",330,0.01,"30,821","569,994",381,"112,370",0.16,1.00,5.055334320759904,0.96
0.1,"48,407","1,036",0.02,"79,228","521,587","1,417","111,334",0.18,0.99,4.626007751594221,0.89
0.15,"64,959","2,531",0.04,"144,187","456,628","3,948","108,803",0.19,0.96,4.049879823682273,0.79
0.2,"73,803","4,463",0.06,"217,990","382,825","8,411","104,340",0.21,0.93,3.395313567063707,0.68
0.25,"75,711","6,620",0.08,"293,701","307,114","15,031","97,720",0.24,0.87,2.7238250658530743,0.57
0.3,"71,087","8,667",0.11,"364,788","236,027","23,698","89,053",0.27,0.79,2.0933472873854777,0.46
0.35,"60,957","10,297",0.14,"425,745","175,070","33,995","78,756",0.31,0.70,1.5527135014323599,0.36
0.4,"49,965","11,121",0.18,"475,710","125,105","45,116","67,635",0.35,0.60,1.1095688730033437,0.27
0.45,"38,643","11,073",0.22,"514,353","86,462","56,189","56,562",0.40,0.50,0.7668402054083777,0.20
0.5,"28,457","10,535",0.27,"542,810","58,005","66,724","46,027",0.44,0.41,0.514452199980488,0.15
0.55,"19,972","9,062",0.31,"562,782","38,033","75,786","36,965",0.49,0.33,0.33731851602203083,0.11
0.6,"13,347","7,792",0.37,"576,129","24,686","83,578","29,173",0.54,0.26,0.21894262578602408,0.08
0.65,"8,971","6,663",0.43,"585,100","15,715","90,241","22,510",0.59,0.20,0.13937792126012186,0.05
0.7,"5,758","5,316",0.48,"590,858","9,957","95,557","17,194",0.63,0.15,0.08830963805199067,0.04
0.75,"3,649","4,324",0.54,"594,507","6,308","99,881","12,870",0.67,0.11,0.055946288724711975,0.03
0.8,"2,364","3,511",0.60,"596,871","3,944","103,392","9,359",0.70,0.08,0.03497973410435384,0.02
0.85,"1,576","2,872",0.65,"598,447","2,368","106,264","6,487",0.73,0.06,0.021002031024115086,0.01
0.9,"1,080","2,440",0.69,"599,527","1,288","108,704","4,047",0.76,0.04,0.011423402009738274,0.01
0.95,682,"1,763",0.72,"600,209",606,"110,467","2,284",0.79,0.02,0.0053746751691781,0.00
1.0,606,"2,284",0.79,"600,815",0,"112,751",0,nan,0.00,0.0,0.00
