p,Neg,Pos,Neg/Pos,TN,FP,FN,TP,FP/TP,Prec.,Rec.,$\hat{p}$
0.0,0,0,nan,0,"420,570",0,"78,926",5.33,0.16,1.00,1.00
0.05,0,0,nan,0,"420,570",0,"78,926",5.33,0.16,1.00,1.00
0.1,0,0,nan,0,"420,570",0,"78,926",5.33,0.16,1.00,1.00
0.15,206,1,206.00,206,"420,364",1,"78,925",5.33,0.16,1.00,1.00
0.2,"3,787",103,36.77,"3,993","416,577",104,"78,822",5.29,0.16,1.00,0.99
0.25,"20,961",973,21.54,"24,954","395,616","1,077","77,849",5.08,0.16,0.99,0.95
0.3,"35,584","2,189",16.26,"60,538","360,032","3,266","75,660",4.76,0.17,0.96,0.87
0.35,"39,013","3,359",11.61,"99,551","321,019","6,625","72,301",4.44,0.18,0.92,0.79
0.4,"65,571","7,776",8.43,"165,122","255,448","14,401","64,525",3.96,0.20,0.82,0.64
0.45,"87,630","14,059",6.23,"252,752","167,818","28,460","50,466",3.33,0.23,0.64,0.44
0.5,"64,483","13,465",4.79,"317,235","103,335","41,925","37,001",2.79,0.26,0.47,0.28
0.55,"43,826","12,066",3.63,"361,061","59,509","53,991","24,935",2.39,0.30,0.32,0.17
0.6,"34,364","12,141",2.83,"395,425","25,145","66,132","12,794",1.97,0.34,0.16,0.08
0.65,"18,318","8,390",2.18,"413,743","6,827","74,522","4,404",1.55,0.39,0.06,0.02
0.7,"6,008","3,696",1.63,"419,751",819,"78,218",708,1.16,0.46,0.01,0.00
0.75,798,692,1.15,"420,549",21,"78,910",16,1.31,0.43,0.00,0.00
0.8,21,16,1.31,"420,570",0,"78,926",0,nan,nan,0.00,0.00
0.85,0,0,nan,"420,570",0,"78,926",0,nan,nan,0.00,0.00
0.9,0,0,nan,"420,570",0,"78,926",0,nan,nan,0.00,0.00
0.95,0,0,nan,"420,570",0,"78,926",0,nan,nan,0.00,0.00
1.0,0,0,nan,"420,570",0,"78,926",0,nan,nan,0.00,0.00
