p,Neg,Pos,mPrec,TN,FP,FN,TP,Prec,Rec,$\hat{p}$
0.0,"10,515",66,0.01,"10,515","410,055",66,"78,860",0.16,1.00,0.98
0.01,"21,710",246,0.01,"32,225","388,345",312,"78,614",0.17,1.00,0.93
0.02,"24,233",440,0.02,"56,458","364,112",752,"78,174",0.18,0.99,0.89
0.03,"23,831",643,0.03,"80,289","340,281","1,395","77,531",0.19,0.98,0.84
0.04,"22,516",812,0.03,"102,805","317,765","2,207","76,719",0.19,0.97,0.79
0.05,"21,260",875,0.04,"124,065","296,505","3,082","75,844",0.20,0.96,0.75
0.06,"19,206",998,0.05,"143,271","277,299","4,080","74,846",0.21,0.95,0.71
0.07,"18,241","1,175",0.06,"161,512","259,058","5,255","73,671",0.22,0.93,0.67
0.08,"16,721","1,204",0.07,"178,233","242,337","6,459","72,467",0.23,0.92,0.63
0.09,"15,621","1,256",0.07,"193,854","226,716","7,715","71,211",0.24,0.90,0.60
0.1,"14,733","1,324",0.08,"208,587","211,983","9,039","69,887",0.25,0.89,0.56
0.11,"13,555","1,320",0.09,"222,142","198,428","10,359","68,567",0.26,0.87,0.53
0.12,"12,435","1,347",0.10,"234,577","185,993","11,706","67,220",0.27,0.85,0.51
0.13,"11,804","1,355",0.10,"246,381","174,189","13,061","65,865",0.27,0.83,0.48
0.14,"10,845","1,318",0.11,"257,226","163,344","14,379","64,547",0.28,0.82,0.46
0.15,"10,037","1,439",0.13,"267,263","153,307","15,818","63,108",0.29,0.80,0.43
0.16,"9,369","1,341",0.13,"276,632","143,938","17,159","61,767",0.30,0.78,0.41
0.17,"8,723","1,390",0.14,"285,355","135,215","18,549","60,377",0.31,0.76,0.39
0.18,"8,269","1,411",0.15,"293,624","126,946","19,960","58,966",0.32,0.75,0.37
0.19,"7,485","1,361",0.15,"301,109","119,461","21,321","57,605",0.33,0.73,0.35
0.2,"7,247","1,390",0.16,"308,356","112,214","22,711","56,215",0.33,0.71,0.34
0.21,"6,701","1,366",0.17,"315,057","105,513","24,077","54,849",0.34,0.69,0.32
0.22,"6,383","1,293",0.17,"321,440","99,130","25,370","53,556",0.35,0.68,0.31
0.23,"5,807","1,313",0.18,"327,247","93,323","26,683","52,243",0.36,0.66,0.29
0.24,"5,490","1,351",0.20,"332,737","87,833","28,034","50,892",0.37,0.64,0.28
0.25,"5,273","1,329",0.20,"338,010","82,560","29,363","49,563",0.38,0.63,0.26
0.26,"4,973","1,312",0.21,"342,983","77,587","30,675","48,251",0.38,0.61,0.25
0.27,"4,618","1,276",0.22,"347,601","72,969","31,951","46,975",0.39,0.60,0.24
0.28,"4,488","1,341",0.23,"352,089","68,481","33,292","45,634",0.40,0.58,0.23
0.29,"4,158","1,242",0.23,"356,247","64,323","34,534","44,392",0.41,0.56,0.22
0.3,"3,835","1,281",0.25,"360,082","60,488","35,815","43,111",0.42,0.55,0.21
0.31,"3,591","1,241",0.26,"363,673","56,897","37,056","41,870",0.42,0.53,0.20
0.32,"3,395","1,199",0.26,"367,068","53,502","38,255","40,671",0.43,0.52,0.19
0.33,"3,158","1,173",0.27,"370,226","50,344","39,428","39,498",0.44,0.50,0.18
0.34,"3,013","1,138",0.27,"373,239","47,331","40,566","38,360",0.45,0.49,0.17
0.35,"2,799","1,075",0.28,"376,038","44,532","41,641","37,285",0.46,0.47,0.16
0.36,"2,569","1,086",0.30,"378,607","41,963","42,727","36,199",0.46,0.46,0.16
0.37,"2,418","1,078",0.31,"381,025","39,545","43,805","35,121",0.47,0.44,0.15
0.38,"2,263","1,032",0.31,"383,288","37,282","44,837","34,089",0.48,0.43,0.14
0.39,"2,169",963,0.31,"385,457","35,113","45,800","33,126",0.49,0.42,0.14
0.4,"1,956",962,0.33,"387,413","33,157","46,762","32,164",0.49,0.41,0.13
0.41,"1,866",934,0.33,"389,279","31,291","47,696","31,230",0.50,0.40,0.13
0.42,"1,789",941,0.34,"391,068","29,502","48,637","30,289",0.51,0.38,0.12
0.43,"1,717",979,0.36,"392,785","27,785","49,616","29,310",0.51,0.37,0.11
0.44,"1,623",838,0.34,"394,408","26,162","50,454","28,472",0.52,0.36,0.11
0.45,"1,462",779,0.35,"395,870","24,700","51,233","27,693",0.53,0.35,0.10
0.46,"1,410",815,0.37,"397,280","23,290","52,048","26,878",0.54,0.34,0.10
0.47,"1,334",804,0.38,"398,614","21,956","52,852","26,074",0.54,0.33,0.10
0.48,"1,258",767,0.38,"399,872","20,698","53,619","25,307",0.55,0.32,0.09
0.49,"1,150",717,0.38,"401,022","19,548","54,336","24,590",0.56,0.31,0.09
0.5,"1,137",731,0.39,"402,159","18,411","55,067","23,859",0.56,0.30,0.08
0.51,"1,024",716,0.41,"403,183","17,387","55,783","23,143",0.57,0.29,0.08
0.52,949,765,0.45,"404,132","16,438","56,548","22,378",0.58,0.28,0.08
0.53,919,669,0.42,"405,051","15,519","57,217","21,709",0.58,0.28,0.07
0.54,947,675,0.42,"405,998","14,572","57,892","21,034",0.59,0.27,0.07
0.55,807,606,0.43,"406,805","13,765","58,498","20,428",0.60,0.26,0.07
0.56,774,639,0.45,"407,579","12,991","59,137","19,789",0.60,0.25,0.07
0.57,675,631,0.48,"408,254","12,316","59,768","19,158",0.61,0.24,0.06
0.58,681,645,0.49,"408,935","11,635","60,413","18,513",0.61,0.23,0.06
0.59,664,566,0.46,"409,599","10,971","60,979","17,947",0.62,0.23,0.06
0.6,649,552,0.46,"410,248","10,322","61,531","17,395",0.63,0.22,0.06
0.61,572,511,0.47,"410,820","9,750","62,042","16,884",0.63,0.21,0.05
0.62,561,570,0.50,"411,381","9,189","62,612","16,314",0.64,0.21,0.05
0.63,559,555,0.50,"411,940","8,630","63,167","15,759",0.65,0.20,0.05
0.64,490,549,0.53,"412,430","8,140","63,716","15,210",0.65,0.19,0.05
0.65,485,516,0.52,"412,915","7,655","64,232","14,694",0.66,0.19,0.04
0.66,437,506,0.54,"413,352","7,218","64,738","14,188",0.66,0.18,0.04
0.67,425,473,0.53,"413,777","6,793","65,211","13,715",0.67,0.17,0.04
0.68,406,483,0.54,"414,183","6,387","65,694","13,232",0.67,0.17,0.04
0.69,356,475,0.57,"414,539","6,031","66,169","12,757",0.68,0.16,0.04
0.7,350,453,0.56,"414,889","5,681","66,622","12,304",0.68,0.16,0.04
0.71,329,426,0.56,"415,218","5,352","67,048","11,878",0.69,0.15,0.03
0.72,323,429,0.57,"415,541","5,029","67,477","11,449",0.69,0.15,0.03
0.73,316,437,0.58,"415,857","4,713","67,914","11,012",0.70,0.14,0.03
0.74,281,447,0.61,"416,138","4,432","68,361","10,565",0.70,0.13,0.03
0.75,259,390,0.60,"416,397","4,173","68,751","10,175",0.71,0.13,0.03
0.76,253,415,0.62,"416,650","3,920","69,166","9,760",0.71,0.12,0.03
0.77,240,388,0.62,"416,890","3,680","69,554","9,372",0.72,0.12,0.03
0.78,249,372,0.60,"417,139","3,431","69,926","9,000",0.72,0.11,0.02
0.79,216,370,0.63,"417,355","3,215","70,296","8,630",0.73,0.11,0.02
0.8,195,348,0.64,"417,550","3,020","70,644","8,282",0.73,0.10,0.02
0.81,200,336,0.63,"417,750","2,820","70,980","7,946",0.74,0.10,0.02
0.82,192,353,0.65,"417,942","2,628","71,333","7,593",0.74,0.10,0.02
0.83,185,327,0.64,"418,127","2,443","71,660","7,266",0.75,0.09,0.02
0.84,160,330,0.67,"418,287","2,283","71,990","6,936",0.75,0.09,0.02
0.85,144,342,0.70,"418,431","2,139","72,332","6,594",0.76,0.08,0.02
0.86,167,332,0.67,"418,598","1,972","72,664","6,262",0.76,0.08,0.02
0.87,155,336,0.68,"418,753","1,817","73,000","5,926",0.77,0.08,0.02
0.88,156,332,0.68,"418,909","1,661","73,332","5,594",0.77,0.07,0.01
0.89,138,327,0.70,"419,047","1,523","73,659","5,267",0.78,0.07,0.01
0.9,132,285,0.68,"419,179","1,391","73,944","4,982",0.78,0.06,0.01
0.91,120,334,0.74,"419,299","1,271","74,278","4,648",0.79,0.06,0.01
0.92,114,307,0.73,"419,413","1,157","74,585","4,341",0.79,0.06,0.01
0.93,114,308,0.73,"419,527","1,043","74,893","4,033",0.79,0.05,0.01
0.94,116,309,0.73,"419,643",927,"75,202","3,724",0.80,0.05,0.01
0.95,100,301,0.75,"419,743",827,"75,503","3,423",0.81,0.04,0.01
0.96,89,308,0.78,"419,832",738,"75,811","3,115",0.81,0.04,0.01
0.97,92,311,0.77,"419,924",646,"76,122","2,804",0.81,0.04,0.01
0.98,79,279,0.78,"420,003",567,"76,401","2,525",0.82,0.03,0.01
0.99,77,288,0.79,"420,080",490,"76,689","2,237",0.82,0.03,0.01
1.0,490,"2,237",0.82,"420,570",0,"78,926",0,nan,0.00,0.00
