p,Neg,Pos,mPrec,TN,FP,FN,TP,Prec,Rec,$\hat{p}$
0.0,"10,515",66,0.01,"10,515","410,055",66,"78,860",0.16,1.00,0.98
0.1,"198,072","8,973",0.04,"208,587","211,983","9,039","69,887",0.25,0.89,0.56
0.2,"99,769","13,672",0.12,"308,356","112,214","22,711","56,215",0.33,0.71,0.34
0.3,"51,726","13,104",0.20,"360,082","60,488","35,815","43,111",0.42,0.55,0.21
0.4,"27,331","10,947",0.29,"387,413","33,157","46,762","32,164",0.49,0.41,0.13
0.5,"14,746","8,305",0.36,"402,159","18,411","55,067","23,859",0.56,0.30,0.08
0.6,"8,089","6,464",0.44,"410,248","10,322","61,531","17,395",0.63,0.22,0.06
0.7,"4,641","5,091",0.52,"414,889","5,681","66,622","12,304",0.68,0.16,0.04
0.8,"2,661","4,022",0.60,"417,550","3,020","70,644","8,282",0.73,0.10,0.02
0.9,"1,629","3,300",0.67,"419,179","1,391","73,944","4,982",0.78,0.06,0.01
1.0,"1,391","4,982",0.78,"420,570",0,"78,926",0,nan,0.00,0.00
