p,Neg,Pos,mPrec,TN,FP,FN,TP,Prec,Rec,$\hat{p}$
0.0,899,0,0.00,899,"398,156",0,"78,926",0.17,1.00,1.00
0.01,"2,754",5,0.00,"3,653","395,402",5,"78,921",0.17,1.00,0.99
0.02,"4,029",19,0.00,"7,682","391,373",24,"78,902",0.17,1.00,0.98
0.03,"4,760",29,0.01,"12,442","386,613",53,"78,873",0.17,1.00,0.97
0.04,"5,446",32,0.01,"17,888","381,167",85,"78,841",0.17,1.00,0.96
0.05,"6,039",63,0.01,"23,927","375,128",148,"78,778",0.17,1.00,0.95
0.06,"6,225",79,0.01,"30,152","368,903",227,"78,699",0.18,1.00,0.94
0.07,"6,547",89,0.01,"36,699","362,356",316,"78,610",0.18,1.00,0.92
0.08,"6,751",101,0.01,"43,450","355,605",417,"78,509",0.18,0.99,0.91
0.09,"6,703",119,0.02,"50,153","348,902",536,"78,390",0.18,0.99,0.89
0.1,"6,870",130,0.02,"57,023","342,032",666,"78,260",0.19,0.99,0.88
0.11,"6,936",146,0.02,"63,959","335,096",812,"78,114",0.19,0.99,0.86
0.12,"6,953",163,0.02,"70,912","328,143",975,"77,951",0.19,0.99,0.85
0.13,"6,908",193,0.03,"77,820","321,235","1,168","77,758",0.19,0.99,0.83
0.14,"6,846",171,0.02,"84,666","314,389","1,339","77,587",0.20,0.98,0.82
0.15,"7,003",213,0.03,"91,669","307,386","1,552","77,374",0.20,0.98,0.80
0.16,"6,985",238,0.03,"98,654","300,401","1,790","77,136",0.20,0.98,0.79
0.17,"6,893",249,0.03,"105,547","293,508","2,039","76,887",0.21,0.97,0.77
0.18,"6,849",264,0.04,"112,396","286,659","2,303","76,623",0.21,0.97,0.76
0.19,"6,798",297,0.04,"119,194","279,861","2,600","76,326",0.21,0.97,0.75
0.2,"6,683",297,0.04,"125,877","273,178","2,897","76,029",0.22,0.96,0.73
0.21,"6,594",359,0.05,"132,471","266,584","3,256","75,670",0.22,0.96,0.72
0.22,"6,500",337,0.05,"138,971","260,084","3,593","75,333",0.22,0.95,0.70
0.23,"6,575",356,0.05,"145,546","253,509","3,949","74,977",0.23,0.95,0.69
0.24,"6,533",405,0.06,"152,079","246,976","4,354","74,572",0.23,0.94,0.67
0.25,"6,437",426,0.06,"158,516","240,539","4,780","74,146",0.24,0.94,0.66
0.26,"6,398",417,0.06,"164,914","234,141","5,197","73,729",0.24,0.93,0.64
0.27,"6,311",470,0.07,"171,225","227,830","5,667","73,259",0.24,0.93,0.63
0.28,"6,141",449,0.07,"177,366","221,689","6,116","72,810",0.25,0.92,0.62
0.29,"6,093",467,0.07,"183,459","215,596","6,583","72,343",0.25,0.92,0.60
0.3,"6,027",515,0.08,"189,486","209,569","7,098","71,828",0.26,0.91,0.59
0.31,"5,958",554,0.09,"195,444","203,611","7,652","71,274",0.26,0.90,0.58
0.32,"5,778",576,0.09,"201,222","197,833","8,228","70,698",0.26,0.90,0.56
0.33,"5,777",560,0.09,"206,999","192,056","8,788","70,138",0.27,0.89,0.55
0.34,"5,783",608,0.10,"212,782","186,273","9,396","69,530",0.27,0.88,0.54
0.35,"5,586",603,0.10,"218,368","180,687","9,999","68,927",0.28,0.87,0.52
0.36,"5,632",662,0.11,"224,000","175,055","10,661","68,265",0.28,0.86,0.51
0.37,"5,430",682,0.11,"229,430","169,625","11,343","67,583",0.28,0.86,0.50
0.38,"5,568",679,0.11,"234,998","164,057","12,022","66,904",0.29,0.85,0.48
0.39,"5,329",671,0.11,"240,327","158,728","12,693","66,233",0.29,0.84,0.47
0.4,"5,252",739,0.12,"245,579","153,476","13,432","65,494",0.30,0.83,0.46
0.41,"5,182",699,0.12,"250,761","148,294","14,131","64,795",0.30,0.82,0.45
0.42,"5,009",777,0.13,"255,770","143,285","14,908","64,018",0.31,0.81,0.43
0.43,"5,030",741,0.13,"260,800","138,255","15,649","63,277",0.31,0.80,0.42
0.44,"4,942",778,0.14,"265,742","133,313","16,427","62,499",0.32,0.79,0.41
0.45,"5,018",791,0.14,"270,760","128,295","17,218","61,708",0.32,0.78,0.40
0.46,"4,816",842,0.15,"275,576","123,479","18,060","60,866",0.33,0.77,0.39
0.47,"4,765",890,0.16,"280,341","118,714","18,950","59,976",0.34,0.76,0.37
0.48,"4,653",876,0.16,"284,994","114,061","19,826","59,100",0.34,0.75,0.36
0.49,"4,446",898,0.17,"289,440","109,615","20,724","58,202",0.35,0.74,0.35
0.5,"4,445",938,0.17,"293,885","105,170","21,662","57,264",0.35,0.73,0.34
0.51,"4,351",970,0.18,"298,236","100,819","22,632","56,294",0.36,0.71,0.33
0.52,"4,363",950,0.18,"302,599","96,456","23,582","55,344",0.36,0.70,0.32
0.53,"4,161","1,002",0.19,"306,760","92,295","24,584","54,342",0.37,0.69,0.31
0.54,"4,120","1,003",0.20,"310,880","88,175","25,587","53,339",0.38,0.68,0.30
0.55,"4,078","1,052",0.21,"314,958","84,097","26,639","52,287",0.38,0.66,0.29
0.56,"3,899","1,039",0.21,"318,857","80,198","27,678","51,248",0.39,0.65,0.28
0.57,"3,871","1,129",0.23,"322,728","76,327","28,807","50,119",0.40,0.64,0.26
0.58,"3,720","1,101",0.23,"326,448","72,607","29,908","49,018",0.40,0.62,0.25
0.59,"3,578","1,137",0.24,"330,026","69,029","31,045","47,881",0.41,0.61,0.24
0.6,"3,556","1,134",0.24,"333,582","65,473","32,179","46,747",0.42,0.59,0.23
0.61,"3,399","1,171",0.26,"336,981","62,074","33,350","45,576",0.42,0.58,0.23
0.62,"3,324","1,202",0.27,"340,305","58,750","34,552","44,374",0.43,0.56,0.22
0.63,"3,315","1,143",0.26,"343,620","55,435","35,695","43,231",0.44,0.55,0.21
0.64,"3,258","1,277",0.28,"346,878","52,177","36,972","41,954",0.45,0.53,0.20
0.65,"3,020","1,223",0.29,"349,898","49,157","38,195","40,731",0.45,0.52,0.19
0.66,"3,031","1,198",0.28,"352,929","46,126","39,393","39,533",0.46,0.50,0.18
0.67,"2,936","1,211",0.29,"355,865","43,190","40,604","38,322",0.47,0.49,0.17
0.68,"2,928","1,258",0.30,"358,793","40,262","41,862","37,064",0.48,0.47,0.16
0.69,"2,811","1,223",0.30,"361,604","37,451","43,085","35,841",0.49,0.45,0.15
0.7,"2,588","1,289",0.33,"364,192","34,863","44,374","34,552",0.50,0.44,0.15
0.71,"2,498","1,278",0.34,"366,690","32,365","45,652","33,274",0.51,0.42,0.14
0.72,"2,382","1,289",0.35,"369,072","29,983","46,941","31,985",0.52,0.41,0.13
0.73,"2,385","1,353",0.36,"371,457","27,598","48,294","30,632",0.53,0.39,0.12
0.74,"2,293","1,292",0.36,"373,750","25,305","49,586","29,340",0.54,0.37,0.11
0.75,"2,157","1,293",0.37,"375,907","23,148","50,879","28,047",0.55,0.36,0.11
0.76,"2,040","1,337",0.40,"377,947","21,108","52,216","26,710",0.56,0.34,0.10
0.77,"1,912","1,308",0.41,"379,859","19,196","53,524","25,402",0.57,0.32,0.09
0.78,"1,821","1,253",0.41,"381,680","17,375","54,777","24,149",0.58,0.31,0.09
0.79,"1,686","1,310",0.44,"383,366","15,689","56,087","22,839",0.59,0.29,0.08
0.8,"1,631","1,311",0.45,"384,997","14,058","57,398","21,528",0.60,0.27,0.07
0.81,"1,495","1,293",0.46,"386,492","12,563","58,691","20,235",0.62,0.26,0.07
0.82,"1,458","1,285",0.47,"387,950","11,105","59,976","18,950",0.63,0.24,0.06
0.83,"1,291","1,286",0.50,"389,241","9,814","61,262","17,664",0.64,0.22,0.06
0.84,"1,226","1,231",0.50,"390,467","8,588","62,493","16,433",0.66,0.21,0.05
0.85,"1,183","1,247",0.51,"391,650","7,405","63,740","15,186",0.67,0.19,0.05
0.86,979,"1,179",0.55,"392,629","6,426","64,919","14,007",0.69,0.18,0.04
0.87,907,"1,148",0.56,"393,536","5,519","66,067","12,859",0.70,0.16,0.04
0.88,767,"1,069",0.58,"394,303","4,752","67,136","11,790",0.71,0.15,0.03
0.89,701,"1,040",0.60,"395,004","4,051","68,176","10,750",0.73,0.14,0.03
0.9,620,"1,001",0.62,"395,624","3,431","69,177","9,749",0.74,0.12,0.03
0.91,568,985,0.63,"396,192","2,863","70,162","8,764",0.75,0.11,0.02
0.92,474,917,0.66,"396,666","2,389","71,079","7,847",0.77,0.10,0.02
0.93,408,894,0.69,"397,074","1,981","71,973","6,953",0.78,0.09,0.02
0.94,395,941,0.70,"397,469","1,586","72,914","6,012",0.79,0.08,0.02
0.95,364,"1,031",0.74,"397,833","1,222","73,945","4,981",0.80,0.06,0.01
0.96,392,"1,141",0.74,"398,225",830,"75,086","3,840",0.82,0.05,0.01
0.97,343,"1,251",0.78,"398,568",487,"76,337","2,589",0.84,0.03,0.01
0.98,252,"1,253",0.83,"398,820",235,"77,590","1,336",0.85,0.02,0.00
0.99,190,964,0.84,"399,010",45,"78,554",372,0.89,0.00,0.00
1.0,45,372,0.89,"399,055",0,"78,926",0,nan,0.00,0.00
