p,Neg,Pos,mPrec,TN,FP,FN,TP,Prec,Rec,$\hat{p}$
0.0,4,0,0.00,4,"420,566",0,"78,926",0.16,1.00,1.00
0.01,8,0,0.00,12,"420,558",0,"78,926",0.16,1.00,1.00
0.02,218,5,0.02,230,"420,340",5,"78,921",0.16,1.00,1.00
0.03,768,22,0.03,998,"419,572",27,"78,899",0.16,1.00,1.00
0.04,"2,181",59,0.03,"3,179","417,391",86,"78,840",0.16,1.00,0.99
0.05,"5,762",210,0.04,"8,941","411,629",296,"78,630",0.16,1.00,0.98
0.06,"7,073",341,0.05,"16,014","404,556",637,"78,289",0.16,0.99,0.97
0.07,"13,615",745,0.05,"29,629","390,941","1,382","77,544",0.17,0.98,0.94
0.08,"12,314",710,0.05,"41,943","378,627","2,092","76,834",0.17,0.97,0.91
0.09,"11,032",745,0.06,"52,975","367,595","2,837","76,089",0.17,0.96,0.89
0.1,"10,862",840,0.07,"63,837","356,733","3,677","75,249",0.17,0.95,0.86
0.11,"9,952",775,0.07,"73,789","346,781","4,452","74,474",0.18,0.94,0.84
0.12,"10,948",953,0.08,"84,737","335,833","5,405","73,521",0.18,0.93,0.82
0.13,"9,362",868,0.08,"94,099","326,471","6,273","72,653",0.18,0.92,0.80
0.14,"9,656","1,008",0.09,"103,755","316,815","7,281","71,645",0.18,0.91,0.78
0.15,"10,559","1,180",0.10,"114,314","306,256","8,461","70,465",0.19,0.89,0.75
0.16,"12,512","1,461",0.10,"126,826","293,744","9,922","69,004",0.19,0.87,0.73
0.17,"15,991","1,928",0.11,"142,817","277,753","11,850","67,076",0.19,0.85,0.69
0.18,"16,566","2,137",0.11,"159,383","261,187","13,987","64,939",0.20,0.82,0.65
0.19,"17,575","2,493",0.12,"176,958","243,612","16,480","62,446",0.20,0.79,0.61
0.2,"16,624","2,371",0.12,"193,582","226,988","18,851","60,075",0.21,0.76,0.57
0.21,"17,166","2,533",0.13,"210,748","209,822","21,384","57,542",0.22,0.73,0.54
0.22,"18,865","3,180",0.14,"229,613","190,957","24,564","54,362",0.22,0.69,0.49
0.23,"13,318","2,391",0.15,"242,931","177,639","26,955","51,971",0.23,0.66,0.46
0.24,"12,996","2,238",0.15,"255,927","164,643","29,193","49,733",0.23,0.63,0.43
0.25,"12,572","2,454",0.16,"268,499","152,071","31,647","47,279",0.24,0.60,0.40
0.26,"10,183","1,963",0.16,"278,682","141,888","33,610","45,316",0.24,0.57,0.37
0.27,"9,093","1,778",0.16,"287,775","132,795","35,388","43,538",0.25,0.55,0.35
0.28,"8,629","1,860",0.18,"296,404","124,166","37,248","41,678",0.25,0.53,0.33
0.29,"7,535","1,676",0.18,"303,939","116,631","38,924","40,002",0.26,0.51,0.31
0.3,"6,918","1,609",0.19,"310,857","109,713","40,533","38,393",0.26,0.49,0.30
0.31,"7,831","1,782",0.19,"318,688","101,882","42,315","36,611",0.26,0.46,0.28
0.32,"6,158","1,538",0.20,"324,846","95,724","43,853","35,073",0.27,0.44,0.26
0.33,"6,426","1,676",0.21,"331,272","89,298","45,529","33,397",0.27,0.42,0.25
0.34,"5,821","1,561",0.21,"337,093","83,477","47,090","31,836",0.28,0.40,0.23
0.35,"6,004","1,733",0.22,"343,097","77,473","48,823","30,103",0.28,0.38,0.22
0.36,"5,226","1,428",0.21,"348,323","72,247","50,251","28,675",0.28,0.36,0.20
0.37,"5,908","1,738",0.23,"354,231","66,339","51,989","26,937",0.29,0.34,0.19
0.38,"5,095","1,498",0.23,"359,326","61,244","53,487","25,439",0.29,0.32,0.17
0.39,"4,864","1,518",0.24,"364,190","56,380","55,005","23,921",0.30,0.30,0.16
0.4,"4,554","1,571",0.26,"368,744","51,826","56,576","22,350",0.30,0.28,0.15
0.41,"4,954","1,665",0.25,"373,698","46,872","58,241","20,685",0.31,0.26,0.14
0.42,"4,267","1,486",0.26,"377,965","42,605","59,727","19,199",0.31,0.24,0.12
0.43,"4,413","1,519",0.26,"382,378","38,192","61,246","17,680",0.32,0.22,0.11
0.44,"3,627","1,311",0.27,"386,005","34,565","62,557","16,369",0.32,0.21,0.10
0.45,"3,421","1,334",0.28,"389,426","31,144","63,891","15,035",0.33,0.19,0.09
0.46,"3,591","1,359",0.27,"393,017","27,553","65,250","13,676",0.33,0.17,0.08
0.47,"3,434","1,358",0.28,"396,451","24,119","66,608","12,318",0.34,0.16,0.07
0.48,"3,147","1,266",0.29,"399,598","20,972","67,874","11,052",0.35,0.14,0.06
0.49,"2,444","1,019",0.29,"402,042","18,528","68,893","10,033",0.35,0.13,0.06
0.5,"2,234",947,0.30,"404,276","16,294","69,840","9,086",0.36,0.12,0.05
0.51,"2,164",947,0.30,"406,440","14,130","70,787","8,139",0.37,0.10,0.04
0.52,"1,773",862,0.33,"408,213","12,357","71,649","7,277",0.37,0.09,0.04
0.53,"1,533",748,0.33,"409,746","10,824","72,397","6,529",0.38,0.08,0.03
0.54,"1,434",724,0.34,"411,180","9,390","73,121","5,805",0.38,0.07,0.03
0.55,"1,297",607,0.32,"412,477","8,093","73,728","5,198",0.39,0.07,0.03
0.56,"1,121",590,0.34,"413,598","6,972","74,318","4,608",0.40,0.06,0.02
0.57,874,485,0.36,"414,472","6,098","74,803","4,123",0.40,0.05,0.02
0.58,"1,052",584,0.36,"415,524","5,046","75,387","3,539",0.41,0.04,0.02
0.59,729,459,0.39,"416,253","4,317","75,846","3,080",0.42,0.04,0.01
0.6,598,350,0.37,"416,851","3,719","76,196","2,730",0.42,0.03,0.01
0.61,613,393,0.39,"417,464","3,106","76,589","2,337",0.43,0.03,0.01
0.62,417,253,0.38,"417,881","2,689","76,842","2,084",0.44,0.03,0.01
0.63,329,230,0.41,"418,210","2,360","77,072","1,854",0.44,0.02,0.01
0.64,354,258,0.42,"418,564","2,006","77,330","1,596",0.44,0.02,0.01
0.65,256,174,0.40,"418,820","1,750","77,504","1,422",0.45,0.02,0.01
0.66,296,204,0.41,"419,116","1,454","77,708","1,218",0.46,0.02,0.01
0.67,237,185,0.44,"419,353","1,217","77,893","1,033",0.46,0.01,0.00
0.68,186,160,0.46,"419,539","1,031","78,053",873,0.46,0.01,0.00
0.69,117,97,0.45,"419,656",914,"78,150",776,0.46,0.01,0.00
0.7,178,157,0.47,"419,834",736,"78,307",619,0.46,0.01,0.00
0.71,139,101,0.42,"419,973",597,"78,408",518,0.46,0.01,0.00
0.72,91,66,0.42,"420,064",506,"78,474",452,0.47,0.01,0.00
0.73,69,57,0.45,"420,133",437,"78,531",395,0.47,0.01,0.00
0.74,75,67,0.47,"420,208",362,"78,598",328,0.48,0.00,0.00
0.75,59,46,0.44,"420,267",303,"78,644",282,0.48,0.00,0.00
0.76,59,38,0.39,"420,326",244,"78,682",244,0.50,0.00,0.00
0.77,48,44,0.48,"420,374",196,"78,726",200,0.51,0.00,0.00
0.78,52,44,0.46,"420,426",144,"78,770",156,0.52,0.00,0.00
0.79,19,32,0.63,"420,445",125,"78,802",124,0.50,0.00,0.00
0.8,31,17,0.35,"420,476",94,"78,819",107,0.53,0.00,0.00
0.81,21,22,0.51,"420,497",73,"78,841",85,0.54,0.00,0.00
0.82,7,7,0.50,"420,504",66,"78,848",78,0.54,0.00,0.00
0.83,24,11,0.31,"420,528",42,"78,859",67,0.61,0.00,0.00
0.84,5,7,0.58,"420,533",37,"78,866",60,0.62,0.00,0.00
0.85,6,7,0.54,"420,539",31,"78,873",53,0.63,0.00,0.00
0.86,9,10,0.53,"420,548",22,"78,883",43,0.66,0.00,0.00
0.87,7,16,0.70,"420,555",15,"78,899",27,0.64,0.00,0.00
0.88,1,5,0.83,"420,556",14,"78,904",22,0.61,0.00,0.00
0.89,2,0,0.00,"420,558",12,"78,904",22,0.65,0.00,0.00
0.9,4,11,0.73,"420,562",8,"78,915",11,0.58,0.00,0.00
0.91,0,1,1.00,"420,562",8,"78,916",10,0.56,0.00,0.00
0.92,3,4,0.57,"420,565",5,"78,920",6,0.55,0.00,0.00
0.93,0,0,nan,"420,565",5,"78,920",6,0.55,0.00,0.00
0.94,0,0,nan,"420,565",5,"78,920",6,0.55,0.00,0.00
0.95,0,4,1.00,"420,565",5,"78,924",2,0.29,0.00,0.00
0.96,0,1,1.00,"420,565",5,"78,925",1,0.17,0.00,0.00
0.97,3,0,0.00,"420,568",2,"78,925",1,0.33,0.00,0.00
0.98,2,0,0.00,"420,570",0,"78,925",1,1.00,0.00,0.00
0.99,0,0,nan,"420,570",0,"78,925",1,1.00,0.00,0.00
1.0,0,1,1.00,"420,570",0,"78,926",0,nan,0.00,0.00
