p,Neg,Pos,mPrec,TN,FP,FN,TP,Prec,Rec,$\hat{p}$
0.0,760,2,0.00,760,"179,485",2,"33,823",0.16,1.00,1.00
0.01,"1,235",10,0.01,"1,995","178,250",12,"33,813",0.16,1.00,0.99
0.02,"1,583",11,0.01,"3,578","176,667",23,"33,802",0.16,1.00,0.98
0.03,"1,936",13,0.01,"5,514","174,731",36,"33,789",0.16,1.00,0.97
0.04,"2,136",27,0.01,"7,650","172,595",63,"33,762",0.16,1.00,0.96
0.05,"2,345",31,0.01,"9,995","170,250",94,"33,731",0.17,1.00,0.95
0.06,"2,506",41,0.02,"12,501","167,744",135,"33,690",0.17,1.00,0.94
0.07,"2,554",32,0.01,"15,055","165,190",167,"33,658",0.17,1.00,0.93
0.08,"2,702",57,0.02,"17,757","162,488",224,"33,601",0.17,0.99,0.92
0.09,"2,774",59,0.02,"20,531","159,714",283,"33,542",0.17,0.99,0.90
0.1,"2,827",75,0.03,"23,358","156,887",358,"33,467",0.18,0.99,0.89
0.11,"2,781",83,0.03,"26,139","154,106",441,"33,384",0.18,0.99,0.88
0.12,"2,827",87,0.03,"28,966","151,279",528,"33,297",0.18,0.98,0.86
0.13,"2,899",93,0.03,"31,865","148,380",621,"33,204",0.18,0.98,0.85
0.14,"2,843",105,0.04,"34,708","145,537",726,"33,099",0.19,0.98,0.83
0.15,"2,864",108,0.04,"37,572","142,673",834,"32,991",0.19,0.98,0.82
0.16,"2,787",117,0.04,"40,359","139,886",951,"32,874",0.19,0.97,0.81
0.17,"2,773",125,0.04,"43,132","137,113","1,076","32,749",0.19,0.97,0.79
0.18,"2,829",152,0.05,"45,961","134,284","1,228","32,597",0.20,0.96,0.78
0.19,"2,814",156,0.05,"48,775","131,470","1,384","32,441",0.20,0.96,0.77
0.2,"2,852",148,0.05,"51,627","128,618","1,532","32,293",0.20,0.95,0.75
0.21,"2,863",135,0.05,"54,490","125,755","1,667","32,158",0.20,0.95,0.74
0.22,"2,845",162,0.05,"57,335","122,910","1,829","31,996",0.21,0.95,0.72
0.23,"2,774",202,0.07,"60,109","120,136","2,031","31,794",0.21,0.94,0.71
0.24,"2,711",158,0.06,"62,820","117,425","2,189","31,636",0.21,0.94,0.70
0.25,"2,736",219,0.07,"65,556","114,689","2,408","31,417",0.22,0.93,0.68
0.26,"2,675",207,0.07,"68,231","112,014","2,615","31,210",0.22,0.92,0.67
0.27,"2,798",237,0.08,"71,029","109,216","2,852","30,973",0.22,0.92,0.65
0.28,"2,664",207,0.07,"73,693","106,552","3,059","30,766",0.22,0.91,0.64
0.29,"2,608",233,0.08,"76,301","103,944","3,292","30,533",0.23,0.90,0.63
0.3,"2,673",223,0.08,"78,974","101,271","3,515","30,310",0.23,0.90,0.61
0.31,"2,700",250,0.08,"81,674","98,571","3,765","30,060",0.23,0.89,0.60
0.32,"2,649",276,0.09,"84,323","95,922","4,041","29,784",0.24,0.88,0.59
0.33,"2,669",254,0.09,"86,992","93,253","4,295","29,530",0.24,0.87,0.57
0.34,"2,603",298,0.10,"89,595","90,650","4,593","29,232",0.24,0.86,0.56
0.35,"2,692",273,0.09,"92,287","87,958","4,866","28,959",0.25,0.86,0.55
0.36,"2,646",316,0.11,"94,933","85,312","5,182","28,643",0.25,0.85,0.53
0.37,"2,556",310,0.11,"97,489","82,756","5,492","28,333",0.26,0.84,0.52
0.38,"2,460",330,0.12,"99,949","80,296","5,822","28,003",0.26,0.83,0.51
0.39,"2,453",327,0.12,"102,402","77,843","6,149","27,676",0.26,0.82,0.49
0.4,"2,464",311,0.11,"104,866","75,379","6,460","27,365",0.27,0.81,0.48
0.41,"2,392",320,0.12,"107,258","72,987","6,780","27,045",0.27,0.80,0.47
0.42,"2,451",316,0.11,"109,709","70,536","7,096","26,729",0.27,0.79,0.45
0.43,"2,466",396,0.14,"112,175","68,070","7,492","26,333",0.28,0.78,0.44
0.44,"2,325",348,0.13,"114,500","65,745","7,840","25,985",0.28,0.77,0.43
0.45,"2,304",359,0.13,"116,804","63,441","8,199","25,626",0.29,0.76,0.42
0.46,"2,277",366,0.14,"119,081","61,164","8,565","25,260",0.29,0.75,0.40
0.47,"2,238",362,0.14,"121,319","58,926","8,927","24,898",0.30,0.74,0.39
0.48,"2,150",401,0.16,"123,469","56,776","9,328","24,497",0.30,0.72,0.38
0.49,"2,182",399,0.15,"125,651","54,594","9,727","24,098",0.31,0.71,0.37
0.5,"2,045",421,0.17,"127,696","52,549","10,148","23,677",0.31,0.70,0.36
0.51,"2,035",379,0.16,"129,731","50,514","10,527","23,298",0.32,0.69,0.34
0.52,"1,997",396,0.17,"131,728","48,517","10,923","22,902",0.32,0.68,0.33
0.53,"1,924",381,0.17,"133,652","46,593","11,304","22,521",0.33,0.67,0.32
0.54,"1,936",437,0.18,"135,588","44,657","11,741","22,084",0.33,0.65,0.31
0.55,"1,884",459,0.20,"137,472","42,773","12,200","21,625",0.34,0.64,0.30
0.56,"1,908",442,0.19,"139,380","40,865","12,642","21,183",0.34,0.63,0.29
0.57,"1,834",467,0.20,"141,214","39,031","13,109","20,716",0.35,0.61,0.28
0.58,"1,750",456,0.21,"142,964","37,281","13,565","20,260",0.35,0.60,0.27
0.59,"1,728",469,0.21,"144,692","35,553","14,034","19,791",0.36,0.59,0.26
0.6,"1,734",448,0.21,"146,426","33,819","14,482","19,343",0.36,0.57,0.25
0.61,"1,694",483,0.22,"148,120","32,125","14,965","18,860",0.37,0.56,0.24
0.62,"1,665",518,0.24,"149,785","30,460","15,483","18,342",0.38,0.54,0.23
0.63,"1,584",486,0.23,"151,369","28,876","15,969","17,856",0.38,0.53,0.22
0.64,"1,507",468,0.24,"152,876","27,369","16,437","17,388",0.39,0.51,0.21
0.65,"1,471",466,0.24,"154,347","25,898","16,903","16,922",0.40,0.50,0.20
0.66,"1,463",492,0.25,"155,810","24,435","17,395","16,430",0.40,0.49,0.19
0.67,"1,386",462,0.25,"157,196","23,049","17,857","15,968",0.41,0.47,0.18
0.68,"1,387",519,0.27,"158,583","21,662","18,376","15,449",0.42,0.46,0.17
0.69,"1,314",489,0.27,"159,897","20,348","18,865","14,960",0.42,0.44,0.16
0.7,"1,290",526,0.29,"161,187","19,058","19,391","14,434",0.43,0.43,0.16
0.71,"1,269",476,0.27,"162,456","17,789","19,867","13,958",0.44,0.41,0.15
0.72,"1,193",468,0.28,"163,649","16,596","20,335","13,490",0.45,0.40,0.14
0.73,"1,138",533,0.32,"164,787","15,458","20,868","12,957",0.46,0.38,0.13
0.74,"1,048",540,0.34,"165,835","14,410","21,408","12,417",0.46,0.37,0.13
0.75,"1,069",476,0.31,"166,904","13,341","21,884","11,941",0.47,0.35,0.12
0.76,"1,101",500,0.31,"168,005","12,240","22,384","11,441",0.48,0.34,0.11
0.77,956,488,0.34,"168,961","11,284","22,872","10,953",0.49,0.32,0.10
0.78,959,481,0.33,"169,920","10,325","23,353","10,472",0.50,0.31,0.10
0.79,898,508,0.36,"170,818","9,427","23,861","9,964",0.51,0.29,0.09
0.8,800,510,0.39,"171,618","8,627","24,371","9,454",0.52,0.28,0.08
0.81,781,538,0.41,"172,399","7,846","24,909","8,916",0.53,0.26,0.08
0.82,729,501,0.41,"173,128","7,117","25,410","8,415",0.54,0.25,0.07
0.83,745,508,0.41,"173,873","6,372","25,918","7,907",0.55,0.23,0.07
0.84,714,439,0.38,"174,587","5,658","26,357","7,468",0.57,0.22,0.06
0.85,641,538,0.46,"175,228","5,017","26,895","6,930",0.58,0.20,0.06
0.86,586,476,0.45,"175,814","4,431","27,371","6,454",0.59,0.19,0.05
0.87,542,524,0.49,"176,356","3,889","27,895","5,930",0.60,0.18,0.05
0.88,523,476,0.48,"176,879","3,366","28,371","5,454",0.62,0.16,0.04
0.89,475,498,0.51,"177,354","2,891","28,869","4,956",0.63,0.15,0.04
0.9,422,467,0.53,"177,776","2,469","29,336","4,489",0.65,0.13,0.03
0.91,431,425,0.50,"178,207","2,038","29,761","4,064",0.67,0.12,0.03
0.92,330,434,0.57,"178,537","1,708","30,195","3,630",0.68,0.11,0.02
0.93,295,451,0.60,"178,832","1,413","30,646","3,179",0.69,0.09,0.02
0.94,280,468,0.63,"179,112","1,133","31,114","2,711",0.71,0.08,0.02
0.95,278,468,0.63,"179,390",855,"31,582","2,243",0.72,0.07,0.01
0.96,254,512,0.67,"179,644",601,"32,094","1,731",0.74,0.05,0.01
0.97,225,602,0.73,"179,869",376,"32,696","1,129",0.75,0.03,0.01
0.98,213,583,0.73,"180,082",163,"33,279",546,0.77,0.02,0.00
0.99,131,422,0.76,"180,213",32,"33,701",124,0.79,0.00,0.00
1.0,32,124,0.79,"180,245",0,"33,825",0,nan,0.00,0.00
