p,Neg,Pos,mPrec,TN,FP,FN,TP,Prec,Rec,$\hat{p}$
0.0,"3,036",97,0.03,"3,036","417,534",97,"78,829",0.16,1.00,0.99
0.01,"2,953",87,0.03,"5,989","414,581",184,"78,742",0.16,1.00,0.99
0.02,"1,906",80,0.04,"7,895","412,675",264,"78,662",0.16,1.00,0.98
0.03,"5,391",225,0.04,"13,286","407,284",489,"78,437",0.16,0.99,0.97
0.04,"6,426",315,0.05,"19,712","400,858",804,"78,122",0.16,0.99,0.96
0.05,"7,158",336,0.04,"26,870","393,700","1,140","77,786",0.16,0.99,0.94
0.06,"9,364",540,0.05,"36,234","384,336","1,680","77,246",0.17,0.98,0.92
0.07,"7,161",402,0.05,"43,395","377,175","2,082","76,844",0.17,0.97,0.91
0.08,"7,282",477,0.06,"50,677","369,893","2,559","76,367",0.17,0.97,0.89
0.09,"7,868",555,0.07,"58,545","362,025","3,114","75,812",0.17,0.96,0.88
0.1,"5,730",433,0.07,"64,275","356,295","3,547","75,379",0.17,0.96,0.86
0.11,"6,551",509,0.07,"70,826","349,744","4,056","74,870",0.18,0.95,0.85
0.12,"6,468",522,0.07,"77,294","343,276","4,578","74,348",0.18,0.94,0.84
0.13,"4,622",446,0.09,"81,916","338,654","5,024","73,902",0.18,0.94,0.83
0.14,"6,197",564,0.08,"88,113","332,457","5,588","73,338",0.18,0.93,0.81
0.15,"5,985",560,0.09,"94,098","326,472","6,148","72,778",0.18,0.92,0.80
0.16,"6,572",610,0.08,"100,670","319,900","6,758","72,168",0.18,0.91,0.78
0.17,"7,412",785,0.10,"108,082","312,488","7,543","71,383",0.19,0.90,0.77
0.18,"8,584",951,0.10,"116,666","303,904","8,494","70,432",0.19,0.89,0.75
0.19,"7,350",834,0.10,"124,016","296,554","9,328","69,598",0.19,0.88,0.73
0.2,"10,239","1,205",0.11,"134,255","286,315","10,533","68,393",0.19,0.87,0.71
0.21,"9,127","1,148",0.11,"143,382","277,188","11,681","67,245",0.20,0.85,0.69
0.22,"9,660","1,184",0.11,"153,042","267,528","12,865","66,061",0.20,0.84,0.67
0.23,"9,654","1,154",0.11,"162,696","257,874","14,019","64,907",0.20,0.82,0.65
0.24,"9,073","1,174",0.11,"171,769","248,801","15,193","63,733",0.20,0.81,0.63
0.25,"9,533","1,354",0.12,"181,302","239,268","16,547","62,379",0.21,0.79,0.60
0.26,"9,145","1,372",0.13,"190,447","230,123","17,919","61,007",0.21,0.77,0.58
0.27,"9,029","1,427",0.14,"199,476","221,094","19,346","59,580",0.21,0.75,0.56
0.28,"7,916","1,174",0.13,"207,392","213,178","20,520","58,406",0.22,0.74,0.54
0.29,"8,724","1,382",0.14,"216,116","204,454","21,902","57,024",0.22,0.72,0.52
0.3,"8,424","1,399",0.14,"224,540","196,030","23,301","55,625",0.22,0.70,0.50
0.31,"9,025","1,623",0.15,"233,565","187,005","24,924","54,002",0.22,0.68,0.48
0.32,"9,858","1,704",0.15,"243,423","177,147","26,628","52,298",0.23,0.66,0.46
0.33,"7,087","1,334",0.16,"250,510","170,060","27,962","50,964",0.23,0.65,0.44
0.34,"8,595","1,615",0.16,"259,105","161,465","29,577","49,349",0.23,0.63,0.42
0.35,"7,766","1,468",0.16,"266,871","153,699","31,045","47,881",0.24,0.61,0.40
0.36,"6,454","1,229",0.16,"273,325","147,245","32,274","46,652",0.24,0.59,0.39
0.37,"5,870","1,139",0.16,"279,195","141,375","33,413","45,513",0.24,0.58,0.37
0.38,"6,322","1,287",0.17,"285,517","135,053","34,700","44,226",0.25,0.56,0.36
0.39,"6,416","1,355",0.17,"291,933","128,637","36,055","42,871",0.25,0.54,0.34
0.4,"5,054","1,118",0.18,"296,987","123,583","37,173","41,753",0.25,0.53,0.33
0.41,"5,769","1,245",0.18,"302,756","117,814","38,418","40,508",0.26,0.51,0.32
0.42,"5,286","1,260",0.19,"308,042","112,528","39,678","39,248",0.26,0.50,0.30
0.43,"5,243","1,176",0.18,"313,285","107,285","40,854","38,072",0.26,0.48,0.29
0.44,"5,136","1,308",0.20,"318,421","102,149","42,162","36,764",0.26,0.47,0.28
0.45,"4,296","1,060",0.20,"322,717","97,853","43,222","35,704",0.27,0.45,0.27
0.46,"4,408","1,104",0.20,"327,125","93,445","44,326","34,600",0.27,0.44,0.26
0.47,"3,475",934,0.21,"330,600","89,970","45,260","33,666",0.27,0.43,0.25
0.48,"3,547",972,0.22,"334,147","86,423","46,232","32,694",0.27,0.41,0.24
0.49,"4,122","1,105",0.21,"338,269","82,301","47,337","31,589",0.28,0.40,0.23
0.5,"3,259",874,0.21,"341,528","79,042","48,211","30,715",0.28,0.39,0.22
0.51,"2,942",829,0.22,"344,470","76,100","49,040","29,886",0.28,0.38,0.21
0.52,"2,985",817,0.21,"347,455","73,115","49,857","29,069",0.28,0.37,0.20
0.53,"3,780","1,067",0.22,"351,235","69,335","50,924","28,002",0.29,0.35,0.19
0.54,"2,736",760,0.22,"353,971","66,599","51,684","27,242",0.29,0.35,0.19
0.55,"3,218",985,0.23,"357,189","63,381","52,669","26,257",0.29,0.33,0.18
0.56,"2,622",789,0.23,"359,811","60,759","53,458","25,468",0.30,0.32,0.17
0.57,"2,747",883,0.24,"362,558","58,012","54,341","24,585",0.30,0.31,0.17
0.58,"3,474","1,035",0.23,"366,032","54,538","55,376","23,550",0.30,0.30,0.16
0.59,"3,387","1,153",0.25,"369,419","51,151","56,529","22,397",0.30,0.28,0.15
0.6,"2,550",818,0.24,"371,969","48,601","57,347","21,579",0.31,0.27,0.14
0.61,"2,770","1,016",0.27,"374,739","45,831","58,363","20,563",0.31,0.26,0.13
0.62,"2,740","1,012",0.27,"377,479","43,091","59,375","19,551",0.31,0.25,0.13
0.63,"2,803",935,0.25,"380,282","40,288","60,310","18,616",0.32,0.24,0.12
0.64,"2,255",853,0.27,"382,537","38,033","61,163","17,763",0.32,0.23,0.11
0.65,"2,494",936,0.27,"385,031","35,539","62,099","16,827",0.32,0.21,0.10
0.66,"2,715",961,0.26,"387,746","32,824","63,060","15,866",0.33,0.20,0.10
0.67,"2,173",877,0.29,"389,919","30,651","63,937","14,989",0.33,0.19,0.09
0.68,"1,893",709,0.27,"391,812","28,758","64,646","14,280",0.33,0.18,0.09
0.69,"2,557",979,0.28,"394,369","26,201","65,625","13,301",0.34,0.17,0.08
0.7,"1,988",797,0.29,"396,357","24,213","66,422","12,504",0.34,0.16,0.07
0.71,"1,805",768,0.30,"398,162","22,408","67,190","11,736",0.34,0.15,0.07
0.72,"1,396",564,0.29,"399,558","21,012","67,754","11,172",0.35,0.14,0.06
0.73,"1,516",616,0.29,"401,074","19,496","68,370","10,556",0.35,0.13,0.06
0.74,"1,407",602,0.30,"402,481","18,089","68,972","9,954",0.35,0.13,0.06
0.75,"1,451",604,0.29,"403,932","16,638","69,576","9,350",0.36,0.12,0.05
0.76,"1,008",495,0.33,"404,940","15,630","70,071","8,855",0.36,0.11,0.05
0.77,"1,102",491,0.31,"406,042","14,528","70,562","8,364",0.37,0.11,0.05
0.78,"1,132",513,0.31,"407,174","13,396","71,075","7,851",0.37,0.10,0.04
0.79,"1,036",500,0.33,"408,210","12,360","71,575","7,351",0.37,0.09,0.04
0.8,919,463,0.34,"409,129","11,441","72,038","6,888",0.38,0.09,0.04
0.81,984,435,0.31,"410,113","10,457","72,473","6,453",0.38,0.08,0.03
0.82,828,412,0.33,"410,941","9,629","72,885","6,041",0.39,0.08,0.03
0.83,820,441,0.35,"411,761","8,809","73,326","5,600",0.39,0.07,0.03
0.84,560,282,0.33,"412,321","8,249","73,608","5,318",0.39,0.07,0.03
0.85,607,247,0.29,"412,928","7,642","73,855","5,071",0.40,0.06,0.03
0.86,516,286,0.36,"413,444","7,126","74,141","4,785",0.40,0.06,0.02
0.87,487,277,0.36,"413,931","6,639","74,418","4,508",0.40,0.06,0.02
0.88,836,452,0.35,"414,767","5,803","74,870","4,056",0.41,0.05,0.02
0.89,554,301,0.35,"415,321","5,249","75,171","3,755",0.42,0.05,0.02
0.9,422,257,0.38,"415,743","4,827","75,428","3,498",0.42,0.04,0.02
0.91,313,199,0.39,"416,056","4,514","75,627","3,299",0.42,0.04,0.02
0.92,287,183,0.39,"416,343","4,227","75,810","3,116",0.42,0.04,0.01
0.93,411,290,0.41,"416,754","3,816","76,100","2,826",0.43,0.04,0.01
0.94,261,169,0.39,"417,015","3,555","76,269","2,657",0.43,0.03,0.01
0.95,358,244,0.41,"417,373","3,197","76,513","2,413",0.43,0.03,0.01
0.96,328,211,0.39,"417,701","2,869","76,724","2,202",0.43,0.03,0.01
0.97,215,153,0.42,"417,916","2,654","76,877","2,049",0.44,0.03,0.01
0.98,254,151,0.37,"418,170","2,400","77,028","1,898",0.44,0.02,0.01
0.99,193,111,0.37,"418,363","2,207","77,139","1,787",0.45,0.02,0.01
1.0,"2,207","1,787",0.45,"420,570",0,"78,926",0,nan,0.00,0.00
