p,Neg,Pos,mPrec,TN,FP,FN,TP,Prec,Rec,$\hat{p}$
0.0,"4,537",200,0.04,"4,537","175,708",200,"33,625",0.16,0.99,0.98
0.1,"26,262","1,715",0.06,"30,799","149,446","1,915","31,910",0.18,0.94,0.85
0.2,"26,348","2,862",0.10,"57,147","123,098","4,777","29,048",0.19,0.86,0.71
0.3,"41,273","6,145",0.13,"98,420","81,825","10,922","22,903",0.22,0.68,0.49
0.4,"27,057","5,239",0.16,"125,477","54,768","16,161","17,664",0.24,0.52,0.34
0.5,"16,578","3,869",0.19,"142,055","38,190","20,030","13,795",0.27,0.41,0.24
0.6,"13,032","3,782",0.22,"155,087","25,158","23,812","10,013",0.28,0.30,0.16
0.7,"10,584","3,497",0.25,"165,671","14,574","27,309","6,516",0.31,0.19,0.10
0.8,"7,255","2,819",0.28,"172,926","7,319","30,128","3,697",0.34,0.11,0.05
0.9,"3,897","1,788",0.31,"176,823","3,422","31,916","1,909",0.36,0.06,0.02
1.0,"3,422","1,909",0.36,"180,245",0,"33,825",0,nan,0.00,0.00
