p,Neg,Pos,mPrec,TN,FP,FN,TP,Prec,Rec,FP/P,$\hat{p}$
0.0,1,0,0.00,1,"600,814",0,"112,751",0.16,1.00,5.328680011707213,1.00
0.01,1,0,0.00,2,"600,813",0,"112,751",0.16,1.00,5.328671142606274,1.00
0.02,2,0,0.00,4,"600,811",0,"112,751",0.16,1.00,5.328653404404395,1.00
0.03,4,0,0.00,8,"600,807",0,"112,751",0.16,1.00,5.3286179280006385,1.00
0.04,7,0,0.00,15,"600,800",0,"112,751",0.16,1.00,5.328555844294064,1.00
0.05,22,0,0.00,37,"600,778",0,"112,751",0.16,1.00,5.3283607240734,1.00
0.06,122,4,0.03,159,"600,656",4,"112,747",0.16,1.00,5.327278693758814,1.00
0.07,275,4,0.01,434,"600,381",8,"112,743",0.16,1.00,5.324839691000523,1.00
0.08,315,12,0.04,749,"600,066",20,"112,731",0.16,1.00,5.322045924204663,1.00
0.09,533,13,0.02,"1,282","599,533",33,"112,718",0.16,1.00,5.31731869340405,1.00
0.1,502,15,0.03,"1,784","599,031",48,"112,703",0.16,1.00,5.312866404732552,1.00
0.11,"1,031",40,0.04,"2,815","598,000",88,"112,663",0.16,1.00,5.303722361664198,1.00
0.12,"1,264",52,0.04,"4,079","596,736",140,"112,611",0.16,1.00,5.292511818077002,0.99
0.13,"1,236",53,0.04,"5,315","595,500",193,"112,558",0.16,1.00,5.281549609316103,0.99
0.14,"2,214",107,0.05,"7,529","593,286",300,"112,451",0.16,1.00,5.261913419836631,0.99
0.15,"2,490",117,0.04,"10,019","590,796",417,"112,334",0.16,1.00,5.239829358497929,0.99
0.16,"3,242",155,0.05,"13,261","587,554",572,"112,179",0.16,0.99,5.21107573325292,0.98
0.17,"4,023",190,0.05,"17,284","583,531",762,"111,989",0.16,0.99,5.175395340174367,0.97
0.18,"4,365",217,0.05,"21,649","579,166",979,"111,772",0.16,0.99,5.1366817145745935,0.97
0.19,"4,247",216,0.05,"25,896","574,919","1,195","111,556",0.16,0.99,5.099014642885651,0.96
0.2,"4,807",225,0.04,"30,703","570,112","1,420","111,331",0.16,0.99,5.056380874670735,0.95
0.21,"5,808",362,0.06,"36,511","564,304","1,782","110,969",0.16,0.98,5.004869136415642,0.95
0.22,"6,543",394,0.06,"43,054","557,761","2,176","110,575",0.17,0.98,4.946838608970209,0.94
0.23,"7,262",487,0.06,"50,316","550,499","2,663","110,088",0.17,0.98,4.8824311979494635,0.93
0.24,"7,308",460,0.06,"57,624","543,191","3,123","109,628",0.17,0.97,4.817615808285514,0.91
0.25,"7,125",481,0.06,"64,749","536,066","3,604","109,147",0.17,0.97,4.754423464093445,0.90
0.26,"6,961",489,0.07,"71,710","529,105","4,093","108,658",0.17,0.96,4.692685652455411,0.89
0.27,"6,731",476,0.07,"78,441","522,374","4,569","108,182",0.17,0.96,4.632987734033401,0.88
0.28,"7,177",503,0.07,"85,618","515,197","5,072","107,679",0.17,0.96,4.569334196592491,0.87
0.29,"6,026",473,0.07,"91,644","509,171","5,545","107,206",0.17,0.95,4.515888994332644,0.86
0.3,"6,533",513,0.07,"98,177","502,638","6,058","106,693",0.18,0.95,4.457947157896604,0.85
0.31,"6,781",603,0.08,"104,958","495,857","6,661","106,090",0.18,0.94,4.397805784427632,0.84
0.32,"7,099",594,0.08,"112,057","488,758","7,255","105,496",0.18,0.94,4.334844036859984,0.83
0.33,"7,207",707,0.09,"119,264","481,551","7,962","104,789",0.18,0.93,4.270924426390897,0.82
0.34,"7,701",711,0.08,"126,965","473,850","8,673","104,078",0.18,0.92,4.202623480057826,0.81
0.35,"7,667",762,0.09,"134,632","466,183","9,435","103,316",0.18,0.92,4.13462408315669,0.80
0.36,"8,332",842,0.09,"142,964","457,851","10,277","102,474",0.18,0.91,4.060726734130961,0.79
0.37,"9,150","1,005",0.10,"152,114","448,701","11,282","101,469",0.18,0.90,3.979574460536935,0.77
0.38,"9,898","1,137",0.10,"162,012","438,803","12,419","100,332",0.19,0.89,3.8917880994403595,0.76
0.39,"10,648","1,229",0.10,"172,660","428,155","13,648","99,103",0.19,0.88,3.7973499126393557,0.74
0.4,"12,358","1,539",0.11,"185,018","415,797","15,187","97,564",0.19,0.87,3.687745563232255,0.72
0.41,"12,659","1,572",0.11,"197,677","403,138","16,759","95,992",0.19,0.85,3.575471614442444,0.70
0.42,"13,187","1,766",0.12,"210,864","389,951","18,525","94,226",0.19,0.84,3.4585147803567153,0.68
0.43,"13,391","1,808",0.12,"224,255","376,560","20,333","92,418",0.20,0.82,3.339748649679382,0.66
0.44,"14,872","2,076",0.12,"239,127","361,688","22,409","90,342",0.20,0.80,3.2078473805110375,0.63
0.45,"14,682","2,080",0.12,"253,809","347,006","24,489","88,262",0.20,0.78,3.0776312405211486,0.61
0.46,"15,211","2,211",0.13,"269,020","331,795","26,700","86,051",0.21,0.76,2.9427233461344025,0.59
0.47,"14,744","2,283",0.13,"283,764","317,051","28,983","83,768",0.21,0.74,2.8119573218862803,0.56
0.48,"15,542","2,403",0.13,"299,306","301,509","31,386","81,365",0.21,0.72,2.6741137550886465,0.54
0.49,"14,925","2,387",0.14,"314,231","286,584","33,773","78,978",0.22,0.70,2.541742423570523,0.51
0.5,"14,463","2,442",0.14,"328,694","272,121","36,215","76,536",0.22,0.68,2.4134686166863264,0.49
0.51,"14,795","2,524",0.15,"343,489","257,326","38,739","74,012",0.22,0.66,2.282250268290303,0.46
0.52,"13,896","2,485",0.15,"357,385","243,430","41,224","71,527",0.23,0.63,2.159005241638655,0.44
0.53,"12,801","2,487",0.16,"370,186","230,629","43,711","69,040",0.23,0.61,2.045471880515472,0.42
0.54,"12,480","2,356",0.16,"382,666","218,149","46,067","66,684",0.23,0.59,1.9347855007937846,0.40
0.55,"12,133","2,452",0.17,"394,799","206,016","48,519","64,232",0.24,0.57,1.8271766990980125,0.38
0.56,"11,277","2,375",0.17,"406,076","194,739","50,894","61,857",0.24,0.55,1.7271598478062278,0.36
0.57,"12,248","2,593",0.17,"418,324","182,491","53,487","59,264",0.25,0.53,1.6185310995024433,0.34
0.58,"11,814","2,604",0.18,"430,138","170,677","56,091","56,660",0.25,0.50,1.5137515410062883,0.32
0.59,"11,028","2,641",0.19,"441,166","159,649","58,732","54,019",0.25,0.48,1.4159430958483739,0.30
0.6,"10,601","2,513",0.19,"451,767","149,048","61,245","51,506",0.26,0.46,1.321921756791514,0.28
0.61,"11,375","2,754",0.19,"463,142","137,673","63,999","48,752",0.26,0.43,1.2210357336076842,0.26
0.62,"10,535","2,661",0.20,"473,677","127,138","66,660","46,091",0.27,0.41,1.127599755212814,0.24
0.63,"9,354","2,470",0.21,"483,031","117,784","69,130","43,621",0.27,0.39,1.0446381850271838,0.23
0.64,"9,341","2,652",0.22,"492,372","108,443","71,782","40,969",0.27,0.36,0.9617919131537636,0.21
0.65,"9,188","2,684",0.23,"501,560","99,255","74,466","38,285",0.28,0.34,0.8803026137240468,0.19
0.66,"8,845","2,602",0.23,"510,405","90,410","77,068","35,683",0.28,0.32,0.8018554159164886,0.18
0.67,"8,896","2,712",0.23,"519,301","81,514","79,780","32,971",0.29,0.29,0.7229558939610292,0.16
0.68,"7,627","2,570",0.25,"526,928","73,887","82,350","30,401",0.29,0.27,0.6553112610974625,0.15
0.69,"8,218","2,749",0.25,"535,146","65,669","85,099","27,652",0.30,0.25,0.5824249895788064,0.13
0.7,"7,553","2,575",0.25,"542,699","58,116","87,674","25,077",0.30,0.22,0.5154366701847434,0.12
0.71,"7,239","2,552",0.26,"549,938","50,877","90,226","22,525",0.31,0.20,0.45123324848560104,0.10
0.72,"6,646","2,447",0.27,"556,584","44,231","92,673","20,078",0.31,0.18,0.3922892036434267,0.09
0.73,"6,192","2,471",0.29,"562,776","38,039","95,144","17,607",0.32,0.16,0.3373717306276663,0.08
0.74,"5,907","2,368",0.29,"568,683","32,132","97,512","15,239",0.32,0.14,0.28498195137958865,0.07
0.75,"5,173","1,958",0.27,"573,856","26,959","99,470","13,281",0.33,0.12,0.23910209222091156,0.06
0.76,"4,445","1,804",0.29,"578,301","22,514","101,274","11,477",0.34,0.10,0.19967893854599958,0.05
0.77,"4,024","1,757",0.30,"582,325","18,490","103,031","9,720",0.34,0.09,0.16398967636650671,0.04
0.78,"3,677","1,587",0.30,"586,002","14,813","104,618","8,133",0.35,0.07,0.13137799221292937,0.03
0.79,"3,065","1,473",0.32,"589,067","11,748","106,091","6,660",0.36,0.06,0.10419419783416554,0.03
0.8,"2,209","1,117",0.34,"591,276","9,539","107,208","5,543",0.37,0.05,0.08460235385938927,0.02
0.81,"2,281","1,173",0.34,"593,557","7,258","108,381","4,370",0.38,0.04,0.06437193461698787,0.02
0.82,"1,625",890,0.35,"595,182","5,633","109,271","3,480",0.38,0.03,0.049959645590726465,0.01
0.83,"1,427",828,0.37,"596,609","4,206","110,099","2,652",0.39,0.02,0.037303438550434144,0.01
0.84,"1,128",642,0.36,"597,737","3,078","110,741","2,010",0.40,0.02,0.027299092690973917,0.01
0.85,"1,014",582,0.36,"598,751","2,064","111,323","1,428",0.41,0.01,0.018305824338586796,0.00
0.86,615,389,0.39,"599,366","1,449","111,712","1,039",0.42,0.01,0.012851327260955557,0.00
0.87,457,327,0.42,"599,823",992,"112,039",712,0.42,0.01,0.008798148131723887,0.00
0.88,326,243,0.43,"600,149",666,"112,282",469,0.41,0.00,0.0059068212255323676,0.00
0.89,268,195,0.42,"600,417",398,"112,477",274,0.41,0.00,0.00352990217381664,0.00
0.9,202,131,0.39,"600,619",196,"112,608",143,0.42,0.00,0.0017383437840906067,0.00
0.91,80,52,0.39,"600,699",116,"112,660",91,0.44,0.00,0.0010288157089515836,0.00
0.92,62,44,0.42,"600,761",54,"112,704",47,0.47,0.00,0.00047893145071884065,0.00
0.93,18,21,0.54,"600,779",36,"112,725",26,0.42,0.00,0.0003192876338125604,0.00
0.94,16,13,0.45,"600,795",20,"112,738",13,0.39,0.00,0.00017738201878475578,0.00
0.95,13,8,0.38,"600,808",7,"112,746",5,0.42,0.00,6.208370657466452e-05,0.00
0.96,0,2,1.00,"600,808",7,"112,748",3,0.30,0.00,6.208370657466452e-05,0.00
0.97,1,0,0.00,"600,809",6,"112,748",3,0.33,0.00,5.321460563542674e-05,0.00
0.98,1,0,0.00,"600,810",5,"112,748",3,0.38,0.00,4.4345504696188944e-05,0.00
0.99,3,1,0.25,"600,813",2,"112,749",2,0.50,0.00,1.7738201878475578e-05,0.00
1.0,2,2,0.50,"600,815",0,"112,751",0,nan,0.00,0.0,0.00
