p,Neg,Pos,Neg/Pos,TN,FP,FN,TP,FP/TP,Prec.,Rec.,$\hat{p}$
0.0,0,0,nan,0,"420,570",0,"78,926",5.33,0.16,1.00,1.00
0.01,0,0,nan,0,"420,570",0,"78,926",5.33,0.16,1.00,1.00
0.02,0,0,nan,0,"420,570",0,"78,926",5.33,0.16,1.00,1.00
0.03,0,0,nan,0,"420,570",0,"78,926",5.33,0.16,1.00,1.00
0.04,0,0,nan,0,"420,570",0,"78,926",5.33,0.16,1.00,1.00
0.05,0,0,nan,0,"420,570",0,"78,926",5.33,0.16,1.00,1.00
0.06,0,0,nan,0,"420,570",0,"78,926",5.33,0.16,1.00,1.00
0.07,0,0,nan,0,"420,570",0,"78,926",5.33,0.16,1.00,1.00
0.08,0,0,nan,0,"420,570",0,"78,926",5.33,0.16,1.00,1.00
0.09,0,0,nan,0,"420,570",0,"78,926",5.33,0.16,1.00,1.00
0.1,0,0,nan,0,"420,570",0,"78,926",5.33,0.16,1.00,1.00
0.11,0,0,nan,0,"420,570",0,"78,926",5.33,0.16,1.00,1.00
0.12,0,0,nan,0,"420,570",0,"78,926",5.33,0.16,1.00,1.00
0.13,0,0,nan,0,"420,570",0,"78,926",5.33,0.16,1.00,1.00
0.14,0,0,nan,0,"420,570",0,"78,926",5.33,0.16,1.00,1.00
0.15,0,0,nan,0,"420,570",0,"78,926",5.33,0.16,1.00,1.00
0.16,0,0,nan,0,"420,570",0,"78,926",5.33,0.16,1.00,1.00
0.17,0,0,nan,0,"420,570",0,"78,926",5.33,0.16,1.00,1.00
0.18,0,0,nan,0,"420,570",0,"78,926",5.33,0.16,1.00,1.00
0.19,0,0,nan,0,"420,570",0,"78,926",5.33,0.16,1.00,1.00
0.2,0,0,nan,0,"420,570",0,"78,926",5.33,0.16,1.00,1.00
0.21,0,0,nan,0,"420,570",0,"78,926",5.33,0.16,1.00,1.00
0.22,0,0,nan,0,"420,570",0,"78,926",5.33,0.16,1.00,1.00
0.23,0,0,nan,0,"420,570",0,"78,926",5.33,0.16,1.00,1.00
0.24,0,0,nan,0,"420,570",0,"78,926",5.33,0.16,1.00,1.00
0.25,0,0,nan,0,"420,570",0,"78,926",5.33,0.16,1.00,1.00
0.26,0,0,nan,0,"420,570",0,"78,926",5.33,0.16,1.00,1.00
0.27,0,0,nan,0,"420,570",0,"78,926",5.33,0.16,1.00,1.00
0.28,0,0,nan,0,"420,570",0,"78,926",5.33,0.16,1.00,1.00
0.29,0,0,nan,0,"420,570",0,"78,926",5.33,0.16,1.00,1.00
0.3,0,0,nan,0,"420,570",0,"78,926",5.33,0.16,1.00,1.00
0.31,1,0,inf,1,"420,569",0,"78,926",5.33,0.16,1.00,1.00
0.32,6,0,inf,7,"420,563",0,"78,926",5.33,0.16,1.00,1.00
0.33,14,0,inf,21,"420,549",0,"78,926",5.33,0.16,1.00,1.00
0.34,14,0,inf,35,"420,535",0,"78,926",5.33,0.16,1.00,1.00
0.35,14,0,inf,49,"420,521",0,"78,926",5.33,0.16,1.00,1.00
0.36,74,0,inf,123,"420,447",0,"78,926",5.33,0.16,1.00,1.00
0.37,116,2,58.00,239,"420,331",2,"78,924",5.33,0.16,1.00,1.00
0.38,129,1,129.00,368,"420,202",3,"78,923",5.32,0.16,1.00,1.00
0.39,726,11,66.00,"1,094","419,476",14,"78,912",5.32,0.16,1.00,1.00
0.4,"1,459",32,45.59,"2,553","418,017",46,"78,880",5.30,0.16,1.00,0.99
0.41,"2,541",62,40.98,"5,094","415,476",108,"78,818",5.27,0.16,1.00,0.99
0.42,"7,297",255,28.62,"12,391","408,179",363,"78,563",5.20,0.16,1.00,0.97
0.43,"13,106",632,20.74,"25,497","395,073",995,"77,931",5.07,0.16,0.99,0.95
0.44,"23,290","1,439",16.18,"48,787","371,783","2,434","76,492",4.86,0.17,0.97,0.90
0.45,"21,889","1,562",14.01,"70,676","349,894","3,996","74,930",4.67,0.18,0.95,0.85
0.46,"25,848","2,298",11.25,"96,524","324,046","6,294","72,632",4.46,0.18,0.92,0.79
0.47,"37,238","4,139",9.00,"133,762","286,808","10,433","68,493",4.19,0.19,0.87,0.71
0.48,"59,052","7,969",7.41,"192,814","227,756","18,402","60,524",3.76,0.21,0.77,0.58
0.49,"64,433","10,682",6.03,"257,247","163,323","29,084","49,842",3.28,0.23,0.63,0.43
0.5,"53,523","11,347",4.72,"310,770","109,800","40,431","38,495",2.85,0.26,0.49,0.30
0.51,"37,906","9,877",3.84,"348,676","71,894","50,308","28,618",2.51,0.28,0.36,0.20
0.52,"32,033","10,412",3.08,"380,709","39,861","60,720","18,206",2.19,0.31,0.23,0.12
0.53,"23,075","8,908",2.59,"403,784","16,786","69,628","9,298",1.81,0.36,0.12,0.05
0.54,"10,265","4,998",2.05,"414,049","6,521","74,626","4,300",1.52,0.40,0.05,0.02
0.55,"4,335","2,643",1.64,"418,384","2,186","77,269","1,657",1.32,0.43,0.02,0.01
0.56,"1,586","1,152",1.38,"419,970",600,"78,421",505,1.19,0.46,0.01,0.00
0.57,477,368,1.30,"420,447",123,"78,789",137,0.90,0.53,0.00,0.00
0.58,88,93,0.95,"420,535",35,"78,882",44,0.80,0.56,0.00,0.00
0.59,25,28,0.89,"420,560",10,"78,910",16,0.62,0.62,0.00,0.00
0.6,7,16,0.44,"420,567",3,"78,926",0,inf,0.00,0.00,0.00
0.61,3,0,inf,"420,570",0,"78,926",0,nan,nan,0.00,0.00
0.62,0,0,nan,"420,570",0,"78,926",0,nan,nan,0.00,0.00
0.63,0,0,nan,"420,570",0,"78,926",0,nan,nan,0.00,0.00
0.64,0,0,nan,"420,570",0,"78,926",0,nan,nan,0.00,0.00
0.65,0,0,nan,"420,570",0,"78,926",0,nan,nan,0.00,0.00
0.66,0,0,nan,"420,570",0,"78,926",0,nan,nan,0.00,0.00
0.67,0,0,nan,"420,570",0,"78,926",0,nan,nan,0.00,0.00
0.68,0,0,nan,"420,570",0,"78,926",0,nan,nan,0.00,0.00
0.69,0,0,nan,"420,570",0,"78,926",0,nan,nan,0.00,0.00
0.7,0,0,nan,"420,570",0,"78,926",0,nan,nan,0.00,0.00
0.71,0,0,nan,"420,570",0,"78,926",0,nan,nan,0.00,0.00
0.72,0,0,nan,"420,570",0,"78,926",0,nan,nan,0.00,0.00
0.73,0,0,nan,"420,570",0,"78,926",0,nan,nan,0.00,0.00
0.74,0,0,nan,"420,570",0,"78,926",0,nan,nan,0.00,0.00
0.75,0,0,nan,"420,570",0,"78,926",0,nan,nan,0.00,0.00
0.76,0,0,nan,"420,570",0,"78,926",0,nan,nan,0.00,0.00
0.77,0,0,nan,"420,570",0,"78,926",0,nan,nan,0.00,0.00
0.78,0,0,nan,"420,570",0,"78,926",0,nan,nan,0.00,0.00
0.79,0,0,nan,"420,570",0,"78,926",0,nan,nan,0.00,0.00
0.8,0,0,nan,"420,570",0,"78,926",0,nan,nan,0.00,0.00
0.81,0,0,nan,"420,570",0,"78,926",0,nan,nan,0.00,0.00
0.82,0,0,nan,"420,570",0,"78,926",0,nan,nan,0.00,0.00
0.83,0,0,nan,"420,570",0,"78,926",0,nan,nan,0.00,0.00
0.84,0,0,nan,"420,570",0,"78,926",0,nan,nan,0.00,0.00
0.85,0,0,nan,"420,570",0,"78,926",0,nan,nan,0.00,0.00
0.86,0,0,nan,"420,570",0,"78,926",0,nan,nan,0.00,0.00
0.87,0,0,nan,"420,570",0,"78,926",0,nan,nan,0.00,0.00
0.88,0,0,nan,"420,570",0,"78,926",0,nan,nan,0.00,0.00
0.89,0,0,nan,"420,570",0,"78,926",0,nan,nan,0.00,0.00
0.9,0,0,nan,"420,570",0,"78,926",0,nan,nan,0.00,0.00
0.91,0,0,nan,"420,570",0,"78,926",0,nan,nan,0.00,0.00
0.92,0,0,nan,"420,570",0,"78,926",0,nan,nan,0.00,0.00
0.93,0,0,nan,"420,570",0,"78,926",0,nan,nan,0.00,0.00
0.94,0,0,nan,"420,570",0,"78,926",0,nan,nan,0.00,0.00
0.95,0,0,nan,"420,570",0,"78,926",0,nan,nan,0.00,0.00
0.96,0,0,nan,"420,570",0,"78,926",0,nan,nan,0.00,0.00
0.97,0,0,nan,"420,570",0,"78,926",0,nan,nan,0.00,0.00
0.98,0,0,nan,"420,570",0,"78,926",0,nan,nan,0.00,0.00
0.99,0,0,nan,"420,570",0,"78,926",0,nan,nan,0.00,0.00
1.0,0,0,nan,"420,570",0,"78,926",0,nan,nan,0.00,0.00
