p,Neg,Pos,mPrec,TN,FP,FN,TP,Prec,Rec,FP/P,$\hat{p}$
0.0,1,0,0.00,1,"600,814",0,"112,751",0.16,1.00,5.328680011707213,1.00
0.01,763,12,0.02,764,"600,051",12,"112,739",0.16,1.00,5.321912887690575,1.00
0.02,"5,175",113,0.02,"5,939","594,876",125,"112,626",0.16,1.00,5.276015290330019,0.99
0.03,"12,437",345,0.03,"18,376","582,439",470,"112,281",0.16,1.00,5.165710281948719,0.97
0.04,"19,050",699,0.04,"37,426","563,389","1,169","111,582",0.17,0.99,4.996753909056239,0.95
0.05,"23,719","1,115",0.04,"61,145","539,670","2,284","110,467",0.17,0.98,4.786387703878458,0.91
0.06,"27,003","1,644",0.06,"88,148","512,667","3,928","108,823",0.18,0.97,4.54689537121622,0.87
0.07,"29,104","1,881",0.06,"117,252","483,563","5,809","106,942",0.18,0.95,4.288769057480643,0.83
0.08,"30,881","2,395",0.07,"148,133","452,682","8,204","104,547",0.19,0.93,4.014882351376041,0.78
0.09,"31,650","2,755",0.08,"179,783","421,032","10,959","101,792",0.19,0.90,3.734175306649165,0.73
0.1,"31,123","3,092",0.09,"210,906","389,909","14,051","98,700",0.20,0.88,3.458142278117267,0.68
0.11,"30,196","3,239",0.10,"241,102","359,713","17,290","95,461",0.21,0.85,3.190330906156043,0.64
0.12,"29,070","3,500",0.11,"270,172","330,643","20,790","91,961",0.22,0.82,2.9325061418524005,0.59
0.13,"27,480","3,555",0.11,"297,652","303,163","24,345","88,406",0.23,0.78,2.688783248042146,0.55
0.14,"25,517","3,552",0.12,"323,169","277,646","27,897","84,854",0.23,0.75,2.4624703993756154,0.51
0.15,"23,536","3,517",0.13,"346,705","254,110","31,414","81,337",0.24,0.72,2.2537272396697148,0.47
0.16,"21,976","3,530",0.14,"368,681","232,134","34,944","77,807",0.25,0.69,2.058819877429025,0.43
0.17,"20,109","3,504",0.15,"388,790","212,025","38,448","74,303",0.26,0.66,1.8804711266418923,0.40
0.18,"18,437","3,444",0.16,"407,227","193,588","41,892","70,859",0.27,0.63,1.716951512625165,0.37
0.19,"16,719","3,333",0.17,"423,946","176,869","45,225","67,526",0.28,0.60,1.5686690140220485,0.34
0.2,"15,440","3,222",0.17,"439,386","161,429","48,447","64,304",0.28,0.57,1.431730095520217,0.32
0.21,"13,953","3,119",0.18,"453,339","147,476","51,566","61,185",0.29,0.54,1.3079795301150323,0.29
0.22,"12,675","2,980",0.19,"466,014","134,801","54,546","58,205",0.30,0.52,1.1955636757101933,0.27
0.23,"11,511","2,840",0.20,"477,525","123,290","57,386","55,365",0.31,0.49,1.093471454798627,0.25
0.24,"10,376","2,761",0.21,"487,901","112,914","60,147","52,604",0.32,0.47,1.0014456634530957,0.23
0.25,"9,542","2,577",0.21,"497,443","103,372","62,724","50,027",0.33,0.44,0.9168167022908887,0.21
0.26,"8,731","2,534",0.22,"506,174","94,641","65,258","47,493",0.33,0.42,0.8393805819904037,0.20
0.27,"7,909","2,303",0.23,"514,083","86,732","67,561","45,190",0.34,0.40,0.7692348626619719,0.18
0.28,"7,253","2,297",0.24,"521,336","79,479","69,858","42,893",0.35,0.38,0.7049072735496803,0.17
0.29,"6,535","2,190",0.25,"527,871","72,944","72,048","40,703",0.36,0.36,0.6469476989117613,0.16
0.3,"5,982","2,066",0.26,"533,853","66,962","74,114","38,637",0.37,0.34,0.5938927370932409,0.15
0.31,"5,432","1,940",0.26,"539,285","61,530","76,054","36,697",0.37,0.33,0.5457157807913012,0.14
0.32,"5,017","1,817",0.27,"544,302","56,513","77,871","34,880",0.38,0.31,0.5012195013791452,0.13
0.33,"4,584","1,684",0.27,"548,886","51,929","79,555","33,196",0.39,0.29,0.46056354267367916,0.12
0.34,"4,160","1,625",0.28,"553,046","47,769","81,180","31,571",0.40,0.28,0.42366808276644996,0.11
0.35,"3,789","1,530",0.29,"556,835","43,980","82,710","30,041",0.41,0.27,0.390063059307678,0.10
0.36,"3,392","1,477",0.30,"560,227","40,588","84,187","28,564",0.41,0.25,0.3599790689217834,0.10
0.37,"3,127","1,413",0.31,"563,354","37,461","85,600","27,151",0.42,0.24,0.33224539028478683,0.09
0.38,"2,828","1,322",0.32,"566,182","34,633","86,922","25,829",0.43,0.23,0.3071635728286224,0.08
0.39,"2,630","1,241",0.32,"568,812","32,003","88,163","24,588",0.43,0.22,0.283837837358427,0.08
0.4,"2,405","1,217",0.34,"571,217","29,598","89,380","23,371",0.44,0.21,0.2625076495995601,0.07
0.41,"2,193","1,134",0.34,"573,410","27,405","90,514","22,237",0.45,0.20,0.24305771123981162,0.07
0.42,"1,974","1,117",0.36,"575,384","25,431","91,631","21,120",0.45,0.19,0.22555010598575623,0.07
0.43,"1,890","1,078",0.36,"577,274","23,541","92,709","20,042",0.46,0.18,0.2087875052105968,0.06
0.44,"1,825","1,035",0.36,"579,099","21,716","93,744","19,007",0.47,0.17,0.19260139599648785,0.06
0.45,"1,627","1,014",0.38,"580,726","20,089","94,758","17,993",0.47,0.16,0.17817136876834797,0.05
0.46,"1,485",934,0.39,"582,211","18,604","95,692","17,059",0.48,0.15,0.16500075387357985,0.05
0.47,"1,389",975,0.41,"583,600","17,215","96,667","16,084",0.48,0.14,0.15268157266897855,0.05
0.48,"1,373",888,0.39,"584,973","15,842","97,555","15,196",0.49,0.13,0.14050429707940507,0.04
0.49,"1,229",864,0.41,"586,202","14,613","98,419","14,332",0.50,0.13,0.12960417202508182,0.04
0.5,"1,159",833,0.42,"587,361","13,454","99,252","13,499",0.50,0.12,0.11932488403650522,0.04
0.51,"1,061",811,0.43,"588,422","12,393","100,063","12,688",0.51,0.11,0.10991476793997393,0.04
0.52,"1,038",799,0.43,"589,460","11,355","100,862","11,889",0.51,0.11,0.1007086411650451,0.03
0.53,994,722,0.42,"590,454","10,361","101,584","11,167",0.52,0.10,0.09189275483144274,0.03
0.54,916,701,0.43,"591,370","9,445","102,285","10,466",0.53,0.09,0.08376865837110092,0.03
0.55,868,715,0.45,"592,238","8,577","103,000","9,751",0.53,0.09,0.07607027875584252,0.03
0.56,737,688,0.48,"592,975","7,840","103,688","9,063",0.54,0.08,0.06953375136362427,0.02
0.57,705,644,0.48,"593,680","7,135","104,332","8,419",0.54,0.07,0.06328103520146162,0.02
0.58,650,569,0.47,"594,330","6,485","104,901","7,850",0.55,0.07,0.057516119590957065,0.02
0.59,585,550,0.48,"594,915","5,900","105,451","7,300",0.55,0.06,0.05232769554150296,0.02
0.6,571,515,0.47,"595,486","5,329","105,966","6,785",0.56,0.06,0.04726343890519818,0.02
0.61,518,536,0.51,"596,004","4,811","106,502","6,249",0.57,0.06,0.042669244618673004,0.02
0.62,502,498,0.50,"596,506","4,309","107,000","5,751",0.57,0.05,0.03821695594717563,0.01
0.63,441,517,0.54,"596,947","3,868","107,517","5,234",0.58,0.05,0.03430568243297177,0.01
0.64,438,480,0.52,"597,385","3,430","107,997","4,754",0.58,0.04,0.030421016221585617,0.01
0.65,344,424,0.55,"597,729","3,086","108,421","4,330",0.58,0.04,0.02737004549848782,0.01
0.66,340,371,0.52,"598,069","2,746","108,792","3,959",0.59,0.04,0.02435455117914697,0.01
0.67,304,379,0.55,"598,373","2,442","109,171","3,580",0.59,0.03,0.02165834449361868,0.01
0.68,275,380,0.58,"598,648","2,167","109,551","3,200",0.60,0.03,0.01921934173532829,0.01
0.69,261,326,0.56,"598,909","1,906","109,877","2,874",0.60,0.03,0.016904506390187226,0.01
0.7,264,328,0.55,"599,173","1,642","110,205","2,546",0.61,0.02,0.01456306374222845,0.01
0.71,190,269,0.59,"599,363","1,452","110,474","2,277",0.61,0.02,0.01287793456377327,0.01
0.72,209,284,0.58,"599,572","1,243","110,758","1,993",0.62,0.02,0.011024292467472573,0.00
0.73,171,252,0.60,"599,743","1,072","111,010","1,741",0.62,0.02,0.00950767620686291,0.00
0.74,151,209,0.58,"599,894",921,"111,219","1,532",0.62,0.01,0.008168441965038005,0.00
0.75,142,177,0.55,"600,036",779,"111,396","1,355",0.63,0.01,0.006909029631666238,0.00
0.76,113,183,0.62,"600,149",666,"111,579","1,172",0.64,0.01,0.0059068212255323676,0.00
0.77,108,172,0.61,"600,257",558,"111,751","1,000",0.64,0.01,0.004948958324094687,0.00
0.78,80,146,0.65,"600,337",478,"111,897",854,0.64,0.01,0.004239430248955663,0.00
0.79,76,135,0.64,"600,413",402,"112,032",719,0.64,0.01,0.0035653785775735915,0.00
0.8,72,124,0.63,"600,485",330,"112,156",595,0.64,0.01,0.0029268033099484705,0.00
0.81,62,95,0.61,"600,547",268,"112,251",500,0.65,0.00,0.0023769190517157275,0.00
0.82,52,74,0.59,"600,599",216,"112,325",426,0.66,0.00,0.0019157258028753626,0.00
0.83,51,83,0.62,"600,650",165,"112,408",343,0.68,0.00,0.0014634016549742352,0.00
0.84,30,60,0.67,"600,680",135,"112,468",283,0.68,0.00,0.0011973286267971015,0.00
0.85,41,50,0.55,"600,721",94,"112,518",233,0.71,0.00,0.0008336954882883522,0.00
0.86,19,44,0.70,"600,740",75,"112,562",189,0.72,0.00,0.0006651825704428342,0.00
0.87,19,42,0.69,"600,759",56,"112,604",147,0.72,0.00,0.0004966696525973162,0.00
0.88,18,33,0.65,"600,777",38,"112,637",114,0.75,0.00,0.000337025835691036,0.00
0.89,12,29,0.71,"600,789",26,"112,666",85,0.77,0.00,0.00023059662442018254,0.00
0.9,3,21,0.88,"600,792",23,"112,687",64,0.74,0.00,0.00020398932160246914,0.00
0.91,6,16,0.73,"600,798",17,"112,703",48,0.74,0.00,0.0001507747159670424,0.00
0.92,3,20,0.87,"600,801",14,"112,723",28,0.67,0.00,0.00012416741314932904,0.00
0.93,5,9,0.64,"600,806",9,"112,732",19,0.68,0.00,7.98219084531401e-05,0.00
0.94,1,5,0.83,"600,807",8,"112,737",14,0.64,0.00,7.095280751390231e-05,0.00
0.95,3,8,0.73,"600,810",5,"112,745",6,0.55,0.00,4.4345504696188944e-05,0.00
0.96,1,1,0.50,"600,811",4,"112,746",5,0.56,0.00,3.5476403756951156e-05,0.00
0.97,2,1,0.33,"600,813",2,"112,747",4,0.67,0.00,1.7738201878475578e-05,0.00
0.98,1,2,0.67,"600,814",1,"112,749",2,0.67,0.00,8.869100939237789e-06,0.00
0.99,1,0,0.00,"600,815",0,"112,749",2,1.00,0.00,0.0,0.00
1.0,0,2,1.00,"600,815",0,"112,751",0,nan,0.00,0.0,0.00
