p,Neg,Pos,mPrec,TN,FP,FN,TP,Prec,Rec,$\hat{p}$
0.0,"1,803",11,0.01,"1,803","178,442",11,"33,814",0.16,1.00,0.99
0.01,"8,804",105,0.01,"10,607","169,638",116,"33,709",0.17,1.00,0.95
0.02,"10,905",234,0.02,"21,512","158,733",350,"33,475",0.17,0.99,0.90
0.03,"10,880",332,0.03,"32,392","147,853",682,"33,143",0.18,0.98,0.85
0.04,"10,183",474,0.04,"42,575","137,670","1,156","32,669",0.19,0.97,0.80
0.05,"9,386",485,0.05,"51,961","128,284","1,641","32,184",0.20,0.95,0.75
0.06,"8,907",560,0.06,"60,868","119,377","2,201","31,624",0.21,0.93,0.71
0.07,"8,313",600,0.07,"69,181","111,064","2,801","31,024",0.22,0.92,0.66
0.08,"7,497",657,0.08,"76,678","103,567","3,458","30,367",0.23,0.90,0.63
0.09,"7,086",641,0.08,"83,764","96,481","4,099","29,726",0.24,0.88,0.59
0.1,"6,434",694,0.10,"90,198","90,047","4,793","29,032",0.24,0.86,0.56
0.11,"6,066",686,0.10,"96,264","83,981","5,479","28,346",0.25,0.84,0.52
0.12,"5,447",674,0.11,"101,711","78,534","6,153","27,672",0.26,0.82,0.50
0.13,"5,132",643,0.11,"106,843","73,402","6,796","27,029",0.27,0.80,0.47
0.14,"4,825",642,0.12,"111,668","68,577","7,438","26,387",0.28,0.78,0.44
0.15,"4,266",659,0.13,"115,934","64,311","8,097","25,728",0.29,0.76,0.42
0.16,"4,094",679,0.14,"120,028","60,217","8,776","25,049",0.29,0.74,0.40
0.17,"3,759",646,0.15,"123,787","56,458","9,422","24,403",0.30,0.72,0.38
0.18,"3,521",645,0.15,"127,308","52,937","10,067","23,758",0.31,0.70,0.36
0.19,"3,207",713,0.18,"130,515","49,730","10,780","23,045",0.32,0.68,0.34
0.2,"3,123",590,0.16,"133,638","46,607","11,370","22,455",0.33,0.66,0.32
0.21,"2,823",603,0.18,"136,461","43,784","11,973","21,852",0.33,0.65,0.31
0.22,"2,629",609,0.19,"139,090","41,155","12,582","21,243",0.34,0.63,0.29
0.23,"2,541",554,0.18,"141,631","38,614","13,136","20,689",0.35,0.61,0.28
0.24,"2,400",603,0.20,"144,031","36,214","13,739","20,086",0.36,0.59,0.26
0.25,"2,227",582,0.21,"146,258","33,987","14,321","19,504",0.36,0.58,0.25
0.26,"2,128",550,0.21,"148,386","31,859","14,871","18,954",0.37,0.56,0.24
0.27,"1,958",521,0.21,"150,344","29,901","15,392","18,433",0.38,0.54,0.23
0.28,"1,834",539,0.23,"152,178","28,067","15,931","17,894",0.39,0.53,0.21
0.29,"1,647",557,0.25,"153,825","26,420","16,488","17,337",0.40,0.51,0.20
0.3,"1,540",521,0.25,"155,365","24,880","17,009","16,816",0.40,0.50,0.19
0.31,"1,495",469,0.24,"156,860","23,385","17,478","16,347",0.41,0.48,0.19
0.32,"1,442",492,0.25,"158,302","21,943","17,970","15,855",0.42,0.47,0.18
0.33,"1,266",516,0.29,"159,568","20,677","18,486","15,339",0.43,0.45,0.17
0.34,"1,209",479,0.28,"160,777","19,468","18,965","14,860",0.43,0.44,0.16
0.35,"1,132",454,0.29,"161,909","18,336","19,419","14,406",0.44,0.43,0.15
0.36,"1,141",460,0.29,"163,050","17,195","19,879","13,946",0.45,0.41,0.15
0.37,"1,008",378,0.27,"164,058","16,187","20,257","13,568",0.46,0.40,0.14
0.38,928,422,0.31,"164,986","15,259","20,679","13,146",0.46,0.39,0.13
0.39,897,408,0.31,"165,883","14,362","21,087","12,738",0.47,0.38,0.13
0.4,823,421,0.34,"166,706","13,539","21,508","12,317",0.48,0.36,0.12
0.41,791,413,0.34,"167,497","12,748","21,921","11,904",0.48,0.35,0.12
0.42,711,353,0.33,"168,208","12,037","22,274","11,551",0.49,0.34,0.11
0.43,753,385,0.34,"168,961","11,284","22,659","11,166",0.50,0.33,0.10
0.44,661,379,0.36,"169,622","10,623","23,038","10,787",0.50,0.32,0.10
0.45,613,367,0.37,"170,235","10,010","23,405","10,420",0.51,0.31,0.10
0.46,576,334,0.37,"170,811","9,434","23,739","10,086",0.52,0.30,0.09
0.47,523,335,0.39,"171,334","8,911","24,074","9,751",0.52,0.29,0.09
0.48,528,285,0.35,"171,862","8,383","24,359","9,466",0.53,0.28,0.08
0.49,466,315,0.40,"172,328","7,917","24,674","9,151",0.54,0.27,0.08
0.5,467,294,0.39,"172,795","7,450","24,968","8,857",0.54,0.26,0.08
0.51,430,280,0.39,"173,225","7,020","25,248","8,577",0.55,0.25,0.07
0.52,398,299,0.43,"173,623","6,622","25,547","8,278",0.56,0.24,0.07
0.53,387,241,0.38,"174,010","6,235","25,788","8,037",0.56,0.24,0.07
0.54,335,281,0.46,"174,345","5,900","26,069","7,756",0.57,0.23,0.06
0.55,328,258,0.44,"174,673","5,572","26,327","7,498",0.57,0.22,0.06
0.56,341,264,0.44,"175,014","5,231","26,591","7,234",0.58,0.21,0.06
0.57,296,214,0.42,"175,310","4,935","26,805","7,020",0.59,0.21,0.06
0.58,258,258,0.50,"175,568","4,677","27,063","6,762",0.59,0.20,0.05
0.59,274,226,0.45,"175,842","4,403","27,289","6,536",0.60,0.19,0.05
0.6,269,210,0.44,"176,111","4,134","27,499","6,326",0.60,0.19,0.05
0.61,242,232,0.49,"176,353","3,892","27,731","6,094",0.61,0.18,0.05
0.62,212,221,0.51,"176,565","3,680","27,952","5,873",0.61,0.17,0.04
0.63,224,219,0.49,"176,789","3,456","28,171","5,654",0.62,0.17,0.04
0.64,238,212,0.47,"177,027","3,218","28,383","5,442",0.63,0.16,0.04
0.65,192,196,0.51,"177,219","3,026","28,579","5,246",0.63,0.16,0.04
0.66,184,204,0.53,"177,403","2,842","28,783","5,042",0.64,0.15,0.04
0.67,188,178,0.49,"177,591","2,654","28,961","4,864",0.65,0.14,0.04
0.68,153,182,0.54,"177,744","2,501","29,143","4,682",0.65,0.14,0.03
0.69,152,190,0.56,"177,896","2,349","29,333","4,492",0.66,0.13,0.03
0.7,152,187,0.55,"178,048","2,197","29,520","4,305",0.66,0.13,0.03
0.71,143,169,0.54,"178,191","2,054","29,689","4,136",0.67,0.12,0.03
0.72,131,164,0.56,"178,322","1,923","29,853","3,972",0.67,0.12,0.03
0.73,123,172,0.58,"178,445","1,800","30,025","3,800",0.68,0.11,0.03
0.74,100,151,0.60,"178,545","1,700","30,176","3,649",0.68,0.11,0.02
0.75,114,141,0.55,"178,659","1,586","30,317","3,508",0.69,0.10,0.02
0.76,119,167,0.58,"178,778","1,467","30,484","3,341",0.69,0.10,0.02
0.77,89,159,0.64,"178,867","1,378","30,643","3,182",0.70,0.09,0.02
0.78,92,153,0.62,"178,959","1,286","30,796","3,029",0.70,0.09,0.02
0.79,82,147,0.64,"179,041","1,204","30,943","2,882",0.71,0.09,0.02
0.8,81,157,0.66,"179,122","1,123","31,100","2,725",0.71,0.08,0.02
0.81,76,136,0.64,"179,198","1,047","31,236","2,589",0.71,0.08,0.02
0.82,71,131,0.65,"179,269",976,"31,367","2,458",0.72,0.07,0.02
0.83,93,142,0.60,"179,362",883,"31,509","2,316",0.72,0.07,0.01
0.84,77,112,0.59,"179,439",806,"31,621","2,204",0.73,0.07,0.01
0.85,60,135,0.69,"179,499",746,"31,756","2,069",0.73,0.06,0.01
0.86,69,144,0.68,"179,568",677,"31,900","1,925",0.74,0.06,0.01
0.87,57,146,0.72,"179,625",620,"32,046","1,779",0.74,0.05,0.01
0.88,47,125,0.73,"179,672",573,"32,171","1,654",0.74,0.05,0.01
0.89,59,123,0.68,"179,731",514,"32,294","1,531",0.75,0.05,0.01
0.9,72,136,0.65,"179,803",442,"32,430","1,395",0.76,0.04,0.01
0.91,51,115,0.69,"179,854",391,"32,545","1,280",0.77,0.04,0.01
0.92,52,130,0.71,"179,906",339,"32,675","1,150",0.77,0.03,0.01
0.93,44,104,0.70,"179,950",295,"32,779","1,046",0.78,0.03,0.01
0.94,29,120,0.81,"179,979",266,"32,899",926,0.78,0.03,0.01
0.95,40,111,0.74,"180,019",226,"33,010",815,0.78,0.02,0.00
0.96,36,100,0.74,"180,055",190,"33,110",715,0.79,0.02,0.00
0.97,30,103,0.77,"180,085",160,"33,213",612,0.79,0.02,0.00
0.98,31,104,0.77,"180,116",129,"33,317",508,0.80,0.02,0.00
0.99,24,87,0.78,"180,140",105,"33,404",421,0.80,0.01,0.00
1.0,105,421,0.80,"180,245",0,"33,825",0,nan,0.00,0.00
