p,Neg,Pos,mPrec,TN,FP,FN,TP,Prec,Rec,$\hat{p}$
0.0,"4,507",30,0.01,"4,507","175,738",30,"33,795",0.16,1.00,0.98
0.1,"84,437","4,624",0.05,"88,944","91,301","4,654","29,171",0.24,0.86,0.56
0.2,"42,361","6,266",0.13,"131,305","48,940","10,920","22,905",0.32,0.68,0.34
0.3,"22,009","5,380",0.20,"153,314","26,931","16,300","17,525",0.39,0.52,0.21
0.4,"11,775","4,425",0.27,"165,089","15,156","20,725","13,100",0.46,0.39,0.13
0.5,"6,526","3,513",0.35,"171,615","8,630","24,238","9,587",0.53,0.28,0.09
0.6,"3,689","2,565",0.41,"175,304","4,941","26,803","7,022",0.59,0.21,0.06
0.7,"2,176","2,056",0.49,"177,480","2,765","28,859","4,966",0.64,0.15,0.04
0.8,"1,275","1,596",0.56,"178,755","1,490","30,455","3,370",0.69,0.10,0.02
0.9,771,"1,345",0.64,"179,526",719,"31,800","2,025",0.74,0.06,0.01
1.0,719,"2,025",0.74,"180,245",0,"33,825",0,nan,0.00,0.00
