p,Neg,Pos,mPrec,TN,FP,FN,TP,Prec,Rec,$\hat{p}$
0.0,"6,732",74,0.01,"6,732","413,838",74,"78,852",0.16,1.00,0.99
0.05,"8,851",189,0.02,"15,583","404,987",263,"78,663",0.16,1.00,0.97
0.1,"14,224",402,0.03,"29,807","390,763",665,"78,261",0.17,0.99,0.94
0.15,"18,337",669,0.04,"48,144","372,426","1,334","77,592",0.17,0.98,0.90
0.2,"22,611","1,108",0.05,"70,755","349,815","2,442","76,484",0.18,0.97,0.85
0.25,"26,708","1,673",0.06,"97,463","323,107","4,115","74,811",0.19,0.95,0.80
0.3,"30,246","2,188",0.07,"127,709","292,861","6,303","72,623",0.20,0.92,0.73
0.35,"32,551","3,055",0.09,"160,260","260,310","9,358","69,568",0.21,0.88,0.66
0.4,"33,533","3,693",0.10,"193,793","226,777","13,051","65,875",0.23,0.83,0.59
0.45,"33,700","4,356",0.11,"227,493","193,077","17,407","61,519",0.24,0.78,0.51
0.5,"32,742","5,010",0.13,"260,235","160,335","22,417","56,509",0.26,0.72,0.43
0.55,"31,440","5,704",0.15,"291,675","128,895","28,121","50,805",0.28,0.64,0.36
0.6,"28,604","6,323",0.18,"320,279","100,291","34,444","44,482",0.31,0.56,0.29
0.65,"25,106","6,628",0.21,"345,385","75,185","41,072","37,854",0.33,0.48,0.23
0.7,"21,258","6,600",0.24,"366,643","53,927","47,672","31,254",0.37,0.40,0.17
0.75,"17,309","6,301",0.27,"383,952","36,618","53,973","24,953",0.41,0.32,0.12
0.8,"12,723","5,787",0.31,"396,675","23,895","59,760","19,166",0.45,0.24,0.09
0.85,"9,560","5,587",0.37,"406,235","14,335","65,347","13,579",0.49,0.17,0.06
0.9,"7,050","5,135",0.42,"413,285","7,285","70,482","8,444",0.54,0.11,0.03
0.95,"4,717","4,699",0.50,"418,002","2,568","75,181","3,745",0.59,0.05,0.01
1.0,"2,568","3,745",0.59,"420,570",0,"78,926",0,nan,0.00,0.00
