p,Neg,Pos,mPrec,TN,FP,FN,TP,Prec,Rec,$\hat{p}$
0.0,"1,803",34,0.02,"1,803","178,442",34,"33,791",0.16,1.00,0.99
0.01,614,16,0.03,"2,417","177,828",50,"33,775",0.16,1.00,0.99
0.02,593,13,0.02,"3,010","177,235",63,"33,762",0.16,1.00,0.99
0.03,831,17,0.02,"3,841","176,404",80,"33,745",0.16,1.00,0.98
0.04,830,29,0.03,"4,671","175,574",109,"33,716",0.16,1.00,0.98
0.05,981,28,0.03,"5,652","174,593",137,"33,688",0.16,1.00,0.97
0.06,"1,091",39,0.03,"6,743","173,502",176,"33,649",0.16,0.99,0.97
0.07,"1,201",53,0.04,"7,944","172,301",229,"33,596",0.16,0.99,0.96
0.08,"1,275",33,0.03,"9,219","171,026",262,"33,563",0.16,0.99,0.96
0.09,"1,433",57,0.04,"10,652","169,593",319,"33,506",0.16,0.99,0.95
0.1,"1,539",74,0.05,"12,191","168,054",393,"33,432",0.17,0.99,0.94
0.11,"1,695",72,0.04,"13,886","166,359",465,"33,360",0.17,0.99,0.93
0.12,"1,748",87,0.05,"15,634","164,611",552,"33,273",0.17,0.98,0.92
0.13,"1,819",89,0.05,"17,453","162,792",641,"33,184",0.17,0.98,0.92
0.14,"1,926",97,0.05,"19,379","160,866",738,"33,087",0.17,0.98,0.91
0.15,"2,021",106,0.05,"21,400","158,845",844,"32,981",0.17,0.98,0.90
0.16,"2,147",117,0.05,"23,547","156,698",961,"32,864",0.17,0.97,0.89
0.17,"2,151",112,0.05,"25,698","154,547","1,073","32,752",0.17,0.97,0.87
0.18,"2,268",132,0.06,"27,966","152,279","1,205","32,620",0.18,0.96,0.86
0.19,"2,370",155,0.06,"30,336","149,909","1,360","32,465",0.18,0.96,0.85
0.2,"2,389",164,0.06,"32,725","147,520","1,524","32,301",0.18,0.95,0.84
0.21,"2,509",185,0.07,"35,234","145,011","1,709","32,116",0.18,0.95,0.83
0.22,"2,627",194,0.07,"37,861","142,384","1,903","31,922",0.18,0.94,0.81
0.23,"2,706",195,0.07,"40,567","139,678","2,098","31,727",0.19,0.94,0.80
0.24,"2,704",228,0.08,"43,271","136,974","2,326","31,499",0.19,0.93,0.79
0.25,"2,677",237,0.08,"45,948","134,297","2,563","31,262",0.19,0.92,0.77
0.26,"2,879",259,0.08,"48,827","131,418","2,822","31,003",0.19,0.92,0.76
0.27,"2,892",236,0.08,"51,719","128,526","3,058","30,767",0.19,0.91,0.74
0.28,"3,064",309,0.09,"54,783","125,462","3,367","30,458",0.20,0.90,0.73
0.29,"2,939",263,0.08,"57,722","122,523","3,630","30,195",0.20,0.89,0.71
0.3,"3,179",301,0.09,"60,901","119,344","3,931","29,894",0.20,0.88,0.70
0.31,"3,208",299,0.09,"64,109","116,136","4,230","29,595",0.20,0.87,0.68
0.32,"3,004",308,0.09,"67,113","113,132","4,538","29,287",0.21,0.87,0.67
0.33,"3,069",348,0.10,"70,182","110,063","4,886","28,939",0.21,0.86,0.65
0.34,"3,137",386,0.11,"73,319","106,926","5,272","28,553",0.21,0.84,0.63
0.35,"3,069",387,0.11,"76,388","103,857","5,659","28,166",0.21,0.83,0.62
0.36,"3,141",383,0.11,"79,529","100,716","6,042","27,783",0.22,0.82,0.60
0.37,"3,217",391,0.11,"82,746","97,499","6,433","27,392",0.22,0.81,0.58
0.38,"3,068",399,0.12,"85,814","94,431","6,832","26,993",0.22,0.80,0.57
0.39,"3,081",391,0.11,"88,895","91,350","7,223","26,602",0.23,0.79,0.55
0.4,"3,016",427,0.12,"91,911","88,334","7,650","26,175",0.23,0.77,0.53
0.41,"2,980",439,0.13,"94,891","85,354","8,089","25,736",0.23,0.76,0.52
0.42,"3,114",434,0.12,"98,005","82,240","8,523","25,302",0.24,0.75,0.50
0.43,"3,127",446,0.12,"101,132","79,113","8,969","24,856",0.24,0.73,0.49
0.44,"2,961",480,0.14,"104,093","76,152","9,449","24,376",0.24,0.72,0.47
0.45,"2,996",492,0.14,"107,089","73,156","9,941","23,884",0.25,0.71,0.45
0.46,"3,022",443,0.13,"110,111","70,134","10,384","23,441",0.25,0.69,0.44
0.47,"2,894",500,0.15,"113,005","67,240","10,884","22,941",0.25,0.68,0.42
0.48,"2,819",499,0.15,"115,824","64,421","11,383","22,442",0.26,0.66,0.41
0.49,"2,789",527,0.16,"118,613","61,632","11,910","21,915",0.26,0.65,0.39
0.5,"2,759",523,0.16,"121,372","58,873","12,433","21,392",0.27,0.63,0.37
0.51,"2,673",491,0.16,"124,045","56,200","12,924","20,901",0.27,0.62,0.36
0.52,"2,635",522,0.17,"126,680","53,565","13,446","20,379",0.28,0.60,0.35
0.53,"2,495",502,0.17,"129,175","51,070","13,948","19,877",0.28,0.59,0.33
0.54,"2,494",549,0.18,"131,669","48,576","14,497","19,328",0.28,0.57,0.32
0.55,"2,415",554,0.19,"134,084","46,161","15,051","18,774",0.29,0.56,0.30
0.56,"2,229",537,0.19,"136,313","43,932","15,588","18,237",0.29,0.54,0.29
0.57,"2,319",560,0.19,"138,632","41,613","16,148","17,677",0.30,0.52,0.28
0.58,"2,206",538,0.20,"140,838","39,407","16,686","17,139",0.30,0.51,0.26
0.59,"2,161",546,0.20,"142,999","37,246","17,232","16,593",0.31,0.49,0.25
0.6,"2,008",551,0.22,"145,007","35,238","17,783","16,042",0.31,0.47,0.24
0.61,"2,003",521,0.21,"147,010","33,235","18,304","15,521",0.32,0.46,0.23
0.62,"1,906",534,0.22,"148,916","31,329","18,838","14,987",0.32,0.44,0.22
0.63,"1,888",531,0.22,"150,804","29,441","19,369","14,456",0.33,0.43,0.21
0.64,"1,770",531,0.23,"152,574","27,671","19,900","13,925",0.33,0.41,0.19
0.65,"1,741",529,0.23,"154,315","25,930","20,429","13,396",0.34,0.40,0.18
0.66,"1,589",519,0.25,"155,904","24,341","20,948","12,877",0.35,0.38,0.17
0.67,"1,528",534,0.26,"157,432","22,813","21,482","12,343",0.35,0.36,0.16
0.68,"1,476",470,0.24,"158,908","21,337","21,952","11,873",0.36,0.35,0.16
0.69,"1,397",495,0.26,"160,305","19,940","22,447","11,378",0.36,0.34,0.15
0.7,"1,274",462,0.27,"161,579","18,666","22,909","10,916",0.37,0.32,0.14
0.71,"1,306",445,0.25,"162,885","17,360","23,354","10,471",0.38,0.31,0.13
0.72,"1,211",446,0.27,"164,096","16,149","23,800","10,025",0.38,0.30,0.12
0.73,"1,144",481,0.30,"165,240","15,005","24,281","9,544",0.39,0.28,0.11
0.74,"1,078",403,0.27,"166,318","13,927","24,684","9,141",0.40,0.27,0.11
0.75,"1,060",427,0.29,"167,378","12,867","25,111","8,714",0.40,0.26,0.10
0.76,938,402,0.30,"168,316","11,929","25,513","8,312",0.41,0.25,0.09
0.77,832,403,0.33,"169,148","11,097","25,916","7,909",0.42,0.23,0.09
0.78,856,395,0.32,"170,004","10,241","26,311","7,514",0.42,0.22,0.08
0.79,859,399,0.32,"170,863","9,382","26,710","7,115",0.43,0.21,0.08
0.8,710,347,0.33,"171,573","8,672","27,057","6,768",0.44,0.20,0.07
0.81,675,357,0.35,"172,248","7,997","27,414","6,411",0.44,0.19,0.07
0.82,672,428,0.39,"172,920","7,325","27,842","5,983",0.45,0.18,0.06
0.83,692,406,0.37,"173,612","6,633","28,248","5,577",0.46,0.16,0.06
0.84,641,343,0.35,"174,253","5,992","28,591","5,234",0.47,0.15,0.05
0.85,611,355,0.37,"174,864","5,381","28,946","4,879",0.48,0.14,0.05
0.86,533,373,0.41,"175,397","4,848","29,319","4,506",0.48,0.13,0.04
0.87,501,374,0.43,"175,898","4,347","29,693","4,132",0.49,0.12,0.04
0.88,559,382,0.41,"176,457","3,788","30,075","3,750",0.50,0.11,0.04
0.89,467,362,0.44,"176,924","3,321","30,437","3,388",0.50,0.10,0.03
0.9,457,342,0.43,"177,381","2,864","30,779","3,046",0.52,0.09,0.03
0.91,391,347,0.47,"177,772","2,473","31,126","2,699",0.52,0.08,0.02
0.92,419,315,0.43,"178,191","2,054","31,441","2,384",0.54,0.07,0.02
0.93,380,327,0.46,"178,571","1,674","31,768","2,057",0.55,0.06,0.02
0.94,309,325,0.51,"178,880","1,365","32,093","1,732",0.56,0.05,0.01
0.95,312,287,0.48,"179,192","1,053","32,380","1,445",0.58,0.04,0.01
0.96,259,290,0.53,"179,451",794,"32,670","1,155",0.59,0.03,0.01
0.97,181,243,0.57,"179,632",613,"32,913",912,0.60,0.03,0.01
0.98,175,241,0.58,"179,807",438,"33,154",671,0.61,0.02,0.01
0.99,151,188,0.55,"179,958",287,"33,342",483,0.63,0.01,0.00
1.0,287,483,0.63,"180,245",0,"33,825",0,nan,0.00,0.00
