p,Neg,Pos,Neg/Pos,TN,FP,FN,TP,FP/TP,Prec.,Rec.,$\hat{p}$
0.0,0,0,nan,0,"180,245",0,"33,825",5.33,0.16,1.00,1.00
0.01,"1,470",9,163.33,"1,470","178,775",9,"33,816",5.29,0.16,1.00,0.99
0.02,"3,884",40,97.10,"5,354","174,891",49,"33,776",5.18,0.16,1.00,0.97
0.03,"5,343",81,65.96,"10,697","169,548",130,"33,695",5.03,0.17,1.00,0.95
0.04,"6,084",104,58.50,"16,781","163,464",234,"33,591",4.87,0.17,0.99,0.92
0.05,"6,177",141,43.81,"22,958","157,287",375,"33,450",4.70,0.18,0.99,0.89
0.06,"6,218",207,30.04,"29,176","151,069",582,"33,243",4.54,0.18,0.98,0.86
0.07,"6,155",199,30.93,"35,331","144,914",781,"33,044",4.39,0.19,0.98,0.83
0.08,"5,971",270,22.11,"41,302","138,943","1,051","32,774",4.24,0.19,0.97,0.80
0.09,"5,710",264,21.63,"47,012","133,233","1,315","32,510",4.10,0.20,0.96,0.77
0.1,"5,673",309,18.36,"52,685","127,560","1,624","32,201",3.96,0.20,0.95,0.75
0.11,"5,495",325,16.91,"58,180","122,065","1,949","31,876",3.83,0.21,0.94,0.72
0.12,"5,120",370,13.84,"63,300","116,945","2,319","31,506",3.71,0.21,0.93,0.69
0.13,"4,911",377,13.03,"68,211","112,034","2,696","31,129",3.60,0.22,0.92,0.67
0.14,"4,708",373,12.62,"72,919","107,326","3,069","30,756",3.49,0.22,0.91,0.65
0.15,"4,524",380,11.91,"77,443","102,802","3,449","30,376",3.38,0.23,0.90,0.62
0.16,"4,412",429,10.28,"81,855","98,390","3,878","29,947",3.29,0.23,0.89,0.60
0.17,"4,156",418,9.94,"86,011","94,234","4,296","29,529",3.19,0.24,0.87,0.58
0.18,"4,104",418,9.82,"90,115","90,130","4,714","29,111",3.10,0.24,0.86,0.56
0.19,"3,843",410,9.37,"93,958","86,287","5,124","28,701",3.01,0.25,0.85,0.54
0.2,"3,778",441,8.57,"97,736","82,509","5,565","28,260",2.92,0.26,0.84,0.52
0.21,"3,550",477,7.44,"101,286","78,959","6,042","27,783",2.84,0.26,0.82,0.50
0.22,"3,494",452,7.73,"104,780","75,465","6,494","27,331",2.76,0.27,0.81,0.48
0.23,"3,282",451,7.28,"108,062","72,183","6,945","26,880",2.69,0.27,0.79,0.46
0.24,"3,249",453,7.17,"111,311","68,934","7,398","26,427",2.61,0.28,0.78,0.45
0.25,"3,121",475,6.57,"114,432","65,813","7,873","25,952",2.54,0.28,0.77,0.43
0.26,"3,076",433,7.10,"117,508","62,737","8,306","25,519",2.46,0.29,0.75,0.41
0.27,"2,783",487,5.71,"120,291","59,954","8,793","25,032",2.40,0.29,0.74,0.40
0.28,"2,664",452,5.89,"122,955","57,290","9,245","24,580",2.33,0.30,0.73,0.38
0.29,"2,519",443,5.69,"125,474","54,771","9,688","24,137",2.27,0.31,0.71,0.37
0.3,"2,484",444,5.59,"127,958","52,287","10,132","23,693",2.21,0.31,0.70,0.35
0.31,"2,434",458,5.31,"130,392","49,853","10,590","23,235",2.15,0.32,0.69,0.34
0.32,"2,238",496,4.51,"132,630","47,615","11,086","22,739",2.09,0.32,0.67,0.33
0.33,"2,135",466,4.58,"134,765","45,480","11,552","22,273",2.04,0.33,0.66,0.32
0.34,"2,197",504,4.36,"136,962","43,283","12,056","21,769",1.99,0.33,0.64,0.30
0.35,"2,041",449,4.55,"139,003","41,242","12,505","21,320",1.93,0.34,0.63,0.29
0.36,"1,941",506,3.84,"140,944","39,301","13,011","20,814",1.89,0.35,0.62,0.28
0.37,"1,897",488,3.89,"142,841","37,404","13,499","20,326",1.84,0.35,0.60,0.27
0.38,"1,725",475,3.63,"144,566","35,679","13,974","19,851",1.80,0.36,0.59,0.26
0.39,"1,773",482,3.68,"146,339","33,906","14,456","19,369",1.75,0.36,0.57,0.25
0.4,"1,680",484,3.47,"148,019","32,226","14,940","18,885",1.71,0.37,0.56,0.24
0.41,"1,556",454,3.43,"149,575","30,670","15,394","18,431",1.66,0.38,0.54,0.23
0.42,"1,572",483,3.25,"151,147","29,098","15,877","17,948",1.62,0.38,0.53,0.22
0.43,"1,492",462,3.23,"152,639","27,606","16,339","17,486",1.58,0.39,0.52,0.21
0.44,"1,412",399,3.54,"154,051","26,194","16,738","17,087",1.53,0.39,0.51,0.20
0.45,"1,454",434,3.35,"155,505","24,740","17,172","16,653",1.49,0.40,0.49,0.19
0.46,"1,298",451,2.88,"156,803","23,442","17,623","16,202",1.45,0.41,0.48,0.19
0.47,"1,280",441,2.90,"158,083","22,162","18,064","15,761",1.41,0.42,0.47,0.18
0.48,"1,233",406,3.04,"159,316","20,929","18,470","15,355",1.36,0.42,0.45,0.17
0.49,"1,133",431,2.63,"160,449","19,796","18,901","14,924",1.33,0.43,0.44,0.16
0.5,"1,112",410,2.71,"161,561","18,684","19,311","14,514",1.29,0.44,0.43,0.16
0.51,"1,060",421,2.52,"162,621","17,624","19,732","14,093",1.25,0.44,0.42,0.15
0.52,"1,012",404,2.50,"163,633","16,612","20,136","13,689",1.21,0.45,0.40,0.14
0.53,978,461,2.12,"164,611","15,634","20,597","13,228",1.18,0.46,0.39,0.13
0.54,936,435,2.15,"165,547","14,698","21,032","12,793",1.15,0.47,0.38,0.13
0.55,885,362,2.44,"166,432","13,813","21,394","12,431",1.11,0.47,0.37,0.12
0.56,855,383,2.23,"167,287","12,958","21,777","12,048",1.08,0.48,0.36,0.12
0.57,776,402,1.93,"168,063","12,182","22,179","11,646",1.05,0.49,0.34,0.11
0.58,772,378,2.04,"168,835","11,410","22,557","11,268",1.01,0.50,0.33,0.11
0.59,721,383,1.88,"169,556","10,689","22,940","10,885",0.98,0.50,0.32,0.10
0.6,644,399,1.61,"170,200","10,045","23,339","10,486",0.96,0.51,0.31,0.10
0.61,661,378,1.75,"170,861","9,384","23,717","10,108",0.93,0.52,0.30,0.09
0.62,627,357,1.76,"171,488","8,757","24,074","9,751",0.90,0.53,0.29,0.09
0.63,605,396,1.53,"172,093","8,152","24,470","9,355",0.87,0.53,0.28,0.08
0.64,541,361,1.50,"172,634","7,611","24,831","8,994",0.85,0.54,0.27,0.08
0.65,540,349,1.55,"173,174","7,071","25,180","8,645",0.82,0.55,0.26,0.07
0.66,478,374,1.28,"173,652","6,593","25,554","8,271",0.80,0.56,0.24,0.07
0.67,448,351,1.28,"174,100","6,145","25,905","7,920",0.78,0.56,0.23,0.07
0.68,394,371,1.06,"174,494","5,751","26,276","7,549",0.76,0.57,0.22,0.06
0.69,433,361,1.20,"174,927","5,318","26,637","7,188",0.74,0.57,0.21,0.06
0.7,407,330,1.23,"175,334","4,911","26,967","6,858",0.72,0.58,0.20,0.05
0.71,385,337,1.14,"175,719","4,526","27,304","6,521",0.69,0.59,0.19,0.05
0.72,351,308,1.14,"176,070","4,175","27,612","6,213",0.67,0.60,0.18,0.05
0.73,295,326,0.90,"176,365","3,880","27,938","5,887",0.66,0.60,0.17,0.05
0.74,324,295,1.10,"176,689","3,556","28,233","5,592",0.64,0.61,0.17,0.04
0.75,283,297,0.95,"176,972","3,273","28,530","5,295",0.62,0.62,0.16,0.04
0.76,306,277,1.10,"177,278","2,967","28,807","5,018",0.59,0.63,0.15,0.04
0.77,271,300,0.90,"177,549","2,696","29,107","4,718",0.57,0.64,0.14,0.03
0.78,264,287,0.92,"177,813","2,432","29,394","4,431",0.55,0.65,0.13,0.03
0.79,248,271,0.92,"178,061","2,184","29,665","4,160",0.53,0.66,0.12,0.03
0.8,229,291,0.79,"178,290","1,955","29,956","3,869",0.51,0.66,0.11,0.03
0.81,200,296,0.68,"178,490","1,755","30,252","3,573",0.49,0.67,0.11,0.02
0.82,197,246,0.80,"178,687","1,558","30,498","3,327",0.47,0.68,0.10,0.02
0.83,194,230,0.84,"178,881","1,364","30,728","3,097",0.44,0.69,0.09,0.02
0.84,168,238,0.71,"179,049","1,196","30,966","2,859",0.42,0.71,0.08,0.02
0.85,155,253,0.61,"179,204","1,041","31,219","2,606",0.40,0.71,0.08,0.02
0.86,154,229,0.67,"179,358",887,"31,448","2,377",0.37,0.73,0.07,0.02
0.87,134,219,0.61,"179,492",753,"31,667","2,158",0.35,0.74,0.06,0.01
0.88,115,217,0.53,"179,607",638,"31,884","1,941",0.33,0.75,0.06,0.01
0.89,116,255,0.45,"179,723",522,"32,139","1,686",0.31,0.76,0.05,0.01
0.9,98,255,0.38,"179,821",424,"32,394","1,431",0.30,0.77,0.04,0.01
0.91,82,257,0.32,"179,903",342,"32,651","1,174",0.29,0.77,0.03,0.01
0.92,84,235,0.36,"179,987",258,"32,886",939,0.27,0.78,0.03,0.01
0.93,71,220,0.32,"180,058",187,"33,106",719,0.26,0.79,0.02,0.00
0.94,67,210,0.32,"180,125",120,"33,316",509,0.24,0.81,0.02,0.00
0.95,58,207,0.28,"180,183",62,"33,523",302,0.21,0.83,0.01,0.00
0.96,30,160,0.19,"180,213",32,"33,683",142,0.23,0.82,0.00,0.00
0.97,23,91,0.25,"180,236",9,"33,774",51,0.18,0.85,0.00,0.00
0.98,7,39,0.18,"180,243",2,"33,813",12,0.17,0.86,0.00,0.00
0.99,2,11,0.18,"180,245",0,"33,824",1,0.00,1.00,0.00,0.00
1.0,0,1,0.00,"180,245",0,"33,825",0,nan,nan,0.00,0.00
