p,Neg,Pos,mPrec,TN,FP,FN,TP,Prec,Rec,FP/P,$\hat{p}$
0.0,1,0,0.00,1,"600,814",0,"112,751",0.16,1.00,5.328680011707213,1.00
0.1,"210,905","14,051",0.06,"210,906","389,909","14,051","98,700",0.20,0.88,3.458142278117267,0.68
0.2,"228,480","34,396",0.13,"439,386","161,429","48,447","64,304",0.28,0.57,1.431730095520217,0.32
0.3,"94,467","25,667",0.21,"533,853","66,962","74,114","38,637",0.37,0.34,0.5938927370932409,0.15
0.4,"37,364","15,266",0.29,"571,217","29,598","89,380","23,371",0.44,0.21,0.2625076495995601,0.07
0.5,"16,144","9,872",0.38,"587,361","13,454","99,252","13,499",0.50,0.12,0.11932488403650522,0.04
0.6,"8,125","6,714",0.45,"595,486","5,329","105,966","6,785",0.56,0.06,0.04726343890519818,0.02
0.7,"3,687","4,239",0.53,"599,173","1,642","110,205","2,546",0.61,0.02,0.01456306374222845,0.01
0.8,"1,312","1,951",0.60,"600,485",330,"112,156",595,0.64,0.01,0.0029268033099484705,0.00
0.9,307,531,0.63,"600,792",23,"112,687",64,0.74,0.00,0.00020398932160246914,0.00
1.0,23,64,0.74,"600,815",0,"112,751",0,nan,0.00,0.0,0.00
