p,Neg,Pos,mPrec,TN,FP,FN,TP,Prec,Rec,$\hat{p}$
0.0,1,0,0.00,1,"420,569",0,"78,926",0.16,1.00,1.00
0.1,"151,409","9,069",0.06,"151,410","269,160","9,069","69,857",0.21,0.89,0.68
0.2,"158,874","23,381",0.13,"310,284","110,286","32,450","46,476",0.30,0.59,0.31
0.3,"67,534","18,776",0.22,"377,818","42,752","51,226","27,700",0.39,0.35,0.14
0.4,"25,948","11,833",0.31,"403,766","16,804","63,059","15,867",0.49,0.20,0.07
0.5,"10,502","7,570",0.42,"414,268","6,302","70,629","8,297",0.57,0.11,0.03
0.6,"4,534","4,995",0.52,"418,802","1,768","75,624","3,302",0.65,0.04,0.01
0.7,"1,454","2,505",0.63,"420,256",314,"78,129",797,0.72,0.01,0.00
0.8,284,705,0.71,"420,540",30,"78,834",92,0.75,0.00,0.00
0.9,30,86,0.74,"420,570",0,"78,920",6,1.00,0.00,0.00
1.0,0,6,1.00,"420,570",0,"78,926",0,nan,0.00,0.00
