p,Neg,Pos,Neg/Pos,TN,FP,FN,TP,FP/TP,Prec.,Rec.,$\hat{p}$
0.0,0,0,nan,0,"420,570",0,"78,926",5.33,0.16,1.00,1.00
0.05,"1,668",0,inf,"1,668","418,902",0,"78,926",5.31,0.16,1.00,1.00
0.1,"7,256",27,268.74,"8,924","411,646",27,"78,899",5.22,0.16,1.00,0.98
0.15,"18,197",136,133.80,"27,121","393,449",163,"78,763",5.00,0.17,1.00,0.95
0.2,"29,472",449,65.64,"56,593","363,977",612,"78,314",4.65,0.18,0.99,0.89
0.25,"39,171","1,024",38.25,"95,764","324,806","1,636","77,290",4.20,0.19,0.98,0.81
0.3,"46,823","2,048",22.86,"142,587","277,983","3,684","75,242",3.69,0.21,0.95,0.71
0.35,"50,635","3,458",14.64,"193,222","227,348","7,142","71,784",3.17,0.24,0.91,0.60
0.4,"50,054","5,070",9.87,"243,276","177,294","12,212","66,714",2.66,0.27,0.85,0.49
0.45,"46,708","6,996",6.68,"289,984","130,586","19,208","59,718",2.19,0.31,0.76,0.38
0.5,"40,620","8,634",4.70,"330,604","89,966","27,842","51,084",1.76,0.36,0.65,0.28
0.55,"32,830","9,866",3.33,"363,434","57,136","37,708","41,218",1.39,0.42,0.52,0.20
0.6,"24,153","10,014",2.41,"387,587","32,983","47,722","31,204",1.06,0.49,0.40,0.13
0.65,"15,714","9,133",1.72,"403,301","17,269","56,855","22,071",0.78,0.56,0.28,0.08
0.7,"9,059","7,466",1.21,"412,360","8,210","64,321","14,605",0.56,0.64,0.19,0.05
0.75,"4,501","5,670",0.79,"416,861","3,709","69,991","8,935",0.42,0.71,0.11,0.03
0.8,"2,172","4,082",0.53,"419,033","1,537","74,073","4,853",0.32,0.76,0.06,0.01
0.85,"1,161","3,343",0.35,"420,194",376,"77,416","1,510",0.25,0.80,0.02,0.00
0.9,364,"1,377",0.26,"420,558",12,"78,793",133,0.09,0.92,0.00,0.00
0.95,12,127,0.09,"420,570",0,"78,920",6,0.00,1.00,0.00,0.00
1.0,0,6,0.00,"420,570",0,"78,926",0,nan,nan,0.00,0.00
