p,Neg,Pos,mPrec,TN,FP,FN,TP,Prec,Rec,$\hat{p}$
0.0,"1,803",12,0.01,"1,803","178,442",12,"33,813",0.16,1.00,0.99
0.01,"1,501",10,0.01,"3,304","176,941",22,"33,803",0.16,1.00,0.98
0.02,"1,826",12,0.01,"5,130","175,115",34,"33,791",0.16,1.00,0.98
0.03,"2,078",25,0.01,"7,208","173,037",59,"33,766",0.16,1.00,0.97
0.04,"2,226",27,0.01,"9,434","170,811",86,"33,739",0.16,1.00,0.96
0.05,"2,405",31,0.01,"11,839","168,406",117,"33,708",0.17,1.00,0.94
0.06,"2,490",36,0.01,"14,329","165,916",153,"33,672",0.17,1.00,0.93
0.07,"2,584",53,0.02,"16,913","163,332",206,"33,619",0.17,0.99,0.92
0.08,"2,729",54,0.02,"19,642","160,603",260,"33,565",0.17,0.99,0.91
0.09,"2,683",64,0.02,"22,325","157,920",324,"33,501",0.18,0.99,0.89
0.1,"2,779",82,0.03,"25,104","155,141",406,"33,419",0.18,0.99,0.88
0.11,"2,758",94,0.03,"27,862","152,383",500,"33,325",0.18,0.99,0.87
0.12,"2,780",79,0.03,"30,642","149,603",579,"33,246",0.18,0.98,0.85
0.13,"2,756",93,0.03,"33,398","146,847",672,"33,153",0.18,0.98,0.84
0.14,"2,806",110,0.04,"36,204","144,041",782,"33,043",0.19,0.98,0.83
0.15,"2,732",112,0.04,"38,936","141,309",894,"32,931",0.19,0.97,0.81
0.16,"2,732",106,0.04,"41,668","138,577","1,000","32,825",0.19,0.97,0.80
0.17,"2,732",150,0.05,"44,400","135,845","1,150","32,675",0.19,0.97,0.79
0.18,"2,806",148,0.05,"47,206","133,039","1,298","32,527",0.20,0.96,0.77
0.19,"2,701",145,0.05,"49,907","130,338","1,443","32,382",0.20,0.96,0.76
0.2,"2,782",132,0.05,"52,689","127,556","1,575","32,250",0.20,0.95,0.75
0.21,"2,821",144,0.05,"55,510","124,735","1,719","32,106",0.20,0.95,0.73
0.22,"2,746",177,0.06,"58,256","121,989","1,896","31,929",0.21,0.94,0.72
0.23,"2,669",183,0.06,"60,925","119,320","2,079","31,746",0.21,0.94,0.71
0.24,"2,681",178,0.06,"63,606","116,639","2,257","31,568",0.21,0.93,0.69
0.25,"2,650",199,0.07,"66,256","113,989","2,456","31,369",0.22,0.93,0.68
0.26,"2,597",214,0.08,"68,853","111,392","2,670","31,155",0.22,0.92,0.67
0.27,"2,744",225,0.08,"71,597","108,648","2,895","30,930",0.22,0.91,0.65
0.28,"2,579",193,0.07,"74,176","106,069","3,088","30,737",0.22,0.91,0.64
0.29,"2,547",230,0.08,"76,723","103,522","3,318","30,507",0.23,0.90,0.63
0.3,"2,557",237,0.08,"79,280","100,965","3,555","30,270",0.23,0.89,0.61
0.31,"2,693",235,0.08,"81,973","98,272","3,790","30,035",0.23,0.89,0.60
0.32,"2,560",269,0.10,"84,533","95,712","4,059","29,766",0.24,0.88,0.59
0.33,"2,585",253,0.09,"87,118","93,127","4,312","29,513",0.24,0.87,0.57
0.34,"2,558",297,0.10,"89,676","90,569","4,609","29,216",0.24,0.86,0.56
0.35,"2,636",261,0.09,"92,312","87,933","4,870","28,955",0.25,0.86,0.55
0.36,"2,564",304,0.11,"94,876","85,369","5,174","28,651",0.25,0.85,0.53
0.37,"2,500",301,0.11,"97,376","82,869","5,475","28,350",0.25,0.84,0.52
0.38,"2,412",327,0.12,"99,788","80,457","5,802","28,023",0.26,0.83,0.51
0.39,"2,385",322,0.12,"102,173","78,072","6,124","27,701",0.26,0.82,0.49
0.4,"2,409",300,0.11,"104,582","75,663","6,424","27,401",0.27,0.81,0.48
0.41,"2,342",312,0.12,"106,924","73,321","6,736","27,089",0.27,0.80,0.47
0.42,"2,368",305,0.11,"109,292","70,953","7,041","26,784",0.27,0.79,0.46
0.43,"2,436",378,0.13,"111,728","68,517","7,419","26,406",0.28,0.78,0.44
0.44,"2,286",348,0.13,"114,014","66,231","7,767","26,058",0.28,0.77,0.43
0.45,"2,277",347,0.13,"116,291","63,954","8,114","25,711",0.29,0.76,0.42
0.46,"2,185",355,0.14,"118,476","61,769","8,469","25,356",0.29,0.75,0.41
0.47,"2,221",346,0.13,"120,697","59,548","8,815","25,010",0.30,0.74,0.40
0.48,"2,100",394,0.16,"122,797","57,448","9,209","24,616",0.30,0.73,0.38
0.49,"2,139",385,0.15,"124,936","55,309","9,594","24,231",0.30,0.72,0.37
0.5,"1,992",394,0.17,"126,928","53,317","9,988","23,837",0.31,0.70,0.36
0.51,"2,053",378,0.16,"128,981","51,264","10,366","23,459",0.31,0.69,0.35
0.52,"1,951",397,0.17,"130,932","49,313","10,763","23,062",0.32,0.68,0.34
0.53,"1,885",384,0.17,"132,817","47,428","11,147","22,678",0.32,0.67,0.33
0.54,"1,883",395,0.17,"134,700","45,545","11,542","22,283",0.33,0.66,0.32
0.55,"1,858",439,0.19,"136,558","43,687","11,981","21,844",0.33,0.65,0.31
0.56,"1,861",436,0.19,"138,419","41,826","12,417","21,408",0.34,0.63,0.30
0.57,"1,832",443,0.19,"140,251","39,994","12,860","20,965",0.34,0.62,0.28
0.58,"1,757",442,0.20,"142,008","38,237","13,302","20,523",0.35,0.61,0.27
0.59,"1,686",472,0.22,"143,694","36,551","13,774","20,051",0.35,0.59,0.26
0.6,"1,670",424,0.20,"145,364","34,881","14,198","19,627",0.36,0.58,0.25
0.61,"1,683",483,0.22,"147,047","33,198","14,681","19,144",0.37,0.57,0.24
0.62,"1,690",447,0.21,"148,737","31,508","15,128","18,697",0.37,0.55,0.23
0.63,"1,560",518,0.25,"150,297","29,948","15,646","18,179",0.38,0.54,0.22
0.64,"1,528",457,0.23,"151,825","28,420","16,103","17,722",0.38,0.52,0.22
0.65,"1,462",439,0.23,"153,287","26,958","16,542","17,283",0.39,0.51,0.21
0.66,"1,417",480,0.25,"154,704","25,541","17,022","16,803",0.40,0.50,0.20
0.67,"1,397",477,0.25,"156,101","24,144","17,499","16,326",0.40,0.48,0.19
0.68,"1,350",467,0.26,"157,451","22,794","17,966","15,859",0.41,0.47,0.18
0.69,"1,355",495,0.27,"158,806","21,439","18,461","15,364",0.42,0.45,0.17
0.7,"1,257",493,0.28,"160,063","20,182","18,954","14,871",0.42,0.44,0.16
0.71,"1,283",497,0.28,"161,346","18,899","19,451","14,374",0.43,0.42,0.16
0.72,"1,233",468,0.28,"162,579","17,666","19,919","13,906",0.44,0.41,0.15
0.73,"1,154",453,0.28,"163,733","16,512","20,372","13,453",0.45,0.40,0.14
0.74,"1,100",534,0.33,"164,833","15,412","20,906","12,919",0.46,0.38,0.13
0.75,"1,035",517,0.33,"165,868","14,377","21,423","12,402",0.46,0.37,0.13
0.76,"1,036",462,0.31,"166,904","13,341","21,885","11,940",0.47,0.35,0.12
0.77,"1,078",492,0.31,"167,982","12,263","22,377","11,448",0.48,0.34,0.11
0.78,937,467,0.33,"168,919","11,326","22,844","10,981",0.49,0.32,0.10
0.79,925,478,0.34,"169,844","10,401","23,322","10,503",0.50,0.31,0.10
0.8,890,492,0.36,"170,734","9,511","23,814","10,011",0.51,0.30,0.09
0.81,788,495,0.39,"171,522","8,723","24,309","9,516",0.52,0.28,0.09
0.82,771,524,0.40,"172,293","7,952","24,833","8,992",0.53,0.27,0.08
0.83,715,494,0.41,"173,008","7,237","25,327","8,498",0.54,0.25,0.07
0.84,711,479,0.40,"173,719","6,526","25,806","8,019",0.55,0.24,0.07
0.85,697,452,0.39,"174,416","5,829","26,258","7,567",0.56,0.22,0.06
0.86,669,518,0.44,"175,085","5,160","26,776","7,049",0.58,0.21,0.06
0.87,573,477,0.45,"175,658","4,587","27,253","6,572",0.59,0.19,0.05
0.88,542,496,0.48,"176,200","4,045","27,749","6,076",0.60,0.18,0.05
0.89,530,467,0.47,"176,730","3,515","28,216","5,609",0.61,0.17,0.04
0.9,444,486,0.52,"177,174","3,071","28,702","5,123",0.63,0.15,0.04
0.91,458,461,0.50,"177,632","2,613","29,163","4,662",0.64,0.14,0.03
0.92,421,438,0.51,"178,053","2,192","29,601","4,224",0.66,0.12,0.03
0.93,359,416,0.54,"178,412","1,833","30,017","3,808",0.68,0.11,0.03
0.94,288,427,0.60,"178,700","1,545","30,444","3,381",0.69,0.10,0.02
0.95,295,461,0.61,"178,995","1,250","30,905","2,920",0.70,0.09,0.02
0.96,265,454,0.63,"179,260",985,"31,359","2,466",0.71,0.07,0.02
0.97,261,465,0.64,"179,521",724,"31,824","2,001",0.73,0.06,0.01
0.98,235,537,0.70,"179,756",489,"32,361","1,464",0.75,0.04,0.01
0.99,220,575,0.72,"179,976",269,"32,936",889,0.77,0.03,0.01
1.0,269,889,0.77,"180,245",0,"33,825",0,nan,0.00,0.00
