p,Neg,Pos,mPrec,TN,FP,FN,TP,Prec,Rec,$\hat{p}$
0.0,0,0,nan,0,"399,055",0,"78,926",0.17,1.00,1.00
0.01,"1,891",0,0.00,"1,891","397,164",0,"78,926",0.17,1.00,1.00
0.02,"3,353",12,0.00,"5,244","393,811",12,"78,914",0.17,1.00,0.99
0.03,"4,444",22,0.00,"9,688","389,367",34,"78,892",0.17,1.00,0.98
0.04,"5,094",32,0.01,"14,782","384,273",66,"78,860",0.17,1.00,0.97
0.05,"5,834",41,0.01,"20,616","378,439",107,"78,819",0.17,1.00,0.96
0.06,"6,227",74,0.01,"26,843","372,212",181,"78,745",0.17,1.00,0.94
0.07,"6,438",93,0.01,"33,281","365,774",274,"78,652",0.18,1.00,0.93
0.08,"6,773",91,0.01,"40,054","359,001",365,"78,561",0.18,1.00,0.92
0.09,"6,813",117,0.02,"46,867","352,188",482,"78,444",0.18,0.99,0.90
0.1,"6,926",110,0.02,"53,793","345,262",592,"78,334",0.18,0.99,0.89
0.11,"7,003",147,0.02,"60,796","338,259",739,"78,187",0.19,0.99,0.87
0.12,"6,960",162,0.02,"67,756","331,299",901,"78,025",0.19,0.99,0.86
0.13,"7,057",178,0.02,"74,813","324,242","1,079","77,847",0.19,0.99,0.84
0.14,"7,037",190,0.03,"81,850","317,205","1,269","77,657",0.20,0.98,0.83
0.15,"6,954",187,0.03,"88,804","310,251","1,456","77,470",0.20,0.98,0.81
0.16,"7,018",252,0.03,"95,822","303,233","1,708","77,218",0.20,0.98,0.80
0.17,"7,083",237,0.03,"102,905","296,150","1,945","76,981",0.21,0.98,0.78
0.18,"6,925",254,0.04,"109,830","289,225","2,199","76,727",0.21,0.97,0.77
0.19,"6,929",285,0.04,"116,759","282,296","2,484","76,442",0.21,0.97,0.75
0.2,"6,800",324,0.05,"123,559","275,496","2,808","76,118",0.22,0.96,0.74
0.21,"6,745",324,0.05,"130,304","268,751","3,132","75,794",0.22,0.96,0.72
0.22,"6,551",363,0.05,"136,855","262,200","3,495","75,431",0.22,0.96,0.71
0.23,"6,672",343,0.05,"143,527","255,528","3,838","75,088",0.23,0.95,0.69
0.24,"6,556",389,0.06,"150,083","248,972","4,227","74,699",0.23,0.95,0.68
0.25,"6,564",442,0.06,"156,647","242,408","4,669","74,257",0.23,0.94,0.66
0.26,"6,552",419,0.06,"163,199","235,856","5,088","73,838",0.24,0.94,0.65
0.27,"6,374",439,0.06,"169,573","229,482","5,527","73,399",0.24,0.93,0.63
0.28,"6,301",485,0.07,"175,874","223,181","6,012","72,914",0.25,0.92,0.62
0.29,"6,119",447,0.07,"181,993","217,062","6,459","72,467",0.25,0.92,0.61
0.3,"6,150",520,0.08,"188,143","210,912","6,979","71,947",0.25,0.91,0.59
0.31,"6,126",540,0.08,"194,269","204,786","7,519","71,407",0.26,0.90,0.58
0.32,"5,786",571,0.09,"200,055","199,000","8,090","70,836",0.26,0.90,0.56
0.33,"5,884",586,0.09,"205,939","193,116","8,676","70,250",0.27,0.89,0.55
0.34,"5,798",617,0.10,"211,737","187,318","9,293","69,633",0.27,0.88,0.54
0.35,"5,726",606,0.10,"217,463","181,592","9,899","69,027",0.28,0.87,0.52
0.36,"5,702",657,0.10,"223,165","175,890","10,556","68,370",0.28,0.87,0.51
0.37,"5,521",702,0.11,"228,686","170,369","11,258","67,668",0.28,0.86,0.50
0.38,"5,659",664,0.11,"234,345","164,710","11,922","67,004",0.29,0.85,0.48
0.39,"5,403",695,0.11,"239,748","159,307","12,617","66,309",0.29,0.84,0.47
0.4,"5,298",742,0.12,"245,046","154,009","13,359","65,567",0.30,0.83,0.46
0.41,"5,259",716,0.12,"250,305","148,750","14,075","64,851",0.30,0.82,0.45
0.42,"5,079",763,0.13,"255,384","143,671","14,838","64,088",0.31,0.81,0.43
0.43,"5,084",764,0.13,"260,468","138,587","15,602","63,324",0.31,0.80,0.42
0.44,"4,997",785,0.14,"265,465","133,590","16,387","62,539",0.32,0.79,0.41
0.45,"5,088",803,0.14,"270,553","128,502","17,190","61,736",0.32,0.78,0.40
0.46,"4,891",844,0.15,"275,444","123,611","18,034","60,892",0.33,0.77,0.39
0.47,"4,834",905,0.16,"280,278","118,777","18,939","59,987",0.34,0.76,0.37
0.48,"4,715",886,0.16,"284,993","114,062","19,825","59,101",0.34,0.75,0.36
0.49,"4,505",907,0.17,"289,498","109,557","20,732","58,194",0.35,0.74,0.35
0.5,"4,500",953,0.17,"293,998","105,057","21,685","57,241",0.35,0.73,0.34
0.51,"4,419",978,0.18,"298,417","100,638","22,663","56,263",0.36,0.71,0.33
0.52,"4,414",980,0.18,"302,831","96,224","23,643","55,283",0.36,0.70,0.32
0.53,"4,201",998,0.19,"307,032","92,023","24,641","54,285",0.37,0.69,0.31
0.54,"4,175","1,020",0.20,"311,207","87,848","25,661","53,265",0.38,0.67,0.30
0.55,"4,076","1,073",0.21,"315,283","83,772","26,734","52,192",0.38,0.66,0.28
0.56,"3,974","1,048",0.21,"319,257","79,798","27,782","51,144",0.39,0.65,0.27
0.57,"3,902","1,145",0.23,"323,159","75,896","28,927","49,999",0.40,0.63,0.26
0.58,"3,758","1,133",0.23,"326,917","72,138","30,060","48,866",0.40,0.62,0.25
0.59,"3,583","1,145",0.24,"330,500","68,555","31,205","47,721",0.41,0.60,0.24
0.6,"3,612","1,144",0.24,"334,112","64,943","32,349","46,577",0.42,0.59,0.23
0.61,"3,392","1,184",0.26,"337,504","61,551","33,533","45,393",0.42,0.58,0.22
0.62,"3,417","1,207",0.26,"340,921","58,134","34,740","44,186",0.43,0.56,0.21
0.63,"3,307","1,213",0.27,"344,228","54,827","35,953","42,973",0.44,0.54,0.20
0.64,"3,257","1,238",0.28,"347,485","51,570","37,191","41,735",0.45,0.53,0.20
0.65,"3,042","1,237",0.29,"350,527","48,528","38,428","40,498",0.45,0.51,0.19
0.66,"3,051","1,259",0.29,"353,578","45,477","39,687","39,239",0.46,0.50,0.18
0.67,"2,983","1,216",0.29,"356,561","42,494","40,903","38,023",0.47,0.48,0.17
0.68,"2,922","1,254",0.30,"359,483","39,572","42,157","36,769",0.48,0.47,0.16
0.69,"2,797","1,246",0.31,"362,280","36,775","43,403","35,523",0.49,0.45,0.15
0.7,"2,618","1,307",0.33,"364,898","34,157","44,710","34,216",0.50,0.43,0.14
0.71,"2,483","1,328",0.35,"367,381","31,674","46,038","32,888",0.51,0.42,0.14
0.72,"2,399","1,313",0.35,"369,780","29,275","47,351","31,575",0.52,0.40,0.13
0.73,"2,413","1,336",0.36,"372,193","26,862","48,687","30,239",0.53,0.38,0.12
0.74,"2,264","1,290",0.36,"374,457","24,598","49,977","28,949",0.54,0.37,0.11
0.75,"2,138","1,338",0.38,"376,595","22,460","51,315","27,611",0.55,0.35,0.10
0.76,"2,046","1,360",0.40,"378,641","20,414","52,675","26,251",0.56,0.33,0.10
0.77,"1,887","1,325",0.41,"380,528","18,527","54,000","24,926",0.57,0.32,0.09
0.78,"1,797","1,279",0.42,"382,325","16,730","55,279","23,647",0.59,0.30,0.08
0.79,"1,698","1,321",0.44,"384,023","15,032","56,600","22,326",0.60,0.28,0.08
0.8,"1,586","1,322",0.45,"385,609","13,446","57,922","21,004",0.61,0.27,0.07
0.81,"1,507","1,305",0.46,"387,116","11,939","59,227","19,699",0.62,0.25,0.07
0.82,"1,406","1,310",0.48,"388,522","10,533","60,537","18,389",0.64,0.23,0.06
0.83,"1,277","1,230",0.49,"389,799","9,256","61,767","17,159",0.65,0.22,0.06
0.84,"1,229","1,331",0.52,"391,028","8,027","63,098","15,828",0.66,0.20,0.05
0.85,"1,054","1,217",0.54,"392,082","6,973","64,315","14,611",0.68,0.19,0.05
0.86,985,"1,150",0.54,"393,067","5,988","65,465","13,461",0.69,0.17,0.04
0.87,859,"1,121",0.57,"393,926","5,129","66,586","12,340",0.71,0.16,0.04
0.88,751,"1,085",0.59,"394,677","4,378","67,671","11,255",0.72,0.14,0.03
0.89,651,990,0.60,"395,328","3,727","68,661","10,265",0.73,0.13,0.03
0.9,589,"1,024",0.63,"395,917","3,138","69,685","9,241",0.75,0.12,0.03
0.91,539,940,0.64,"396,456","2,599","70,625","8,301",0.76,0.11,0.02
0.92,447,953,0.68,"396,903","2,152","71,578","7,348",0.77,0.09,0.02
0.93,400,910,0.69,"397,303","1,752","72,488","6,438",0.79,0.08,0.02
0.94,385,995,0.72,"397,688","1,367","73,483","5,443",0.80,0.07,0.01
0.95,379,"1,122",0.75,"398,067",988,"74,605","4,321",0.81,0.05,0.01
0.96,381,"1,215",0.76,"398,448",607,"75,820","3,106",0.84,0.04,0.01
0.97,280,"1,281",0.82,"398,728",327,"77,101","1,825",0.85,0.02,0.00
0.98,220,"1,135",0.84,"398,948",107,"78,236",690,0.87,0.01,0.00
0.99,102,615,0.86,"399,050",5,"78,851",75,0.94,0.00,0.00
1.0,5,75,0.94,"399,055",0,"78,926",0,nan,0.00,0.00
