p,Neg,Pos,mPrec,TN,FP,FN,TP,Prec,Rec,FP/P,$\hat{p}$
0.0,"6,009",108,0.02,"6,009","594,806",108,"112,643",0.16,1.00,5.275394453264273,0.99
0.05,"13,386",388,0.03,"19,395","581,420",496,"112,255",0.16,1.00,5.156672668091636,0.97
0.1,"22,195",774,0.03,"41,590","559,225","1,270","111,481",0.17,0.99,4.959822972745253,0.94
0.15,"30,294","1,527",0.05,"71,884","528,931","2,797","109,954",0.17,0.98,4.691142428891983,0.90
0.2,"37,276","2,357",0.06,"109,160","491,655","5,154","107,597",0.18,0.95,4.360537822280955,0.84
0.25,"44,257","3,439",0.07,"153,417","447,398","8,593","104,158",0.19,0.92,3.9680180220131085,0.77
0.3,"49,476","4,586",0.08,"202,893","397,922","13,179","99,572",0.20,0.88,3.5292103839433797,0.70
0.35,"52,201","5,632",0.10,"255,094","345,721","18,811","93,940",0.21,0.83,3.066234445814228,0.62
0.4,"52,594","6,661",0.11,"307,688","293,127","25,472","87,279",0.23,0.77,2.5997729510159555,0.53
0.45,"51,273","7,747",0.13,"358,961","241,854","33,219","79,532",0.25,0.71,2.1450275385584163,0.45
0.5,"47,149","8,315",0.15,"406,110","194,705","41,534","71,217",0.27,0.63,1.7268582983742937,0.37
0.55,"42,040","8,728",0.17,"448,150","152,665","50,262","62,489",0.29,0.55,1.3540012948887372,0.30
0.6,"36,687","9,047",0.20,"484,837","115,978","59,309","53,442",0.32,0.47,1.0286205887309203,0.24
0.65,"30,637","8,900",0.23,"515,474","85,341","68,209","44,542",0.34,0.40,0.7568979432554922,0.18
0.7,"24,913","8,233",0.25,"540,387","60,428","76,442","36,309",0.38,0.32,0.5359420315562612,0.14
0.75,"18,795","7,531",0.29,"559,182","41,633","83,973","28,778",0.41,0.26,0.3692472794032869,0.10
0.8,"14,276","6,747",0.32,"573,458","27,357","90,720","22,031",0.45,0.20,0.2426319943947282,0.07
0.85,"10,584","6,273",0.37,"584,042","16,773","96,993","15,758",0.48,0.14,0.14876143005383544,0.05
0.9,"8,028","5,938",0.43,"592,070","8,745","102,931","9,820",0.53,0.09,0.07756028771363446,0.03
0.95,"5,387","5,354",0.50,"597,457","3,358","108,285","4,466",0.57,0.04,0.029782440953960498,0.01
1.0,"3,358","4,466",0.57,"600,815",0,"112,751",0,nan,0.00,0.0,0.00
