p,Neg,Pos,mPrec,TN,FP,FN,TP,Prec,Rec,$\hat{p}$
0.0,0,0,nan,0,"402,719",0,"78,926",0.16,1.00,1.00
0.01,0,0,nan,0,"402,719",0,"78,926",0.16,1.00,1.00
0.02,"2,970",9,0.00,"2,970","399,749",9,"78,917",0.16,1.00,0.99
0.03,"17,018",156,0.01,"19,988","382,731",165,"78,761",0.17,1.00,0.96
0.04,"23,006",402,0.02,"42,994","359,725",567,"78,359",0.18,0.99,0.91
0.05,"23,852",601,0.02,"66,846","335,873","1,168","77,758",0.19,0.99,0.86
0.06,"22,973",699,0.03,"89,819","312,900","1,867","77,059",0.20,0.98,0.81
0.07,"21,416",848,0.04,"111,235","291,484","2,715","76,211",0.21,0.97,0.76
0.08,"19,879","1,002",0.05,"131,114","271,605","3,717","75,209",0.22,0.95,0.72
0.09,"18,642","1,070",0.05,"149,756","252,963","4,787","74,139",0.23,0.94,0.68
0.1,"17,193","1,160",0.06,"166,949","235,770","5,947","72,979",0.24,0.92,0.64
0.11,"15,877","1,201",0.07,"182,826","219,893","7,148","71,778",0.25,0.91,0.61
0.12,"14,682","1,317",0.08,"197,508","205,211","8,465","70,461",0.26,0.89,0.57
0.13,"13,723","1,265",0.08,"211,231","191,488","9,730","69,196",0.27,0.88,0.54
0.14,"12,604","1,366",0.10,"223,835","178,884","11,096","67,830",0.27,0.86,0.51
0.15,"11,983","1,338",0.10,"235,818","166,901","12,434","66,492",0.28,0.84,0.48
0.16,"10,749","1,407",0.12,"246,567","156,152","13,841","65,085",0.29,0.82,0.46
0.17,"10,069","1,408",0.12,"256,636","146,083","15,249","63,677",0.30,0.81,0.44
0.18,"9,327","1,386",0.13,"265,963","136,756","16,635","62,291",0.31,0.79,0.41
0.19,"8,746","1,347",0.13,"274,709","128,010","17,982","60,944",0.32,0.77,0.39
0.2,"8,083","1,420",0.15,"282,792","119,927","19,402","59,524",0.33,0.75,0.37
0.21,"7,386","1,414",0.16,"290,178","112,541","20,816","58,110",0.34,0.74,0.35
0.22,"7,022","1,330",0.16,"297,200","105,519","22,146","56,780",0.35,0.72,0.34
0.23,"6,763","1,415",0.17,"303,963","98,756","23,561","55,365",0.36,0.70,0.32
0.24,"6,204","1,298",0.17,"310,167","92,552","24,859","54,067",0.37,0.69,0.30
0.25,"5,769","1,333",0.19,"315,936","86,783","26,192","52,734",0.38,0.67,0.29
0.26,"5,327","1,325",0.20,"321,263","81,456","27,517","51,409",0.39,0.65,0.28
0.27,"4,967","1,403",0.22,"326,230","76,489","28,920","50,006",0.40,0.63,0.26
0.28,"4,702","1,309",0.22,"330,932","71,787","30,229","48,697",0.40,0.62,0.25
0.29,"4,437","1,226",0.22,"335,369","67,350","31,455","47,471",0.41,0.60,0.24
0.3,"4,180","1,327",0.24,"339,549","63,170","32,782","46,144",0.42,0.58,0.23
0.31,"3,909","1,322",0.25,"343,458","59,261","34,104","44,822",0.43,0.57,0.22
0.32,"3,567","1,258",0.26,"347,025","55,694","35,362","43,564",0.44,0.55,0.21
0.33,"3,465","1,179",0.25,"350,490","52,229","36,541","42,385",0.45,0.54,0.20
0.34,"3,152","1,209",0.28,"353,642","49,077","37,750","41,176",0.46,0.52,0.19
0.35,"3,050","1,174",0.28,"356,692","46,027","38,924","40,002",0.46,0.51,0.18
0.36,"2,770","1,135",0.29,"359,462","43,257","40,059","38,867",0.47,0.49,0.17
0.37,"2,582","1,144",0.31,"362,044","40,675","41,203","37,723",0.48,0.48,0.16
0.38,"2,481","1,125",0.31,"364,525","38,194","42,328","36,598",0.49,0.46,0.16
0.39,"2,366","1,080",0.31,"366,891","35,828","43,408","35,518",0.50,0.45,0.15
0.4,"2,163","1,062",0.33,"369,054","33,665","44,470","34,456",0.51,0.44,0.14
0.41,"2,075","1,013",0.33,"371,129","31,590","45,483","33,443",0.51,0.42,0.14
0.42,"1,924",996,0.34,"373,053","29,666","46,479","32,447",0.52,0.41,0.13
0.43,"1,767",950,0.35,"374,820","27,899","47,429","31,497",0.53,0.40,0.12
0.44,"1,687",913,0.35,"376,507","26,212","48,342","30,584",0.54,0.39,0.12
0.45,"1,543",900,0.37,"378,050","24,669","49,242","29,684",0.55,0.38,0.11
0.46,"1,517",895,0.37,"379,567","23,152","50,137","28,789",0.55,0.36,0.11
0.47,"1,437",810,0.36,"381,004","21,715","50,947","27,979",0.56,0.35,0.10
0.48,"1,253",794,0.39,"382,257","20,462","51,741","27,185",0.57,0.34,0.10
0.49,"1,260",835,0.40,"383,517","19,202","52,576","26,350",0.58,0.33,0.09
0.5,"1,161",815,0.41,"384,678","18,041","53,391","25,535",0.59,0.32,0.09
0.51,"1,090",762,0.41,"385,768","16,951","54,153","24,773",0.59,0.31,0.09
0.52,"1,019",756,0.43,"386,787","15,932","54,909","24,017",0.60,0.30,0.08
0.53,944,747,0.44,"387,731","14,988","55,656","23,270",0.61,0.29,0.08
0.54,936,705,0.43,"388,667","14,052","56,361","22,565",0.62,0.29,0.08
0.55,886,687,0.44,"389,553","13,166","57,048","21,878",0.62,0.28,0.07
0.56,832,713,0.46,"390,385","12,334","57,761","21,165",0.63,0.27,0.07
0.57,751,690,0.48,"391,136","11,583","58,451","20,475",0.64,0.26,0.07
0.58,724,682,0.49,"391,860","10,859","59,133","19,793",0.65,0.25,0.06
0.59,681,646,0.49,"392,541","10,178","59,779","19,147",0.65,0.24,0.06
0.6,654,674,0.51,"393,195","9,524","60,453","18,473",0.66,0.23,0.06
0.61,594,621,0.51,"393,789","8,930","61,074","17,852",0.67,0.23,0.06
0.62,578,610,0.51,"394,367","8,352","61,684","17,242",0.67,0.22,0.05
0.63,545,612,0.53,"394,912","7,807","62,296","16,630",0.68,0.21,0.05
0.64,481,605,0.56,"395,393","7,326","62,901","16,025",0.69,0.20,0.05
0.65,501,567,0.53,"395,894","6,825","63,468","15,458",0.69,0.20,0.05
0.66,495,552,0.53,"396,389","6,330","64,020","14,906",0.70,0.19,0.04
0.67,427,520,0.55,"396,816","5,903","64,540","14,386",0.71,0.18,0.04
0.68,391,553,0.59,"397,207","5,512","65,093","13,833",0.72,0.18,0.04
0.69,381,564,0.60,"397,588","5,131","65,657","13,269",0.72,0.17,0.04
0.7,323,547,0.63,"397,911","4,808","66,204","12,722",0.73,0.16,0.04
0.71,342,466,0.58,"398,253","4,466","66,670","12,256",0.73,0.16,0.03
0.72,331,469,0.59,"398,584","4,135","67,139","11,787",0.74,0.15,0.03
0.73,304,484,0.61,"398,888","3,831","67,623","11,303",0.75,0.14,0.03
0.74,267,510,0.66,"399,155","3,564","68,133","10,793",0.75,0.14,0.03
0.75,250,502,0.67,"399,405","3,314","68,635","10,291",0.76,0.13,0.03
0.76,247,434,0.64,"399,652","3,067","69,069","9,857",0.76,0.12,0.03
0.77,242,455,0.65,"399,894","2,825","69,524","9,402",0.77,0.12,0.03
0.78,225,412,0.65,"400,119","2,600","69,936","8,990",0.78,0.11,0.02
0.79,216,441,0.67,"400,335","2,384","70,377","8,549",0.78,0.11,0.02
0.8,189,447,0.70,"400,524","2,195","70,824","8,102",0.79,0.10,0.02
0.81,162,422,0.72,"400,686","2,033","71,246","7,680",0.79,0.10,0.02
0.82,145,405,0.74,"400,831","1,888","71,651","7,275",0.79,0.09,0.02
0.83,145,416,0.74,"400,976","1,743","72,067","6,859",0.80,0.09,0.02
0.84,147,360,0.71,"401,123","1,596","72,427","6,499",0.80,0.08,0.02
0.85,138,375,0.73,"401,261","1,458","72,802","6,124",0.81,0.08,0.02
0.86,143,352,0.71,"401,404","1,315","73,154","5,772",0.81,0.07,0.01
0.87,121,375,0.76,"401,525","1,194","73,529","5,397",0.82,0.07,0.01
0.88,141,343,0.71,"401,666","1,053","73,872","5,054",0.83,0.06,0.01
0.89,107,370,0.78,"401,773",946,"74,242","4,684",0.83,0.06,0.01
0.9,90,353,0.80,"401,863",856,"74,595","4,331",0.83,0.05,0.01
0.91,86,318,0.79,"401,949",770,"74,913","4,013",0.84,0.05,0.01
0.92,85,357,0.81,"402,034",685,"75,270","3,656",0.84,0.05,0.01
0.93,81,326,0.80,"402,115",604,"75,596","3,330",0.85,0.04,0.01
0.94,81,336,0.81,"402,196",523,"75,932","2,994",0.85,0.04,0.01
0.95,71,299,0.81,"402,267",452,"76,231","2,695",0.86,0.03,0.01
0.96,58,301,0.84,"402,325",394,"76,532","2,394",0.86,0.03,0.01
0.97,67,292,0.81,"402,392",327,"76,824","2,102",0.87,0.03,0.01
0.98,58,288,0.83,"402,450",269,"77,112","1,814",0.87,0.02,0.00
0.99,63,266,0.81,"402,513",206,"77,378","1,548",0.88,0.02,0.00
1.0,206,"1,548",0.88,"402,719",0,"78,926",0,nan,0.00,0.00
