p,Neg,Pos,Neg/Pos,TN,FP,FN,TP,FP/TP,Prec.,Rec.,$\hat{p}$
0.0,0,0,nan,0,"420,570",0,"78,926",5.33,0.16,1.00,1.00
0.05,"7,071",117,60.44,"7,071","413,499",117,"78,809",5.25,0.16,1.00,0.99
0.1,"40,273","1,410",28.56,"47,344","373,226","1,527","77,399",4.82,0.17,0.98,0.90
0.15,"58,654","3,484",16.84,"105,998","314,572","5,011","73,915",4.26,0.19,0.94,0.78
0.2,"64,592","5,817",11.10,"170,590","249,980","10,828","68,098",3.67,0.21,0.86,0.64
0.25,"60,032","7,371",8.14,"230,622","189,948","18,199","60,727",3.13,0.24,0.77,0.50
0.3,"50,724","8,235",6.16,"281,346","139,224","26,434","52,492",2.65,0.27,0.67,0.38
0.35,"40,116","8,417",4.77,"321,462","99,108","34,851","44,075",2.25,0.31,0.56,0.29
0.4,"30,074","7,779",3.87,"351,536","69,034","42,630","36,296",1.90,0.34,0.46,0.21
0.45,"21,706","6,955",3.12,"373,242","47,328","49,585","29,341",1.61,0.38,0.37,0.15
0.5,"15,687","6,163",2.55,"388,929","31,641","55,748","23,178",1.37,0.42,0.29,0.11
0.55,"11,172","5,400",2.07,"400,101","20,469","61,148","17,778",1.15,0.46,0.23,0.08
0.6,"7,467","4,531",1.65,"407,568","13,002","65,679","13,247",0.98,0.50,0.17,0.05
0.65,"5,194","3,882",1.34,"412,762","7,808","69,561","9,365",0.83,0.55,0.12,0.03
0.7,"3,663","3,588",1.02,"416,425","4,145","73,149","5,777",0.72,0.58,0.07,0.02
0.75,"2,353","2,734",0.86,"418,778","1,792","75,883","3,043",0.59,0.63,0.04,0.01
0.8,"1,216","1,815",0.67,"419,994",576,"77,698","1,228",0.47,0.68,0.02,0.00
0.85,457,925,0.49,"420,451",119,"78,623",303,0.39,0.72,0.00,0.00
0.9,109,261,0.42,"420,560",10,"78,884",42,0.24,0.81,0.00,0.00
0.95,10,41,0.24,"420,570",0,"78,925",1,0.00,1.00,0.00,0.00
1.0,0,1,0.00,"420,570",0,"78,926",0,nan,nan,0.00,0.00
