p,Neg,Pos,mPrec,TN,FP,FN,TP,Prec,Rec,$\hat{p}$
0.0,"4,206",13,0.00,"4,206","416,364",13,"78,913",0.16,1.00,0.99
0.01,"20,229",200,0.01,"24,435","396,135",213,"78,713",0.17,1.00,0.95
0.02,"25,274",399,0.02,"49,709","370,861",612,"78,314",0.17,0.99,0.90
0.03,"25,453",621,0.02,"75,162","345,408","1,233","77,693",0.18,0.98,0.85
0.04,"24,074",814,0.03,"99,236","321,334","2,047","76,879",0.19,0.97,0.80
0.05,"22,628",942,0.04,"121,864","298,706","2,989","75,937",0.20,0.96,0.75
0.06,"20,492","1,041",0.05,"142,356","278,214","4,030","74,896",0.21,0.95,0.71
0.07,"19,283","1,230",0.06,"161,639","258,931","5,260","73,666",0.22,0.93,0.67
0.08,"17,649","1,296",0.07,"179,288","241,282","6,556","72,370",0.23,0.92,0.63
0.09,"16,362","1,324",0.07,"195,650","224,920","7,880","71,046",0.24,0.90,0.59
0.1,"15,411","1,399",0.08,"211,061","209,509","9,279","69,647",0.25,0.88,0.56
0.11,"14,102","1,378",0.09,"225,163","195,407","10,657","68,269",0.26,0.86,0.53
0.12,"12,945","1,432",0.10,"238,108","182,462","12,089","66,837",0.27,0.85,0.50
0.13,"12,148","1,454",0.11,"250,256","170,314","13,543","65,383",0.28,0.83,0.47
0.14,"11,214","1,404",0.11,"261,470","159,100","14,947","63,979",0.29,0.81,0.45
0.15,"10,292","1,486",0.13,"271,762","148,808","16,433","62,493",0.30,0.79,0.42
0.16,"9,484","1,452",0.13,"281,246","139,324","17,885","61,041",0.30,0.77,0.40
0.17,"9,011","1,469",0.14,"290,257","130,313","19,354","59,572",0.31,0.75,0.38
0.18,"8,152","1,477",0.15,"298,409","122,161","20,831","58,095",0.32,0.74,0.36
0.19,"7,740","1,472",0.16,"306,149","114,421","22,303","56,623",0.33,0.72,0.34
0.2,"7,233","1,435",0.17,"313,382","107,188","23,738","55,188",0.34,0.70,0.33
0.21,"6,765","1,370",0.17,"320,147","100,423","25,108","53,818",0.35,0.68,0.31
0.22,"6,374","1,385",0.18,"326,521","94,049","26,493","52,433",0.36,0.66,0.29
0.23,"5,844","1,428",0.20,"332,365","88,205","27,921","51,005",0.37,0.65,0.28
0.24,"5,526","1,415",0.20,"337,891","82,679","29,336","49,590",0.37,0.63,0.26
0.25,"5,241","1,394",0.21,"343,132","77,438","30,730","48,196",0.38,0.61,0.25
0.26,"4,887","1,338",0.21,"348,019","72,551","32,068","46,858",0.39,0.59,0.24
0.27,"4,715","1,426",0.23,"352,734","67,836","33,494","45,432",0.40,0.58,0.23
0.28,"4,303","1,273",0.23,"357,037","63,533","34,767","44,159",0.41,0.56,0.22
0.29,"4,011","1,358",0.25,"361,048","59,522","36,125","42,801",0.42,0.54,0.20
0.3,"3,726","1,310",0.26,"364,774","55,796","37,435","41,491",0.43,0.53,0.19
0.31,"3,521","1,258",0.26,"368,295","52,275","38,693","40,233",0.43,0.51,0.19
0.32,"3,303","1,227",0.27,"371,598","48,972","39,920","39,006",0.44,0.49,0.18
0.33,"3,036","1,178",0.28,"374,634","45,936","41,098","37,828",0.45,0.48,0.17
0.34,"2,868","1,169",0.29,"377,502","43,068","42,267","36,659",0.46,0.46,0.16
0.35,"2,606","1,123",0.30,"380,108","40,462","43,390","35,536",0.47,0.45,0.15
0.36,"2,447","1,093",0.31,"382,555","38,015","44,483","34,443",0.48,0.44,0.15
0.37,"2,302","1,064",0.32,"384,857","35,713","45,547","33,379",0.48,0.42,0.14
0.38,"2,101","1,010",0.32,"386,958","33,612","46,557","32,369",0.49,0.41,0.13
0.39,"2,029",986,0.33,"388,987","31,583","47,543","31,383",0.50,0.40,0.13
0.4,"1,881",974,0.34,"390,868","29,702","48,517","30,409",0.51,0.39,0.12
0.41,"1,830","1,047",0.36,"392,698","27,872","49,564","29,362",0.51,0.37,0.11
0.42,"1,719",893,0.34,"394,417","26,153","50,457","28,469",0.52,0.36,0.11
0.43,"1,544",841,0.35,"395,961","24,609","51,298","27,628",0.53,0.35,0.10
0.44,"1,456",849,0.37,"397,417","23,153","52,147","26,779",0.54,0.34,0.10
0.45,"1,428",850,0.37,"398,845","21,725","52,997","25,929",0.54,0.33,0.10
0.46,"1,292",762,0.37,"400,137","20,433","53,759","25,167",0.55,0.32,0.09
0.47,"1,213",800,0.40,"401,350","19,220","54,559","24,367",0.56,0.31,0.09
0.48,"1,171",773,0.40,"402,521","18,049","55,332","23,594",0.57,0.30,0.08
0.49,"1,051",759,0.42,"403,572","16,998","56,091","22,835",0.57,0.29,0.08
0.5,992,742,0.43,"404,564","16,006","56,833","22,093",0.58,0.28,0.08
0.51,989,743,0.43,"405,553","15,017","57,576","21,350",0.59,0.27,0.07
0.52,938,659,0.41,"406,491","14,079","58,235","20,691",0.60,0.26,0.07
0.53,820,672,0.45,"407,311","13,259","58,907","20,019",0.60,0.25,0.07
0.54,747,683,0.48,"408,058","12,512","59,590","19,336",0.61,0.24,0.06
0.55,709,666,0.48,"408,767","11,803","60,256","18,670",0.61,0.24,0.06
0.56,712,619,0.47,"409,479","11,091","60,875","18,051",0.62,0.23,0.06
0.57,703,591,0.46,"410,182","10,388","61,466","17,460",0.63,0.22,0.06
0.58,587,542,0.48,"410,769","9,801","62,008","16,918",0.63,0.21,0.05
0.59,600,593,0.50,"411,369","9,201","62,601","16,325",0.64,0.21,0.05
0.6,586,590,0.50,"411,955","8,615","63,191","15,735",0.65,0.20,0.05
0.61,519,576,0.53,"412,474","8,096","63,767","15,159",0.65,0.19,0.05
0.62,520,540,0.51,"412,994","7,576","64,307","14,619",0.66,0.19,0.04
0.63,447,527,0.54,"413,441","7,129","64,834","14,092",0.66,0.18,0.04
0.64,445,505,0.53,"413,886","6,684","65,339","13,587",0.67,0.17,0.04
0.65,417,505,0.55,"414,303","6,267","65,844","13,082",0.68,0.17,0.04
0.66,367,522,0.59,"414,670","5,900","66,366","12,560",0.68,0.16,0.04
0.67,369,441,0.54,"415,039","5,531","66,807","12,119",0.69,0.15,0.04
0.68,332,444,0.57,"415,371","5,199","67,251","11,675",0.69,0.15,0.03
0.69,347,456,0.57,"415,718","4,852","67,707","11,219",0.70,0.14,0.03
0.7,314,502,0.62,"416,032","4,538","68,209","10,717",0.70,0.14,0.03
0.71,276,399,0.59,"416,308","4,262","68,608","10,318",0.71,0.13,0.03
0.72,278,444,0.61,"416,586","3,984","69,052","9,874",0.71,0.13,0.03
0.73,253,403,0.61,"416,839","3,731","69,455","9,471",0.72,0.12,0.03
0.74,266,417,0.61,"417,105","3,465","69,872","9,054",0.72,0.11,0.03
0.75,228,386,0.63,"417,333","3,237","70,258","8,668",0.73,0.11,0.02
0.76,205,371,0.64,"417,538","3,032","70,629","8,297",0.73,0.11,0.02
0.77,213,353,0.62,"417,751","2,819","70,982","7,944",0.74,0.10,0.02
0.78,205,374,0.65,"417,956","2,614","71,356","7,570",0.74,0.10,0.02
0.79,189,340,0.64,"418,145","2,425","71,696","7,230",0.75,0.09,0.02
0.8,165,356,0.68,"418,310","2,260","72,052","6,874",0.75,0.09,0.02
0.81,164,366,0.69,"418,474","2,096","72,418","6,508",0.76,0.08,0.02
0.82,173,354,0.67,"418,647","1,923","72,772","6,154",0.76,0.08,0.02
0.83,182,345,0.65,"418,829","1,741","73,117","5,809",0.77,0.07,0.02
0.84,134,358,0.73,"418,963","1,607","73,475","5,451",0.77,0.07,0.01
0.85,142,321,0.69,"419,105","1,465","73,796","5,130",0.78,0.06,0.01
0.86,149,331,0.69,"419,254","1,316","74,127","4,799",0.78,0.06,0.01
0.87,115,306,0.73,"419,369","1,201","74,433","4,493",0.79,0.06,0.01
0.88,123,331,0.73,"419,492","1,078","74,764","4,162",0.79,0.05,0.01
0.89,121,344,0.74,"419,613",957,"75,108","3,818",0.80,0.05,0.01
0.9,101,309,0.75,"419,714",856,"75,417","3,509",0.80,0.04,0.01
0.91,100,333,0.77,"419,814",756,"75,750","3,176",0.81,0.04,0.01
0.92,99,329,0.77,"419,913",657,"76,079","2,847",0.81,0.04,0.01
0.93,84,300,0.78,"419,997",573,"76,379","2,547",0.82,0.03,0.01
0.94,83,297,0.78,"420,080",490,"76,676","2,250",0.82,0.03,0.01
0.95,72,284,0.80,"420,152",418,"76,960","1,966",0.82,0.02,0.00
0.96,65,283,0.81,"420,217",353,"77,243","1,683",0.83,0.02,0.00
0.97,63,265,0.81,"420,280",290,"77,508","1,418",0.83,0.02,0.00
0.98,57,214,0.79,"420,337",233,"77,722","1,204",0.84,0.02,0.00
0.99,51,226,0.82,"420,388",182,"77,948",978,0.84,0.01,0.00
1.0,182,978,0.84,"420,570",0,"78,926",0,nan,0.00,0.00
