p,Neg,Pos,mPrec,TN,FP,FN,TP,Prec,Rec,$\hat{p}$
0.0,"1,877",74,0.04,"1,877","178,368",74,"33,751",0.16,1.00,0.99
0.01,"1,824",78,0.04,"3,701","176,544",152,"33,673",0.16,1.00,0.98
0.02,"1,736",87,0.05,"5,437","174,808",239,"33,586",0.16,0.99,0.97
0.03,"2,221",126,0.05,"7,658","172,587",365,"33,460",0.16,0.99,0.96
0.04,"3,796",220,0.05,"11,454","168,791",585,"33,240",0.16,0.98,0.94
0.05,"3,624",200,0.05,"15,078","165,167",785,"33,040",0.17,0.98,0.93
0.06,"2,971",192,0.06,"18,049","162,196",977,"32,848",0.17,0.97,0.91
0.07,"2,866",200,0.07,"20,915","159,330","1,177","32,648",0.17,0.97,0.90
0.08,"3,375",215,0.06,"24,290","155,955","1,392","32,433",0.17,0.96,0.88
0.09,"2,968",215,0.07,"27,258","152,987","1,607","32,218",0.17,0.95,0.87
0.1,"2,469",212,0.08,"29,727","150,518","1,819","32,006",0.18,0.95,0.85
0.11,"3,092",287,0.08,"32,819","147,426","2,106","31,719",0.18,0.94,0.84
0.12,"2,689",250,0.09,"35,508","144,737","2,356","31,469",0.18,0.93,0.82
0.13,"2,888",291,0.09,"38,396","141,849","2,647","31,178",0.18,0.92,0.81
0.14,"2,454",257,0.09,"40,850","139,395","2,904","30,921",0.18,0.91,0.80
0.15,"2,440",220,0.08,"43,290","136,955","3,124","30,701",0.18,0.91,0.78
0.16,"2,884",343,0.11,"46,174","134,071","3,467","30,358",0.18,0.90,0.77
0.17,"3,005",376,0.11,"49,179","131,066","3,843","29,982",0.19,0.89,0.75
0.18,"3,265",367,0.10,"52,444","127,801","4,210","29,615",0.19,0.88,0.74
0.19,"3,817",456,0.11,"56,261","123,984","4,666","29,159",0.19,0.86,0.72
0.2,"4,392",555,0.11,"60,653","119,592","5,221","28,604",0.19,0.85,0.69
0.21,"4,772",622,0.12,"65,425","114,820","5,843","27,982",0.20,0.83,0.67
0.22,"4,223",604,0.13,"69,648","110,597","6,447","27,378",0.20,0.81,0.64
0.23,"4,656",672,0.13,"74,304","105,941","7,119","26,706",0.20,0.79,0.62
0.24,"4,787",714,0.13,"79,091","101,154","7,833","25,992",0.20,0.77,0.59
0.25,"4,416",676,0.13,"83,507","96,738","8,509","25,316",0.21,0.75,0.57
0.26,"4,906",752,0.13,"88,413","91,832","9,261","24,564",0.21,0.73,0.54
0.27,"4,900",746,0.13,"93,313","86,932","10,007","23,818",0.22,0.70,0.52
0.28,"5,089",912,0.15,"98,402","81,843","10,919","22,906",0.22,0.68,0.49
0.29,"3,505",599,0.15,"101,907","78,338","11,518","22,307",0.22,0.66,0.47
0.3,"3,928",702,0.15,"105,835","74,410","12,220","21,605",0.23,0.64,0.45
0.31,"3,287",617,0.16,"109,122","71,123","12,837","20,988",0.23,0.62,0.43
0.32,"3,823",723,0.16,"112,945","67,300","13,560","20,265",0.23,0.60,0.41
0.33,"3,019",595,0.16,"115,964","64,281","14,155","19,670",0.23,0.58,0.39
0.34,"2,850",593,0.17,"118,814","61,431","14,748","19,077",0.24,0.56,0.38
0.35,"2,258",478,0.17,"121,072","59,173","15,226","18,599",0.24,0.55,0.36
0.36,"2,454",488,0.17,"123,526","56,719","15,714","18,111",0.24,0.54,0.35
0.37,"2,320",520,0.18,"125,846","54,399","16,234","17,591",0.24,0.52,0.34
0.38,"2,378",475,0.17,"128,224","52,021","16,709","17,116",0.25,0.51,0.32
0.39,"1,926",373,0.16,"130,150","50,095","17,082","16,743",0.25,0.49,0.31
0.4,"1,816",412,0.18,"131,966","48,279","17,494","16,331",0.25,0.48,0.30
0.41,"1,999",459,0.19,"133,965","46,280","17,953","15,872",0.26,0.47,0.29
0.42,"2,093",507,0.20,"136,058","44,187","18,460","15,365",0.26,0.45,0.28
0.43,"1,610",343,0.18,"137,668","42,577","18,803","15,022",0.26,0.44,0.27
0.44,"1,716",485,0.22,"139,384","40,861","19,288","14,537",0.26,0.43,0.26
0.45,"1,753",486,0.22,"141,137","39,108","19,774","14,051",0.26,0.42,0.25
0.46,"1,463",386,0.21,"142,600","37,645","20,160","13,665",0.27,0.40,0.24
0.47,"1,793",490,0.21,"144,393","35,852","20,650","13,175",0.27,0.39,0.23
0.48,"1,803",495,0.22,"146,196","34,049","21,145","12,680",0.27,0.37,0.22
0.49,"1,404",390,0.22,"147,600","32,645","21,535","12,290",0.27,0.36,0.21
0.5,"1,367",383,0.22,"148,967","31,278","21,918","11,907",0.28,0.35,0.20
0.51,"1,792",507,0.22,"150,759","29,486","22,425","11,400",0.28,0.34,0.19
0.52,"1,183",356,0.23,"151,942","28,303","22,781","11,044",0.28,0.33,0.18
0.53,"1,397",430,0.24,"153,339","26,906","23,211","10,614",0.28,0.31,0.18
0.54,"1,233",405,0.25,"154,572","25,673","23,616","10,209",0.28,0.30,0.17
0.55,"1,379",468,0.25,"155,951","24,294","24,084","9,741",0.29,0.29,0.16
0.56,"1,184",361,0.23,"157,135","23,110","24,445","9,380",0.29,0.28,0.15
0.57,"1,453",452,0.24,"158,588","21,657","24,897","8,928",0.29,0.26,0.14
0.58,"1,191",429,0.26,"159,779","20,466","25,326","8,499",0.29,0.25,0.14
0.59,"1,094",372,0.25,"160,873","19,372","25,698","8,127",0.30,0.24,0.13
0.6,"1,246",420,0.25,"162,119","18,126","26,118","7,707",0.30,0.23,0.12
0.61,"1,246",398,0.24,"163,365","16,880","26,516","7,309",0.30,0.22,0.11
0.62,938,325,0.26,"164,303","15,942","26,841","6,984",0.30,0.21,0.11
0.63,"1,118",385,0.26,"165,421","14,824","27,226","6,599",0.31,0.20,0.10
0.64,957,335,0.26,"166,378","13,867","27,561","6,264",0.31,0.19,0.09
0.65,"1,025",393,0.28,"167,403","12,842","27,954","5,871",0.31,0.17,0.09
0.66,837,335,0.29,"168,240","12,005","28,289","5,536",0.32,0.16,0.08
0.67,902,362,0.29,"169,142","11,103","28,651","5,174",0.32,0.15,0.08
0.68,"1,028",395,0.28,"170,170","10,075","29,046","4,779",0.32,0.14,0.07
0.69,852,337,0.28,"171,022","9,223","29,383","4,442",0.33,0.13,0.06
0.7,654,244,0.27,"171,676","8,569","29,627","4,198",0.33,0.12,0.06
0.71,646,257,0.28,"172,322","7,923","29,884","3,941",0.33,0.12,0.06
0.72,604,243,0.29,"172,926","7,319","30,127","3,698",0.34,0.11,0.05
0.73,634,266,0.30,"173,560","6,685","30,393","3,432",0.34,0.10,0.05
0.74,491,224,0.31,"174,051","6,194","30,617","3,208",0.34,0.09,0.04
0.75,503,231,0.31,"174,554","5,691","30,848","2,977",0.34,0.09,0.04
0.76,404,214,0.35,"174,958","5,287","31,062","2,763",0.34,0.08,0.04
0.77,420,207,0.33,"175,378","4,867","31,269","2,556",0.34,0.08,0.03
0.78,437,181,0.29,"175,815","4,430","31,450","2,375",0.35,0.07,0.03
0.79,314,142,0.31,"176,129","4,116","31,592","2,233",0.35,0.07,0.03
0.8,418,185,0.31,"176,547","3,698","31,777","2,048",0.36,0.06,0.03
0.81,333,174,0.34,"176,880","3,365","31,951","1,874",0.36,0.06,0.02
0.82,293,122,0.29,"177,173","3,072","32,073","1,752",0.36,0.05,0.02
0.83,242,136,0.36,"177,415","2,830","32,209","1,616",0.36,0.05,0.02
0.84,324,166,0.34,"177,739","2,506","32,375","1,450",0.37,0.04,0.02
0.85,276,123,0.31,"178,015","2,230","32,498","1,327",0.37,0.04,0.02
0.86,219,129,0.37,"178,234","2,011","32,627","1,198",0.37,0.04,0.01
0.87,227,113,0.33,"178,461","1,784","32,740","1,085",0.38,0.03,0.01
0.88,123,73,0.37,"178,584","1,661","32,813","1,012",0.38,0.03,0.01
0.89,161,97,0.38,"178,745","1,500","32,910",915,0.38,0.03,0.01
0.9,120,87,0.42,"178,865","1,380","32,997",828,0.38,0.02,0.01
0.91,105,69,0.40,"178,970","1,275","33,066",759,0.37,0.02,0.01
0.92,132,57,0.30,"179,102","1,143","33,123",702,0.38,0.02,0.01
0.93,90,44,0.33,"179,192","1,053","33,167",658,0.38,0.02,0.01
0.94,110,62,0.36,"179,302",943,"33,229",596,0.39,0.02,0.01
0.95,80,53,0.40,"179,382",863,"33,282",543,0.39,0.02,0.01
0.96,90,49,0.35,"179,472",773,"33,331",494,0.39,0.01,0.01
0.97,74,50,0.40,"179,546",699,"33,381",444,0.39,0.01,0.01
0.98,75,36,0.32,"179,621",624,"33,417",408,0.40,0.01,0.00
0.99,75,31,0.29,"179,696",549,"33,448",377,0.41,0.01,0.00
1.0,549,377,0.41,"180,245",0,"33,825",0,nan,0.00,0.00
