p,Neg,Pos,mPrec,TN,FP,FN,TP,Prec,Rec,FP/P,$\hat{p}$
0.0,"6,009",182,0.03,"6,009","594,806",182,"112,569",0.16,1.00,5.275394453264273,0.99
0.05,"75,334","3,744",0.05,"81,343","519,472","3,926","108,825",0.17,0.97,4.607249603107733,0.88
0.1,"101,399","8,179",0.07,"182,742","418,073","12,105","100,646",0.19,0.89,3.70793163696996,0.73
0.15,"103,148","11,981",0.10,"285,890","314,925","24,086","88,665",0.22,0.79,2.793101613289461,0.57
0.2,"90,052","14,010",0.13,"375,942","224,873","38,096","74,655",0.25,0.66,1.9944213355092195,0.42
0.25,"68,085","13,469",0.17,"444,027","156,788","51,565","61,186",0.28,0.54,1.3905685980612146,0.31
0.3,"48,320","11,746",0.20,"492,347","108,468","63,311","49,440",0.31,0.44,0.9620136406772446,0.22
0.35,"32,241","9,490",0.23,"524,588","76,227","72,801","39,950",0.34,0.35,0.6760649572952789,0.16
0.4,"21,886","7,467",0.25,"546,474","54,341","80,268","32,483",0.37,0.29,0.4819558141391207,0.12
0.45,"14,406","5,847",0.29,"560,880","39,935","86,115","26,636",0.40,0.24,0.35418754600846114,0.09
0.5,"9,764","4,535",0.32,"570,644","30,171","90,650","22,101",0.42,0.20,0.26758964443774336,0.07
0.55,"7,006","3,631",0.34,"577,650","23,165","94,281","18,470",0.44,0.16,0.2054527232574434,0.06
0.6,"5,191","3,204",0.38,"582,841","17,974","97,485","15,266",0.46,0.14,0.15941322028186003,0.05
0.65,"4,116","2,678",0.39,"586,957","13,858","100,163","12,588",0.48,0.11,0.12290800081595729,0.04
0.7,"3,344","2,385",0.42,"590,301","10,514","102,548","10,203",0.49,0.09,0.09324972727514612,0.03
0.75,"2,734","2,184",0.44,"593,035","7,780","104,732","8,019",0.51,0.07,0.06900160530727001,0.02
0.8,"2,174","1,996",0.48,"595,209","5,606","106,728","6,023",0.52,0.05,0.049720179865367045,0.02
0.85,"1,832","1,715",0.48,"597,041","3,774","108,443","4,308",0.53,0.04,0.03347198694468342,0.01
0.9,"1,345","1,404",0.51,"598,386","2,429","109,847","2,904",0.54,0.03,0.02154304618140859,0.01
0.95,930,995,0.52,"599,316","1,499","110,842","1,909",0.56,0.02,0.013294782307917447,0.00
1.0,"1,499","1,909",0.56,"600,815",0,"112,751",0,nan,0.00,0.0,0.00
