p,Neg,Pos,mPrec,TN,FP,FN,TP,Prec,Rec,FP/P,$\hat{p}$
0.0,0,0,nan,0,"600,815",0,"112,751",0.16,1.00,5.328688880808152,1.00
0.1,"214,592","15,487",0.07,"214,592","386,223","15,487","97,264",0.20,0.86,3.4254507720552367,0.68
0.2,"267,246","45,095",0.14,"481,838","118,977","60,582","52,169",0.30,0.46,1.0552190224476945,0.24
0.3,"81,169","26,418",0.25,"563,007","37,808","87,000","25,751",0.41,0.23,0.33532296831070235,0.09
0.4,"22,514","12,142",0.35,"585,521","15,294","99,142","13,609",0.47,0.12,0.13564402976470274,0.04
0.5,"9,815","7,723",0.44,"595,336","5,479","106,865","5,886",0.52,0.05,0.04859380404608385,0.02
0.6,"4,341","4,399",0.50,"599,677","1,138","111,264","1,487",0.57,0.01,0.010093036868852604,0.00
0.7,"1,054","1,353",0.56,"600,731",84,"112,617",134,0.61,0.00,0.0007450044788959743,0.00
0.8,84,133,0.61,"600,815",0,"112,750",1,1.00,0.00,0.0,0.00
0.9,0,1,1.00,"600,815",0,"112,751",0,nan,0.00,0.0,0.00
1.0,0,0,nan,"600,815",0,"112,751",0,nan,0.00,0.0,0.00
