p,Neg,Pos,mPrec,TN,FP,FN,TP,Prec,Rec,FP/P,$\hat{p}$
0.0,"15,021",480,0.03,"15,021","585,794",480,"112,271",0.16,1.00,5.195466115599862,0.98
0.01,"3,752",140,0.04,"18,773","582,042",620,"112,131",0.16,0.99,5.162189248875841,0.97
0.02,"4,266",183,0.04,"23,039","577,776",803,"111,948",0.16,0.99,5.124353664269053,0.97
0.03,"4,725",169,0.03,"27,764","573,051",972,"111,779",0.16,0.99,5.082447162331155,0.96
0.04,"4,957",247,0.05,"32,721","568,094","1,219","111,532",0.16,0.99,5.038483028975353,0.95
0.05,"5,288",241,0.04,"38,009","562,806","1,460","111,291",0.17,0.99,4.991583223208663,0.94
0.06,"5,590",275,0.05,"43,599","557,216","1,735","111,016",0.17,0.98,4.942004948958324,0.94
0.07,"5,890",293,0.05,"49,489","551,326","2,028","110,723",0.17,0.98,4.889765944426213,0.93
0.08,"6,114",349,0.05,"55,603","545,212","2,377","110,374",0.17,0.98,4.835540261283714,0.92
0.09,"6,324",337,0.05,"61,927","538,888","2,714","110,037",0.17,0.98,4.779452066943974,0.91
0.1,"6,424",365,0.05,"68,351","532,464","3,079","109,672",0.17,0.97,4.72247696251031,0.90
0.11,"6,583",385,0.06,"74,934","525,881","3,464","109,287",0.17,0.97,4.664091671027308,0.89
0.12,"6,762",443,0.06,"81,696","519,119","3,907","108,844",0.17,0.97,4.604118810476182,0.88
0.13,"6,878",425,0.06,"88,574","512,241","4,332","108,419",0.17,0.96,4.5431171342161045,0.87
0.14,"7,123",506,0.07,"95,697","505,118","4,838","107,913",0.18,0.96,4.479942528225914,0.86
0.15,"7,462",478,0.06,"103,159","497,656","5,316","107,435",0.18,0.95,4.413761297017321,0.85
0.16,"7,762",539,0.06,"110,921","489,894","5,855","106,896",0.18,0.95,4.344919335526957,0.84
0.17,"8,100",616,0.07,"119,021","481,794","6,471","106,280",0.18,0.94,4.273079617919132,0.82
0.18,"7,930",611,0.07,"126,951","473,864","7,082","105,669",0.18,0.94,4.202747647470976,0.81
0.19,"8,212",665,0.07,"135,163","465,652","7,747","105,004",0.18,0.93,4.129914590557955,0.80
0.2,"8,147",739,0.08,"143,310","457,505","8,486","104,265",0.19,0.92,4.057658025205985,0.79
0.21,"8,686",699,0.07,"151,996","448,819","9,185","103,566",0.19,0.92,3.9806210144477654,0.77
0.22,"8,475",717,0.08,"160,471","440,344","9,902","102,849",0.19,0.91,3.905455383987725,0.76
0.23,"8,808",850,0.09,"169,279","431,536","10,752","101,999",0.19,0.90,3.8273363429149185,0.75
0.24,"9,039",832,0.08,"178,318","422,497","11,584","101,167",0.19,0.90,3.7471685395251484,0.73
0.25,"9,272",935,0.09,"187,590","413,225","12,519","100,232",0.20,0.89,3.6649342356165358,0.72
0.26,"9,347",949,0.09,"196,937","403,878","13,468","99,283",0.20,0.88,3.5820347491374798,0.71
0.27,"9,591","1,066",0.10,"206,528","394,287","14,534","98,217",0.20,0.87,3.4969712020292505,0.69
0.28,"9,633","1,038",0.10,"216,161","384,654","15,572","97,179",0.20,0.86,3.4115351526815725,0.68
0.29,"9,757","1,052",0.10,"225,918","374,897","16,624","96,127",0.20,0.85,3.3249993348174294,0.66
0.3,"9,849","1,097",0.10,"235,767","365,048","17,721","95,030",0.21,0.84,3.237647559666877,0.64
0.31,"10,020","1,172",0.10,"245,787","355,028","18,893","93,858",0.21,0.83,3.148779168255714,0.63
0.32,"9,921","1,211",0.11,"255,708","345,107","20,104","92,647",0.21,0.82,3.060788817837536,0.61
0.33,"10,362","1,289",0.11,"266,070","334,745","21,393","91,358",0.21,0.81,2.9688871939051538,0.60
0.34,"10,058","1,318",0.12,"276,128","324,687","22,711","90,040",0.22,0.80,2.8796817766583,0.58
0.35,"10,241","1,338",0.12,"286,369","314,446","24,049","88,702",0.22,0.79,2.788853313939566,0.56
0.36,"10,091","1,385",0.12,"296,460","304,355","25,434","87,317",0.22,0.77,2.6993552163617176,0.55
0.37,"10,283","1,563",0.13,"306,743","294,072","26,997","85,754",0.23,0.76,2.608154251403535,0.53
0.38,"10,289","1,512",0.13,"317,032","283,783","28,509","84,242",0.23,0.75,2.5169000718397174,0.52
0.39,"10,213","1,526",0.13,"327,245","273,570","30,035","82,716",0.23,0.73,2.426319943947282,0.50
0.4,"10,111","1,545",0.13,"337,356","263,459","31,580","81,171",0.24,0.72,2.3366444643506488,0.48
0.41,"10,027","1,676",0.14,"347,383","253,432","33,256","79,495",0.24,0.71,2.2477139892329117,0.47
0.42,"10,013","1,595",0.14,"357,396","243,419","34,851","77,900",0.24,0.69,2.1589076815283237,0.45
0.43,"9,727","1,625",0.14,"367,123","233,692","36,476","76,275",0.25,0.68,2.0726379366923573,0.43
0.44,"9,497","1,643",0.15,"376,620","224,195","38,119","74,632",0.25,0.66,1.9884080850724162,0.42
0.45,"9,353","1,733",0.16,"385,973","214,842","39,852","72,899",0.25,0.65,1.905455383987725,0.40
0.46,"9,162","1,695",0.16,"395,135","205,680","41,547","71,204",0.26,0.63,1.8241966811824286,0.39
0.47,"9,114","1,735",0.16,"404,249","196,566","43,282","69,469",0.26,0.62,1.7433636952222153,0.37
0.48,"8,800","1,808",0.17,"413,049","187,766","45,090","67,661",0.26,0.60,1.6653156069569228,0.36
0.49,"8,892","1,792",0.17,"421,941","178,874","46,882","65,869",0.27,0.58,1.5864515614052204,0.34
0.5,"8,206","1,740",0.17,"430,147","170,668","48,622","64,129",0.27,0.57,1.513671719097835,0.33
0.51,"8,377","1,722",0.17,"438,524","162,291","50,344","62,407",0.28,0.55,1.43937526052984,0.31
0.52,"8,205","1,817",0.18,"446,729","154,086","52,161","60,590",0.28,0.54,1.3666042873233941,0.30
0.53,"7,855","1,796",0.19,"454,584","146,231","53,957","58,794",0.29,0.52,1.2969374994456813,0.29
0.54,"7,574","1,805",0.19,"462,158","138,657","55,762","56,989",0.29,0.51,1.229762928931894,0.27
0.55,"7,283","1,735",0.19,"469,441","131,374","57,497","55,254",0.30,0.49,1.1651692667914253,0.26
0.56,"7,250","1,703",0.19,"476,691","124,124","59,200","53,551",0.30,0.47,1.1008682849819513,0.25
0.57,"6,610","1,706",0.21,"483,301","117,514","60,906","51,845",0.31,0.46,1.0422435277735895,0.24
0.58,"6,515","1,722",0.21,"489,816","110,999","62,628","50,123",0.31,0.44,0.9844613351544554,0.23
0.59,"6,042","1,668",0.22,"495,858","104,957","64,296","48,455",0.32,0.43,0.9308742272795807,0.21
0.6,"5,980","1,659",0.22,"501,838","98,977","65,955","46,796",0.32,0.42,0.8778370036629387,0.20
0.61,"5,682","1,689",0.23,"507,520","93,295","67,644","45,107",0.33,0.40,0.8274427721261896,0.19
0.62,"5,439","1,576",0.22,"512,959","87,856","69,220","43,531",0.33,0.39,0.7792037321176752,0.18
0.63,"5,099","1,585",0.24,"518,058","82,757","70,805","41,946",0.34,0.37,0.7339801864285017,0.17
0.64,"4,941","1,577",0.24,"522,999","77,816","72,382","40,369",0.34,0.36,0.6901579586877278,0.17
0.65,"4,733","1,472",0.24,"527,732","73,083","73,854","38,897",0.35,0.34,0.6481805039423154,0.16
0.66,"4,418","1,486",0.25,"532,150","68,665","75,340","37,411",0.35,0.33,0.6089968159927628,0.15
0.67,"4,424","1,433",0.24,"536,574","64,241","76,773","35,978",0.36,0.32,0.5697599134375748,0.14
0.68,"4,094","1,440",0.26,"540,668","60,147","78,213","34,538",0.36,0.31,0.5334498141923353,0.13
0.69,"3,908","1,399",0.26,"544,576","56,239","79,612","33,139",0.37,0.29,0.49878936772179405,0.13
0.7,"3,684","1,365",0.27,"548,260","52,555","80,977","31,774",0.38,0.28,0.466115599861642,0.12
0.71,"3,327","1,307",0.28,"551,587","49,228","82,284","30,467",0.38,0.27,0.4366081010367979,0.11
0.72,"3,177","1,236",0.28,"554,764","46,051","83,520","29,231",0.39,0.26,0.40843096735283946,0.11
0.73,"2,913","1,263",0.30,"557,677","43,138","84,783","27,968",0.39,0.25,0.38259527631683976,0.10
0.74,"2,784","1,235",0.31,"560,461","40,354","86,018","26,733",0.40,0.24,0.3579036993020018,0.09
0.75,"2,571","1,144",0.31,"563,032","37,783","87,162","25,589",0.40,0.23,0.3351012407872214,0.09
0.76,"2,548","1,119",0.31,"565,580","35,235","88,281","24,470",0.41,0.22,0.3125027715940435,0.08
0.77,"2,281","1,138",0.33,"567,861","32,954","89,419","23,332",0.41,0.21,0.2922723523516421,0.08
0.78,"2,207","1,030",0.32,"570,068","30,747","90,449","22,302",0.42,0.20,0.2726982465787443,0.07
0.79,"2,065","1,074",0.34,"572,133","28,682","91,523","21,228",0.43,0.19,0.2543835531392183,0.07
0.8,"1,894",996,0.34,"574,027","26,788","92,519","20,232",0.43,0.18,0.2375854759603019,0.07
0.81,"1,871",959,0.34,"575,898","24,917","93,478","19,273",0.44,0.17,0.220991388102988,0.06
0.82,"1,777",966,0.35,"577,675","23,140","94,444","18,307",0.44,0.16,0.20523099573396245,0.06
0.83,"1,634",918,0.36,"579,309","21,506","95,362","17,389",0.45,0.15,0.1907388847992479,0.05
0.84,"1,531",996,0.39,"580,840","19,975","96,358","16,393",0.45,0.15,0.17716029126127483,0.05
0.85,"1,555",955,0.38,"582,395","18,420","97,313","15,438",0.46,0.14,0.16336883930076007,0.05
0.86,"1,430",908,0.39,"583,825","16,990","98,221","14,530",0.46,0.13,0.15068602495765004,0.04
0.87,"1,413",896,0.39,"585,238","15,577","99,117","13,634",0.47,0.12,0.13815398533050705,0.04
0.88,"1,368",884,0.39,"586,606","14,209","100,001","12,750",0.47,0.11,0.12602105524562976,0.04
0.89,"1,211",889,0.42,"587,817","12,998","100,890","11,861",0.48,0.11,0.11528057400821279,0.03
0.9,"1,199",883,0.42,"589,016","11,799","101,773","10,978",0.48,0.10,0.10464652198206668,0.03
0.91,"1,211",858,0.41,"590,227","10,588","102,631","10,120",0.49,0.09,0.09390604074464971,0.03
0.92,"1,139",865,0.43,"591,366","9,449","103,496","9,255",0.49,0.08,0.08380413477485787,0.03
0.93,"1,061",890,0.46,"592,427","8,388","104,386","8,365",0.50,0.07,0.07439401867832658,0.02
0.94,962,846,0.47,"593,389","7,426","105,232","7,519",0.50,0.07,0.06586194357477983,0.02
0.95,"1,009",832,0.45,"594,398","6,417","106,064","6,687",0.51,0.06,0.0569130207270889,0.02
0.96,943,874,0.48,"595,341","5,474","106,938","5,813",0.52,0.05,0.04854945854138766,0.02
0.97,852,791,0.48,"596,193","4,622","107,729","5,022",0.52,0.04,0.04099298454115706,0.01
0.98,820,814,0.50,"597,013","3,802","108,543","4,208",0.53,0.04,0.033720321770982074,0.01
0.99,722,738,0.51,"597,735","3,080","109,281","3,470",0.53,0.03,0.027316830892852393,0.01
1.0,"3,080","3,470",0.53,"600,815",0,"112,751",0,nan,0.00,0.0,0.00
