p,Neg,Pos,mPrec,TN,FP,FN,TP,Prec,Rec,FP/P,$\hat{p}$
0.0,"6,009",182,0.03,"6,009","594,806",182,"112,569",0.16,1.00,5.275394453264273,0.99
0.1,"176,733","11,923",0.06,"182,742","418,073","12,105","100,646",0.19,0.89,3.70793163696996,0.73
0.2,"193,200","25,991",0.12,"375,942","224,873","38,096","74,655",0.25,0.66,1.9944213355092195,0.42
0.3,"116,405","25,215",0.18,"492,347","108,468","63,311","49,440",0.31,0.44,0.9620136406772446,0.22
0.4,"54,127","16,957",0.24,"546,474","54,341","80,268","32,483",0.37,0.29,0.4819558141391207,0.12
0.5,"24,170","10,382",0.30,"570,644","30,171","90,650","22,101",0.42,0.20,0.26758964443774336,0.07
0.6,"12,197","6,835",0.36,"582,841","17,974","97,485","15,266",0.46,0.14,0.15941322028186003,0.05
0.7,"7,460","5,063",0.40,"590,301","10,514","102,548","10,203",0.49,0.09,0.09324972727514612,0.03
0.8,"4,908","4,180",0.46,"595,209","5,606","106,728","6,023",0.52,0.05,0.049720179865367045,0.02
0.9,"3,177","3,119",0.50,"598,386","2,429","109,847","2,904",0.54,0.03,0.02154304618140859,0.01
1.0,"2,429","2,904",0.54,"600,815",0,"112,751",0,nan,0.00,0.0,0.00
