p,Neg,Pos,mPrec,TN,FP,FN,TP,Prec,Rec,FP/P,$\hat{p}$
0.0,2,0,0.00,2,"600,813",0,"112,751",0.16,1.00,5.328671142606274,1.00
0.01,115,0,0.00,117,"600,698",0,"112,751",0.16,1.00,5.3276511959982615,1.00
0.02,661,33,0.05,778,"600,037",33,"112,718",0.16,1.00,5.321788720277426,1.00
0.03,"4,344",225,0.05,"5,122","595,693",258,"112,493",0.16,1.00,5.283261345797377,0.99
0.04,"13,683",754,0.05,"18,805","582,010","1,012","111,739",0.16,0.99,5.161905437645786,0.97
0.05,"23,565","1,355",0.05,"42,370","558,445","2,367","110,384",0.17,0.98,4.952905074012647,0.94
0.06,"25,468","1,706",0.06,"67,838","532,977","4,073","108,678",0.17,0.96,4.72702681129214,0.90
0.07,"20,356","1,435",0.07,"88,194","512,621","5,508","107,243",0.17,0.95,4.546487392573015,0.87
0.08,"13,830","1,044",0.07,"102,024","498,791","6,552","106,199",0.18,0.94,4.423827726583356,0.85
0.09,"9,717",808,0.08,"111,741","489,074","7,360","105,391",0.18,0.93,4.337646672756783,0.83
0.1,"7,668",706,0.08,"119,409","481,406","8,066","104,685",0.18,0.93,4.269638406754707,0.82
0.11,"8,179",824,0.09,"127,588","473,227","8,890","103,861",0.18,0.92,4.197098030172682,0.81
0.12,"8,618",932,0.10,"136,206","464,609","9,822","102,929",0.18,0.91,4.12066411827833,0.80
0.13,"10,085","1,133",0.10,"146,291","454,524","10,955","101,796",0.18,0.90,4.031219235306117,0.78
0.14,"11,731","1,369",0.10,"158,022","442,793","12,324","100,427",0.18,0.89,3.9271758121879183,0.76
0.15,"13,461","1,564",0.10,"171,483","429,332","13,888","98,863",0.19,0.88,3.8077888444448384,0.74
0.16,"15,100","1,836",0.11,"186,583","414,232","15,724","97,027",0.19,0.86,3.673865420262348,0.72
0.17,"15,023","1,982",0.12,"201,606","399,209","17,706","95,045",0.19,0.84,3.540624916852179,0.69
0.18,"17,288","2,294",0.12,"218,894","381,921","20,000","92,751",0.20,0.82,3.3872958998146356,0.67
0.19,"19,030","2,629",0.12,"237,924","362,891","22,629","90,122",0.20,0.80,3.2185169089409404,0.63
0.2,"17,556","2,717",0.13,"255,480","345,335","25,346","87,405",0.20,0.78,3.062810972851682,0.61
0.21,"19,005","2,923",0.13,"274,485","326,330","28,269","84,482",0.21,0.75,2.8942537095014678,0.58
0.22,"17,681","2,772",0.14,"292,166","308,649","31,041","81,710",0.21,0.72,2.7374391357948045,0.55
0.23,"17,589","2,942",0.14,"309,755","291,060","33,983","78,768",0.21,0.70,2.581440519374551,0.52
0.24,"17,118","2,837",0.14,"326,873","273,942","36,820","75,931",0.22,0.67,2.4296192494966786,0.49
0.25,"14,099","2,571",0.15,"340,972","259,843","39,391","73,360",0.22,0.65,2.304573795354365,0.47
0.26,"16,599","3,029",0.15,"357,571","243,244","42,420","70,331",0.22,0.62,2.157355588863957,0.44
0.27,"14,208","2,642",0.16,"371,779","229,036","45,062","67,689",0.23,0.60,2.0313434027192665,0.42
0.28,"15,109","2,796",0.16,"386,888","213,927","47,858","64,893",0.23,0.58,1.8973401566283226,0.39
0.29,"13,769","2,743",0.17,"400,657","200,158","50,601","62,150",0.24,0.55,1.7752215057959575,0.37
0.3,"12,334","2,662",0.18,"412,991","187,824","53,263","59,488",0.24,0.53,1.6658300148113985,0.35
0.31,"12,212","2,497",0.17,"425,203","175,612","55,760","56,991",0.25,0.51,1.5575205541414268,0.33
0.32,"9,832","2,197",0.18,"435,035","165,780","57,957","54,794",0.25,0.49,1.4703195537068408,0.31
0.33,"10,224","2,300",0.18,"445,259","155,556","60,257","52,494",0.25,0.47,1.3796418657040737,0.29
0.34,"7,134","1,697",0.19,"452,393","148,422","61,954","50,797",0.25,0.45,1.3163696996035512,0.28
0.35,"7,987","1,945",0.20,"460,380","140,435","63,899","48,852",0.26,0.43,1.245532190401859,0.27
0.36,"6,684","1,584",0.19,"467,064","133,751","65,483","47,268",0.26,0.42,1.1862511197239936,0.25
0.37,"6,711","1,664",0.20,"473,775","127,040","67,147","45,604",0.26,0.40,1.1267305833207688,0.24
0.38,"7,232","2,015",0.22,"481,007","119,808","69,162","43,589",0.27,0.39,1.062589245328201,0.23
0.39,"6,170","1,794",0.23,"487,177","113,638","70,956","41,795",0.27,0.37,1.007866892533104,0.22
0.4,"7,080","1,969",0.22,"494,257","106,558","72,925","39,826",0.27,0.35,0.9450736578833003,0.21
0.41,"7,730","2,200",0.22,"501,987","98,828","75,125","37,626",0.28,0.33,0.8765155076229922,0.19
0.42,"6,794","2,050",0.23,"508,781","92,034","77,175","35,576",0.28,0.32,0.8162588358418107,0.18
0.43,"7,586","2,387",0.24,"516,367","84,448","79,562","33,189",0.28,0.29,0.7489778361167528,0.16
0.44,"6,672","2,131",0.24,"523,039","77,776","81,693","31,058",0.29,0.28,0.6898031946501583,0.15
0.45,"5,937","1,951",0.25,"528,976","71,839","83,644","29,107",0.29,0.26,0.6371473423739036,0.14
0.46,"7,334","2,514",0.26,"536,310","64,505","86,158","26,593",0.29,0.24,0.5721013560855336,0.13
0.47,"5,482","1,943",0.26,"541,792","59,023","88,101","24,650",0.29,0.22,0.5234809447366321,0.12
0.48,"5,187","1,781",0.26,"546,979","53,836","89,882","22,869",0.30,0.20,0.47747691816480564,0.11
0.49,"5,848","2,140",0.27,"552,827","47,988","92,022","20,729",0.30,0.18,0.42561041587214304,0.10
0.5,"4,680","1,776",0.28,"557,507","43,308","93,798","18,953",0.30,0.17,0.3841030234765102,0.09
0.51,"3,608","1,446",0.29,"561,115","39,700","95,244","17,507",0.31,0.16,0.35210330728774025,0.08
0.52,"4,016","1,591",0.28,"565,131","35,684","96,835","15,916",0.31,0.14,0.3164849979157613,0.07
0.53,"3,880","1,542",0.28,"569,011","31,804","98,377","14,374",0.31,0.13,0.28207288627151866,0.06
0.54,"2,681","1,055",0.28,"571,692","29,123","99,432","13,319",0.31,0.12,0.2582948266534221,0.06
0.55,"2,761","1,149",0.29,"574,453","26,362","100,581","12,170",0.32,0.11,0.2338072389601866,0.05
0.56,"2,627","1,080",0.29,"577,080","23,735","101,661","11,090",0.32,0.10,0.21050811079280893,0.05
0.57,"1,975",835,0.30,"579,055","21,760","102,496","10,255",0.32,0.09,0.1929916364378143,0.04
0.58,"1,900",793,0.29,"580,955","19,860","103,289","9,462",0.32,0.08,0.1761403446532625,0.04
0.59,"2,137",900,0.30,"583,092","17,723","104,189","8,562",0.33,0.08,0.15718707594611134,0.04
0.6,"1,824",722,0.28,"584,916","15,899","104,911","7,840",0.33,0.07,0.1410098358329416,0.03
0.61,"1,208",499,0.29,"586,124","14,691","105,410","7,341",0.33,0.07,0.13029596189834236,0.03
0.62,"1,204",558,0.32,"587,328","13,487","105,968","6,783",0.33,0.06,0.11961756436750007,0.03
0.63,"1,378",642,0.32,"588,706","12,109","106,610","6,141",0.34,0.05,0.10739594327323039,0.03
0.64,757,350,0.32,"589,463","11,352","106,960","5,791",0.34,0.05,0.10068203386222739,0.02
0.65,809,406,0.33,"590,272","10,543","107,366","5,385",0.34,0.05,0.09350693120238401,0.02
0.66,"1,079",533,0.33,"591,351","9,464","107,899","4,852",0.34,0.04,0.08393717128894644,0.02
0.67,915,410,0.31,"592,266","8,549","108,309","4,442",0.34,0.04,0.07582194392954386,0.02
0.68,605,317,0.34,"592,871","7,944","108,626","4,125",0.34,0.04,0.070456137861305,0.02
0.69,814,387,0.32,"593,685","7,130","109,013","3,738",0.34,0.03,0.06323668969676544,0.02
0.7,623,301,0.33,"594,308","6,507","109,314","3,437",0.35,0.03,0.057711239811620296,0.01
0.71,502,248,0.33,"594,810","6,005","109,562","3,189",0.35,0.03,0.053258951140122926,0.01
0.72,565,284,0.33,"595,375","5,440","109,846","2,905",0.35,0.03,0.04824790910945358,0.01
0.73,725,348,0.32,"596,100","4,715","110,194","2,557",0.35,0.02,0.04181781092850618,0.01
0.74,708,286,0.29,"596,808","4,007","110,480","2,271",0.36,0.02,0.03553848746352582,0.01
0.75,392,208,0.35,"597,200","3,615","110,688","2,063",0.36,0.02,0.032061799895344606,0.01
0.76,460,226,0.33,"597,660","3,155","110,914","1,837",0.37,0.02,0.027982013463295225,0.01
0.77,593,306,0.34,"598,253","2,562","111,220","1,531",0.37,0.01,0.022722636606327215,0.01
0.78,290,142,0.33,"598,543","2,272","111,362","1,389",0.38,0.01,0.020150597333948257,0.01
0.79,263,130,0.33,"598,806","2,009","111,492","1,259",0.39,0.01,0.01781802378692872,0.00
0.8,444,224,0.34,"599,250","1,565","111,716","1,035",0.40,0.01,0.01388014296990714,0.00
0.81,326,220,0.40,"599,576","1,239","111,936",815,0.40,0.01,0.010988816063715622,0.00
0.82,168,122,0.42,"599,744","1,071","112,058",693,0.39,0.01,0.009498807105923672,0.00
0.83,185,103,0.36,"599,929",886,"112,161",590,0.40,0.01,0.007858023432164681,0.00
0.84,186,110,0.37,"600,115",700,"112,271",480,0.41,0.00,0.006208370657466452,0.00
0.85,205,124,0.38,"600,320",495,"112,395",356,0.42,0.00,0.004390204964922706,0.00
0.86,113,94,0.45,"600,433",382,"112,489",262,0.41,0.00,0.0033879965587888354,0.00
0.87,83,60,0.42,"600,516",299,"112,549",202,0.40,0.00,0.002651861180832099,0.00
0.88,96,60,0.38,"600,612",203,"112,609",142,0.41,0.00,0.0018004274906652713,0.00
0.89,64,51,0.44,"600,676",139,"112,660",91,0.40,0.00,0.0012328050305540528,0.00
0.9,34,25,0.42,"600,710",105,"112,685",66,0.39,0.00,0.0009312555986199679,0.00
0.91,37,25,0.40,"600,747",68,"112,710",41,0.38,0.00,0.0006030988638681696,0.00
0.92,34,20,0.37,"600,781",34,"112,730",21,0.38,0.00,0.0003015494319340848,0.00
0.93,3,4,0.57,"600,784",31,"112,734",17,0.35,0.00,0.0002749421291163715,0.00
0.94,7,2,0.22,"600,791",24,"112,736",15,0.38,0.00,0.00021285842254170696,0.00
0.95,18,6,0.25,"600,809",6,"112,742",9,0.60,0.00,5.321460563542674e-05,0.00
0.96,2,3,0.60,"600,811",4,"112,745",6,0.60,0.00,3.5476403756951156e-05,0.00
0.97,2,2,0.50,"600,813",2,"112,747",4,0.67,0.00,1.7738201878475578e-05,0.00
0.98,2,0,0.00,"600,815",0,"112,747",4,1.00,0.00,0.0,0.00
0.99,0,1,1.00,"600,815",0,"112,748",3,1.00,0.00,0.0,0.00
1.0,0,3,1.00,"600,815",0,"112,751",0,nan,0.00,0.0,0.00
