p,Neg,Pos,mPrec,TN,FP,FN,TP,Prec,Rec,FP/P,$\hat{p}$
0.0,1,0,0.00,1,"600,814",0,"112,751",0.16,1.00,5.328680011707213,1.00
0.01,3,0,0.00,4,"600,811",0,"112,751",0.16,1.00,5.328653404404395,1.00
0.02,7,0,0.00,11,"600,804",0,"112,751",0.16,1.00,5.328591320697821,1.00
0.03,14,2,0.12,25,"600,790",2,"112,749",0.16,1.00,5.328467153284672,1.00
0.04,81,1,0.01,106,"600,709",3,"112,748",0.16,1.00,5.327748756108593,1.00
0.05,157,2,0.01,263,"600,552",5,"112,746",0.16,1.00,5.326356307261133,1.00
0.06,268,6,0.02,531,"600,284",11,"112,740",0.16,1.00,5.323979388209417,1.00
0.07,449,11,0.02,980,"599,835",22,"112,729",0.16,1.00,5.3199971618876996,1.00
0.08,723,19,0.03,"1,703","599,112",41,"112,710",0.16,1.00,5.313584801908631,1.00
0.09,"1,280",29,0.02,"2,983","597,832",70,"112,681",0.16,1.00,5.302232352706406,1.00
0.1,"1,845",66,0.03,"4,828","595,987",136,"112,615",0.16,1.00,5.285868861473513,0.99
0.11,"2,590",90,0.03,"7,418","593,397",226,"112,525",0.16,1.00,5.262897890040887,0.99
0.12,"3,292",96,0.03,"10,710","590,105",322,"112,429",0.16,1.00,5.233700809748916,0.98
0.13,"4,215",155,0.04,"14,925","585,890",477,"112,274",0.16,1.00,5.196317549290028,0.98
0.14,"4,957",189,0.04,"19,882","580,933",666,"112,085",0.16,0.99,5.152353415934226,0.97
0.15,"5,890",247,0.04,"25,772","575,043",913,"111,838",0.16,0.99,5.100114411402116,0.96
0.16,"6,277",282,0.04,"32,049","568,766","1,195","111,556",0.16,0.99,5.04444306480652,0.95
0.17,"6,883",299,0.04,"38,932","561,883","1,494","111,257",0.17,0.99,4.983397043041747,0.94
0.18,"7,451",388,0.05,"46,383","554,432","1,882","110,869",0.17,0.98,4.917313371943486,0.93
0.19,"7,676",400,0.05,"54,059","546,756","2,282","110,469",0.17,0.98,4.849234153133897,0.92
0.2,"8,245",454,0.05,"62,304","538,511","2,736","110,015",0.17,0.98,4.776108415889881,0.91
0.21,"8,265",472,0.05,"70,569","530,246","3,208","109,543",0.17,0.97,4.702805296627081,0.90
0.22,"8,818",534,0.06,"79,387","521,428","3,742","109,009",0.17,0.97,4.6245975645448825,0.88
0.23,"8,842",570,0.06,"88,229","512,586","4,312","108,439",0.17,0.96,4.546176974040142,0.87
0.24,"9,243",656,0.07,"97,472","503,343","4,968","107,783",0.18,0.96,4.4641998740587665,0.86
0.25,"9,853",624,0.06,"107,325","493,490","5,592","107,159",0.18,0.95,4.376812622504457,0.84
0.26,"10,366",774,0.07,"117,691","483,124","6,366","106,385",0.18,0.94,4.284875522168318,0.83
0.27,"10,391",814,0.07,"128,082","472,733","7,180","105,571",0.18,0.94,4.1927166943086975,0.81
0.28,"10,606",876,0.08,"138,688","462,127","8,056","104,695",0.18,0.93,4.098651009747142,0.79
0.29,"11,003",930,0.08,"149,691","451,124","8,986","103,765",0.19,0.92,4.001064292112709,0.78
0.3,"11,006",941,0.08,"160,697","440,118","9,927","102,824",0.19,0.91,3.9034509671754574,0.76
0.31,"11,490","1,096",0.09,"172,187","428,628","11,023","101,728",0.19,0.90,3.801544997383615,0.74
0.32,"11,798","1,129",0.09,"183,985","416,830","12,152","100,599",0.19,0.89,3.696907344502488,0.73
0.33,"12,137","1,233",0.09,"196,122","404,693","13,385","99,366",0.20,0.88,3.5892630664029586,0.71
0.34,"12,513","1,356",0.10,"208,635","392,180","14,741","98,010",0.20,0.87,3.4782840063502762,0.69
0.35,"12,504","1,387",0.10,"221,139","379,676","16,128","96,623",0.20,0.86,3.367384768206047,0.67
0.36,"12,741","1,367",0.10,"233,880","366,935","17,495","95,256",0.21,0.84,3.2543835531392182,0.65
0.37,"12,928","1,525",0.11,"246,808","354,007","19,020","93,731",0.21,0.83,3.139723816196752,0.63
0.38,"13,007","1,589",0.11,"259,815","341,000","20,609","92,142",0.21,0.82,3.0243634202800864,0.61
0.39,"13,302","1,717",0.11,"273,117","327,698","22,326","90,425",0.22,0.80,2.906386639586345,0.59
0.4,"13,192","1,716",0.12,"286,309","314,506","24,042","88,709",0.22,0.79,2.7893854599959202,0.57
0.41,"13,060","1,854",0.12,"299,369","301,446","25,896","86,855",0.22,0.77,2.6735550017294747,0.54
0.42,"13,380","2,002",0.13,"312,749","288,066","27,898","84,853",0.23,0.75,2.554886431162473,0.52
0.43,"13,356","1,948",0.13,"326,105","274,710","29,846","82,905",0.23,0.74,2.4364307190180132,0.50
0.44,"13,140","2,046",0.13,"339,245","261,570","31,892","80,859",0.24,0.72,2.3198907326764284,0.48
0.45,"13,027","2,112",0.14,"352,272","248,543","34,004","78,747",0.24,0.70,2.204352954740978,0.46
0.46,"12,763","2,109",0.14,"365,035","235,780","36,113","76,638",0.25,0.68,2.091156619453486,0.44
0.47,"12,273","2,126",0.15,"377,308","223,507","38,239","74,512",0.25,0.66,1.9823061436262206,0.42
0.48,"12,091","2,192",0.15,"389,399","211,416","40,431","72,320",0.25,0.64,1.8750698441698965,0.40
0.49,"11,820","2,275",0.16,"401,219","199,596","42,706","70,045",0.26,0.62,1.770237071068106,0.38
0.5,"11,517","2,307",0.17,"412,736","188,079","45,013","67,738",0.26,0.60,1.6680916355509041,0.36
0.51,"11,303","2,351",0.17,"424,039","176,776","47,364","65,387",0.27,0.58,1.5678441876346996,0.34
0.52,"10,781","2,190",0.17,"434,820","165,995","49,554","63,197",0.28,0.56,1.4722264104087768,0.32
0.53,"10,677","2,325",0.18,"445,497","155,318","51,879","60,872",0.28,0.54,1.377531019680535,0.30
0.54,"10,274","2,337",0.19,"455,771","145,044","54,216","58,535",0.29,0.52,1.2864098766308059,0.29
0.55,"9,711","2,321",0.19,"465,482","135,333","56,537","56,214",0.29,0.50,1.2002820374098677,0.27
0.56,"9,367","2,228",0.19,"474,849","125,966","58,765","53,986",0.30,0.48,1.1172051689120275,0.25
0.57,"8,698","2,214",0.20,"483,547","117,268","60,979","51,772",0.31,0.46,1.0400617289425371,0.24
0.58,"8,407","2,222",0.21,"491,954","108,861","63,201","49,550",0.31,0.44,0.965499197346365,0.22
0.59,"7,662","2,133",0.22,"499,616","101,199","65,334","47,417",0.32,0.42,0.897544145949925,0.21
0.6,"7,503","2,199",0.23,"507,119","93,696","67,533","45,218",0.33,0.40,0.8309992816028239,0.19
0.61,"7,045","2,060",0.23,"514,164","86,651","69,593","43,158",0.33,0.38,0.7685164654858937,0.18
0.62,"6,522","2,051",0.24,"520,686","80,129","71,644","41,107",0.34,0.36,0.7106721891601848,0.17
0.63,"6,207","1,964",0.24,"526,893","73,922","73,608","39,143",0.35,0.35,0.6556216796303359,0.16
0.64,"5,753","1,878",0.25,"532,646","68,169","75,486","37,265",0.35,0.33,0.6045977419269009,0.15
0.65,"5,650","1,860",0.25,"538,296","62,519","77,346","35,405",0.36,0.31,0.5544873216202073,0.14
0.66,"5,128","1,841",0.26,"543,424","57,391","79,187","33,564",0.37,0.30,0.509006572003796,0.13
0.67,"4,875","1,805",0.27,"548,299","52,516","80,992","31,759",0.38,0.28,0.46576970492501174,0.12
0.68,"4,254","1,695",0.28,"552,553","48,262","82,687","30,064",0.38,0.27,0.4280405495294942,0.11
0.69,"3,981","1,577",0.28,"556,534","44,281","84,264","28,487",0.39,0.25,0.39273265869038854,0.10
0.7,"3,661","1,624",0.31,"560,195","40,620","85,888","26,863",0.40,0.24,0.360262880151839,0.09
0.71,"3,293","1,476",0.31,"563,488","37,327","87,364","25,387",0.40,0.23,0.33105693075892895,0.09
0.72,"3,282","1,479",0.31,"566,770","34,045","88,843","23,908",0.41,0.21,0.30194854147635053,0.08
0.73,"2,854","1,393",0.33,"569,624","31,191","90,236","22,515",0.42,0.20,0.2766361273957659,0.08
0.74,"2,669","1,365",0.34,"572,293","28,522","91,601","21,150",0.43,0.19,0.25296449698894025,0.07
0.75,"2,500","1,301",0.34,"574,793","26,022","92,902","19,849",0.43,0.18,0.23079174464084576,0.06
0.76,"2,317","1,256",0.35,"577,110","23,705","94,158","18,593",0.44,0.16,0.2102420377646318,0.06
0.77,"2,159","1,191",0.36,"579,269","21,546","95,349","17,402",0.45,0.15,0.1910936488368174,0.05
0.78,"2,000","1,270",0.39,"581,269","19,546","96,619","16,132",0.45,0.14,0.17335544695834185,0.05
0.79,"1,940","1,212",0.38,"583,209","17,606","97,831","14,920",0.46,0.13,0.15614939113622053,0.05
0.8,"1,856","1,177",0.39,"585,065","15,750","99,008","13,743",0.47,0.12,0.1396883397929952,0.04
0.81,"1,754","1,154",0.40,"586,819","13,996","100,162","12,589",0.47,0.11,0.1241319367455721,0.04
0.82,"1,559","1,148",0.42,"588,378","12,437","101,310","11,441",0.48,0.10,0.11030500838130039,0.03
0.83,"1,564","1,111",0.42,"589,942","10,873","102,421","10,330",0.49,0.09,0.09643373451233249,0.03
0.84,"1,511","1,124",0.43,"591,453","9,362","103,545","9,206",0.50,0.08,0.08303252299314419,0.03
0.85,"1,322","1,139",0.46,"592,775","8,040","104,684","8,067",0.50,0.07,0.07130757155147183,0.02
0.86,"1,311","1,124",0.46,"594,086","6,729","105,808","6,943",0.51,0.06,0.059680180220131086,0.02
0.87,"1,212","1,093",0.47,"595,298","5,517","106,901","5,850",0.51,0.05,0.048930829881774884,0.02
0.88,"1,112","1,029",0.48,"596,410","4,405","107,930","4,821",0.52,0.04,0.039068389637342466,0.01
0.89,"1,005","1,037",0.51,"597,415","3,400","108,967","3,784",0.53,0.03,0.030154943193408484,0.01
0.9,875,870,0.50,"598,290","2,525","109,837","2,914",0.54,0.03,0.022394479871575418,0.01
0.91,701,725,0.51,"598,991","1,824","110,562","2,189",0.55,0.02,0.01617724011316973,0.01
0.92,602,635,0.51,"599,593","1,222","111,197","1,554",0.56,0.01,0.01083804134774858,0.00
0.93,445,557,0.56,"600,038",777,"111,754",997,0.56,0.01,0.006891291429787763,0.00
0.94,327,410,0.56,"600,365",450,"112,164",587,0.57,0.01,0.003991095422657005,0.00
0.95,247,281,0.53,"600,612",203,"112,445",306,0.60,0.00,0.0018004274906652713,0.00
0.96,106,167,0.61,"600,718",97,"112,612",139,0.59,0.00,0.0008603027911060656,0.00
0.97,53,89,0.63,"600,771",44,"112,701",50,0.53,0.00,0.0003902404413264627,0.00
0.98,38,36,0.49,"600,809",6,"112,737",14,0.70,0.00,5.321460563542674e-05,0.00
0.99,5,13,0.72,"600,814",1,"112,750",1,0.50,0.00,8.869100939237789e-06,0.00
1.0,1,1,0.50,"600,815",0,"112,751",0,nan,0.00,0.0,0.00
