p,Neg,Pos,mPrec,TN,FP,FN,TP,Prec,Rec,FP/P,$\hat{p}$
0.0,0,0,nan,0,"600,815",0,"112,751",0.16,1.00,5.328688880808152,1.00
0.01,0,0,nan,0,"600,815",0,"112,751",0.16,1.00,5.328688880808152,1.00
0.02,0,0,nan,0,"600,815",0,"112,751",0.16,1.00,5.328688880808152,1.00
0.03,0,0,nan,0,"600,815",0,"112,751",0.16,1.00,5.328688880808152,1.00
0.04,7,0,0.00,7,"600,808",0,"112,751",0.16,1.00,5.3286267971015775,1.00
0.05,"1,859",84,0.04,"1,866","598,949",84,"112,667",0.16,1.00,5.312139138455535,1.00
0.06,"29,611","1,688",0.05,"31,477","569,338","1,772","110,979",0.16,0.98,5.049516190543764,0.95
0.07,"52,300","3,382",0.06,"83,777","517,038","5,154","107,597",0.17,0.95,4.585662211421628,0.88
0.08,"27,846","2,198",0.07,"111,623","489,192","7,352","105,399",0.18,0.93,4.338693226667613,0.83
0.09,"17,412","1,693",0.09,"129,035","471,780","9,045","103,706",0.18,0.92,4.184264441113604,0.81
0.1,"21,966","2,422",0.10,"151,001","449,814","11,467","101,284",0.18,0.90,3.989445769882307,0.77
0.11,"29,115","3,467",0.11,"180,116","420,699","14,934","97,817",0.19,0.87,3.731221896036399,0.73
0.12,"36,107","4,722",0.12,"216,223","384,592","19,656","93,095",0.19,0.83,3.4109852684233397,0.67
0.13,"40,411","5,875",0.13,"256,634","344,181","25,531","87,220",0.20,0.77,3.052576030367802,0.60
0.14,"40,946","6,378",0.13,"297,580","303,235","31,909","80,842",0.21,0.72,2.6894218233097713,0.54
0.15,"36,278","6,151",0.14,"333,858","266,957","38,060","74,691",0.22,0.66,2.3676685794361028,0.48
0.16,"33,836","6,189",0.15,"367,694","233,121","44,249","68,502",0.23,0.61,2.0675736800560527,0.42
0.17,"31,798","6,129",0.16,"399,492","201,323","50,378","62,373",0.24,0.55,1.7855540083901695,0.37
0.18,"26,978","5,634",0.17,"426,470","174,345","56,012","56,739",0.25,0.50,1.5462834032514123,0.32
0.19,"21,263","4,830",0.19,"447,733","153,082","60,842","51,909",0.25,0.46,1.3576997099803993,0.29
0.2,"16,643","4,027",0.19,"464,376","136,439","64,869","47,882",0.26,0.42,1.2100912630486647,0.26
0.21,"14,778","3,808",0.20,"479,154","121,661","68,677","44,074",0.27,0.39,1.0790236893686087,0.23
0.22,"14,928","4,192",0.22,"494,082","106,733","72,869","39,882",0.27,0.35,0.946625750547667,0.21
0.23,"15,951","4,700",0.23,"510,033","90,782","77,569","35,182",0.28,0.31,0.805154721465885,0.18
0.24,"15,287","4,865",0.24,"525,320","75,495","82,434","30,317",0.29,0.27,0.669572775407757,0.15
0.25,"14,684","5,034",0.26,"540,004","60,811","87,468","25,283",0.29,0.22,0.5393388972159893,0.12
0.26,"11,808","4,165",0.26,"551,812","49,003","91,633","21,118",0.30,0.19,0.4346125533254694,0.10
0.27,"9,527","3,688",0.28,"561,339","39,476","95,321","17,430",0.31,0.15,0.350116628677351,0.08
0.28,"8,379","3,314",0.28,"569,718","31,097","98,635","14,116",0.31,0.13,0.27580243190747755,0.06
0.29,"6,013","2,506",0.29,"575,731","25,084","101,141","11,610",0.32,0.10,0.2224725279598407,0.05
0.3,"4,615","1,893",0.29,"580,346","20,469","103,034","9,717",0.32,0.09,0.18154162712525831,0.04
0.31,"4,407","1,822",0.29,"584,753","16,062","104,856","7,895",0.33,0.07,0.14245549928603737,0.03
0.32,"2,765","1,203",0.30,"587,518","13,297","106,059","6,692",0.33,0.06,0.11793243518904489,0.03
0.33,"2,195","1,029",0.32,"589,713","11,102","107,088","5,663",0.34,0.05,0.09846475862741794,0.02
0.34,"2,174","1,040",0.32,"591,887","8,928","108,128","4,623",0.34,0.04,0.07918333318551499,0.02
0.35,"1,619",798,0.33,"593,506","7,309","108,926","3,825",0.34,0.03,0.06482425876488901,0.02
0.36,"1,297",632,0.33,"594,803","6,012","109,558","3,193",0.35,0.03,0.05332103484669759,0.01
0.37,"1,426",680,0.32,"596,229","4,586","110,238","2,513",0.35,0.02,0.0406736969073445,0.01
0.38,"1,113",506,0.31,"597,342","3,473","110,744","2,007",0.37,0.02,0.030802387561972844,0.01
0.39,"1,102",580,0.34,"598,444","2,371","111,324","1,427",0.38,0.01,0.0210286383269328,0.01
0.4,706,356,0.34,"599,150","1,665","111,680","1,071",0.39,0.01,0.01476705306383092,0.00
0.41,600,384,0.39,"599,750","1,065","112,064",687,0.39,0.01,0.009445592500288246,0.00
0.42,433,240,0.36,"600,183",632,"112,304",447,0.41,0.00,0.005605271793598283,0.00
0.43,277,201,0.42,"600,460",355,"112,505",246,0.41,0.00,0.0031485308334294154,0.00
0.44,203,141,0.41,"600,663",152,"112,646",105,0.41,0.00,0.001348103342764144,0.00
0.45,83,63,0.43,"600,746",69,"112,709",42,0.38,0.00,0.0006119679648074075,0.00
0.46,39,25,0.39,"600,785",30,"112,734",17,0.36,0.00,0.00026607302817713367,0.00
0.47,25,8,0.24,"600,810",5,"112,742",9,0.64,0.00,4.4345504696188944e-05,0.00
0.48,4,5,0.56,"600,814",1,"112,747",4,0.80,0.00,8.869100939237789e-06,0.00
0.49,1,3,0.75,"600,815",0,"112,750",1,1.00,0.00,0.0,0.00
0.5,0,1,1.00,"600,815",0,"112,751",0,nan,0.00,0.0,0.00
0.51,0,0,nan,"600,815",0,"112,751",0,nan,0.00,0.0,0.00
0.52,0,0,nan,"600,815",0,"112,751",0,nan,0.00,0.0,0.00
0.53,0,0,nan,"600,815",0,"112,751",0,nan,0.00,0.0,0.00
0.54,0,0,nan,"600,815",0,"112,751",0,nan,0.00,0.0,0.00
0.55,0,0,nan,"600,815",0,"112,751",0,nan,0.00,0.0,0.00
0.56,0,0,nan,"600,815",0,"112,751",0,nan,0.00,0.0,0.00
0.57,0,0,nan,"600,815",0,"112,751",0,nan,0.00,0.0,0.00
0.58,0,0,nan,"600,815",0,"112,751",0,nan,0.00,0.0,0.00
0.59,0,0,nan,"600,815",0,"112,751",0,nan,0.00,0.0,0.00
0.6,0,0,nan,"600,815",0,"112,751",0,nan,0.00,0.0,0.00
0.61,0,0,nan,"600,815",0,"112,751",0,nan,0.00,0.0,0.00
0.62,0,0,nan,"600,815",0,"112,751",0,nan,0.00,0.0,0.00
0.63,0,0,nan,"600,815",0,"112,751",0,nan,0.00,0.0,0.00
0.64,0,0,nan,"600,815",0,"112,751",0,nan,0.00,0.0,0.00
0.65,0,0,nan,"600,815",0,"112,751",0,nan,0.00,0.0,0.00
0.66,0,0,nan,"600,815",0,"112,751",0,nan,0.00,0.0,0.00
0.67,0,0,nan,"600,815",0,"112,751",0,nan,0.00,0.0,0.00
0.68,0,0,nan,"600,815",0,"112,751",0,nan,0.00,0.0,0.00
0.69,0,0,nan,"600,815",0,"112,751",0,nan,0.00,0.0,0.00
0.7,0,0,nan,"600,815",0,"112,751",0,nan,0.00,0.0,0.00
0.71,0,0,nan,"600,815",0,"112,751",0,nan,0.00,0.0,0.00
0.72,0,0,nan,"600,815",0,"112,751",0,nan,0.00,0.0,0.00
0.73,0,0,nan,"600,815",0,"112,751",0,nan,0.00,0.0,0.00
0.74,0,0,nan,"600,815",0,"112,751",0,nan,0.00,0.0,0.00
0.75,0,0,nan,"600,815",0,"112,751",0,nan,0.00,0.0,0.00
0.76,0,0,nan,"600,815",0,"112,751",0,nan,0.00,0.0,0.00
0.77,0,0,nan,"600,815",0,"112,751",0,nan,0.00,0.0,0.00
0.78,0,0,nan,"600,815",0,"112,751",0,nan,0.00,0.0,0.00
0.79,0,0,nan,"600,815",0,"112,751",0,nan,0.00,0.0,0.00
0.8,0,0,nan,"600,815",0,"112,751",0,nan,0.00,0.0,0.00
0.81,0,0,nan,"600,815",0,"112,751",0,nan,0.00,0.0,0.00
0.82,0,0,nan,"600,815",0,"112,751",0,nan,0.00,0.0,0.00
0.83,0,0,nan,"600,815",0,"112,751",0,nan,0.00,0.0,0.00
0.84,0,0,nan,"600,815",0,"112,751",0,nan,0.00,0.0,0.00
0.85,0,0,nan,"600,815",0,"112,751",0,nan,0.00,0.0,0.00
0.86,0,0,nan,"600,815",0,"112,751",0,nan,0.00,0.0,0.00
0.87,0,0,nan,"600,815",0,"112,751",0,nan,0.00,0.0,0.00
0.88,0,0,nan,"600,815",0,"112,751",0,nan,0.00,0.0,0.00
0.89,0,0,nan,"600,815",0,"112,751",0,nan,0.00,0.0,0.00
0.9,0,0,nan,"600,815",0,"112,751",0,nan,0.00,0.0,0.00
0.91,0,0,nan,"600,815",0,"112,751",0,nan,0.00,0.0,0.00
0.92,0,0,nan,"600,815",0,"112,751",0,nan,0.00,0.0,0.00
0.93,0,0,nan,"600,815",0,"112,751",0,nan,0.00,0.0,0.00
0.94,0,0,nan,"600,815",0,"112,751",0,nan,0.00,0.0,0.00
0.95,0,0,nan,"600,815",0,"112,751",0,nan,0.00,0.0,0.00
0.96,0,0,nan,"600,815",0,"112,751",0,nan,0.00,0.0,0.00
0.97,0,0,nan,"600,815",0,"112,751",0,nan,0.00,0.0,0.00
0.98,0,0,nan,"600,815",0,"112,751",0,nan,0.00,0.0,0.00
0.99,0,0,nan,"600,815",0,"112,751",0,nan,0.00,0.0,0.00
1.0,0,0,nan,"600,815",0,"112,751",0,nan,0.00,0.0,0.00
