p,Neg,Pos,mPrec,TN,FP,FN,TP,Prec,Rec,FP/P,$\hat{p}$
0.0,"15,021",480,0.03,"15,021","585,794",480,"112,271",0.16,1.00,5.195466115599862,0.98
0.05,"22,988",980,0.04,"38,009","562,806","1,460","111,291",0.17,0.99,4.991583223208663,0.94
0.1,"30,342","1,619",0.05,"68,351","532,464","3,079","109,672",0.17,0.97,4.72247696251031,0.90
0.15,"34,808","2,237",0.06,"103,159","497,656","5,316","107,435",0.18,0.95,4.413761297017321,0.85
0.2,"40,151","3,170",0.07,"143,310","457,505","8,486","104,265",0.19,0.92,4.057658025205985,0.79
0.25,"44,280","4,033",0.08,"187,590","413,225","12,519","100,232",0.20,0.89,3.6649342356165358,0.72
0.3,"48,177","5,202",0.10,"235,767","365,048","17,721","95,030",0.21,0.84,3.237647559666877,0.64
0.35,"50,602","6,328",0.11,"286,369","314,446","24,049","88,702",0.22,0.79,2.788853313939566,0.56
0.4,"50,987","7,531",0.13,"337,356","263,459","31,580","81,171",0.24,0.72,2.3366444643506488,0.48
0.45,"48,617","8,272",0.15,"385,973","214,842","39,852","72,899",0.25,0.65,1.905455383987725,0.40
0.5,"44,174","8,770",0.17,"430,147","170,668","48,622","64,129",0.27,0.57,1.513671719097835,0.33
0.55,"39,294","8,875",0.18,"469,441","131,374","57,497","55,254",0.30,0.49,1.1651692667914253,0.26
0.6,"32,397","8,458",0.21,"501,838","98,977","65,955","46,796",0.32,0.42,0.8778370036629387,0.20
0.65,"25,894","7,899",0.23,"527,732","73,083","73,854","38,897",0.35,0.34,0.6481805039423154,0.16
0.7,"20,528","7,123",0.26,"548,260","52,555","80,977","31,774",0.38,0.28,0.466115599861642,0.12
0.75,"14,772","6,185",0.30,"563,032","37,783","87,162","25,589",0.40,0.23,0.3351012407872214,0.09
0.8,"10,995","5,357",0.33,"574,027","26,788","92,519","20,232",0.43,0.18,0.2375854759603019,0.07
0.85,"8,368","4,794",0.36,"582,395","18,420","97,313","15,438",0.46,0.14,0.16336883930076007,0.05
0.9,"6,621","4,460",0.40,"589,016","11,799","101,773","10,978",0.48,0.10,0.10464652198206668,0.03
0.95,"5,382","4,291",0.44,"594,398","6,417","106,064","6,687",0.51,0.06,0.0569130207270889,0.02
1.0,"6,417","6,687",0.51,"600,815",0,"112,751",0,nan,0.00,0.0,0.00
