p,Neg,Pos,mPrec,TN,FP,FN,TP,Prec,Rec,FP/P,$\hat{p}$
0.0,1,0,0.00,1,"600,814",0,"112,751",0.16,1.00,5.328680011707213,1.00
0.01,21,0,0.00,22,"600,793",0,"112,751",0.16,1.00,5.328493760587489,1.00
0.02,179,3,0.02,201,"600,614",3,"112,748",0.16,1.00,5.326906191519366,1.00
0.03,509,3,0.01,710,"600,105",6,"112,745",0.16,1.00,5.322391819141294,1.00
0.04,"1,020",11,0.01,"1,730","599,085",17,"112,734",0.16,1.00,5.313345336183271,1.00
0.05,"1,842",18,0.01,"3,572","597,243",35,"112,716",0.16,1.00,5.297008452253195,0.99
0.06,"2,573",29,0.01,"6,145","594,670",64,"112,687",0.16,1.00,5.2741882555365365,0.99
0.07,"3,356",39,0.01,"9,501","591,314",103,"112,648",0.16,1.00,5.244423552784454,0.99
0.08,"4,078",58,0.01,"13,579","587,236",161,"112,590",0.16,1.00,5.208255359154243,0.98
0.09,"4,900",92,0.02,"18,479","582,336",253,"112,498",0.16,1.00,5.164796764551977,0.97
0.1,"5,565",110,0.02,"24,044","576,771",363,"112,388",0.16,1.00,5.115440217825119,0.97
0.11,"6,287",126,0.02,"30,331","570,484",489,"112,262",0.16,1.00,5.059680180220131,0.96
0.12,"6,968",161,0.02,"37,299","563,516",650,"112,101",0.17,0.99,4.997880284875523,0.95
0.13,"7,591",187,0.02,"44,890","555,925",837,"111,914",0.17,0.99,4.930554939645768,0.94
0.14,"8,061",220,0.03,"52,951","547,864","1,057","111,694",0.17,0.99,4.859061116974572,0.92
0.15,"8,617",264,0.03,"61,568","539,247","1,321","111,430",0.17,0.99,4.78263607418116,0.91
0.16,"8,951",330,0.04,"70,519","530,296","1,651","111,100",0.17,0.99,4.703248751674042,0.90
0.17,"9,517",331,0.03,"80,036","520,779","1,982","110,769",0.18,0.98,4.618841518035317,0.89
0.18,"9,585",372,0.04,"89,621","511,194","2,354","110,397",0.18,0.98,4.533831185532723,0.87
0.19,"9,804",399,0.04,"99,425","501,390","2,753","109,998",0.18,0.98,4.446878519924435,0.86
0.2,"9,999",419,0.04,"109,424","491,391","3,172","109,579",0.18,0.97,4.3581963796329966,0.84
0.21,"10,479",491,0.04,"119,903","480,912","3,663","109,088",0.18,0.97,4.265257070890724,0.83
0.22,"10,517",531,0.05,"130,420","470,395","4,194","108,557",0.19,0.96,4.17198073631276,0.81
0.23,"10,803",576,0.05,"141,223","459,592","4,770","107,981",0.19,0.96,4.076167838866174,0.80
0.24,"10,963",667,0.06,"152,186","448,629","5,437","107,314",0.19,0.95,3.97893588526931,0.78
0.25,"10,772",660,0.06,"162,958","437,857","6,097","106,654",0.20,0.95,3.883397929951841,0.76
0.26,"11,123",722,0.06,"174,081","426,734","6,819","105,932",0.20,0.94,3.784746920204699,0.75
0.27,"11,223",746,0.06,"185,304","415,511","7,565","105,186",0.20,0.93,3.685209000363633,0.73
0.28,"11,532",839,0.07,"196,836","403,979","8,404","104,347",0.21,0.93,3.582930528332343,0.71
0.29,"11,201",816,0.07,"208,037","392,778","9,220","103,531",0.21,0.92,3.4835877287119406,0.70
0.3,"11,293",894,0.07,"219,330","381,485","10,114","102,637",0.21,0.91,3.3834289718051282,0.68
0.31,"11,259",962,0.08,"230,589","370,226","11,076","101,675",0.22,0.90,3.28357176433025,0.66
0.32,"11,374",969,0.08,"241,963","358,852","12,045","100,706",0.22,0.89,3.1826946102473594,0.64
0.33,"11,257","1,046",0.09,"253,220","347,595","13,091","99,660",0.22,0.88,3.0828551409743596,0.63
0.34,"11,155","1,087",0.09,"264,375","336,440","14,178","98,573",0.23,0.87,2.983920319997162,0.61
0.35,"11,020","1,178",0.10,"275,395","325,420","15,356","97,395",0.23,0.86,2.8861828276467616,0.59
0.36,"10,667","1,179",0.10,"286,062","314,753","16,535","96,216",0.23,0.85,2.791576127927912,0.58
0.37,"10,797","1,232",0.10,"296,859","303,956","17,767","94,984",0.24,0.84,2.6958164450869617,0.56
0.38,"10,679","1,273",0.11,"307,538","293,277","19,040","93,711",0.24,0.83,2.6011033161568413,0.54
0.39,"10,697","1,355",0.11,"318,235","282,580","20,395","92,356",0.25,0.82,2.5062305434098144,0.53
0.4,"10,390","1,424",0.12,"328,625","272,190","21,819","90,932",0.25,0.81,2.414080584651134,0.51
0.41,"10,073","1,380",0.12,"338,698","262,117","23,199","89,552",0.25,0.79,2.3247421308901917,0.49
0.42,"9,942","1,464",0.13,"348,640","252,175","24,663","88,088",0.26,0.78,2.2365655293522897,0.48
0.43,"9,724","1,491",0.13,"358,364","242,451","26,154","86,597",0.26,0.77,2.150322391819141,0.46
0.44,"9,397","1,481",0.14,"367,761","233,054","27,635","85,116",0.27,0.75,2.0669794502931236,0.45
0.45,"9,492","1,522",0.14,"377,253","223,562","29,157","83,594",0.27,0.74,1.9827939441778788,0.43
0.46,"9,180","1,533",0.14,"386,433","214,382","30,690","82,061",0.28,0.73,1.9013755975556759,0.42
0.47,"9,099","1,594",0.15,"395,532","205,283","32,284","80,467",0.28,0.71,1.8206756481095512,0.40
0.48,"9,027","1,576",0.15,"404,559","196,256","33,860","78,891",0.29,0.70,1.7406142739310515,0.39
0.49,"8,854","1,707",0.16,"413,413","187,402","35,567","77,184",0.29,0.68,1.6620872542150402,0.37
0.5,"8,475","1,636",0.16,"421,888","178,927","37,203","75,548",0.30,0.67,1.586921623755,0.36
0.51,"8,278","1,639",0.17,"430,166","170,649","38,842","73,909",0.30,0.66,1.5135032061799896,0.34
0.52,"8,003","1,705",0.18,"438,169","162,646","40,547","72,204",0.31,0.64,1.4425237913632696,0.33
0.53,"7,977","1,792",0.18,"446,146","154,669","42,339","70,412",0.31,0.62,1.3717749731709696,0.32
0.54,"7,639","1,769",0.19,"453,785","147,030","44,108","68,643",0.32,0.61,1.3040239110961322,0.30
0.55,"7,404","1,791",0.19,"461,189","139,626","45,899","66,852",0.32,0.59,1.2383570877420156,0.29
0.56,"7,203","1,834",0.20,"468,392","132,423","47,733","65,018",0.33,0.58,1.1744729536766858,0.28
0.57,"6,952","1,783",0.20,"475,344","125,471","49,516","63,235",0.34,0.56,1.1128149639471048,0.26
0.58,"6,732","1,826",0.21,"482,076","118,739","51,342","61,409",0.34,0.54,1.0531081764241559,0.25
0.59,"6,641","1,877",0.22,"488,717","112,098","53,219","59,532",0.35,0.53,0.9942084770866777,0.24
0.6,"6,269","1,873",0.23,"494,986","105,829","55,092","57,659",0.35,0.51,0.938608083298596,0.23
0.61,"6,034","1,839",0.23,"501,020","99,795","56,931","55,820",0.36,0.50,0.8850919282312352,0.22
0.62,"5,785","1,874",0.24,"506,805","94,010","58,805","53,946",0.36,0.48,0.8337841792977446,0.21
0.63,"5,656","1,880",0.25,"512,461","88,354","60,685","52,066",0.37,0.46,0.7836205443854156,0.20
0.64,"5,468","1,867",0.25,"517,929","82,886","62,552","50,199",0.38,0.45,0.7351243004496634,0.19
0.65,"5,273","1,818",0.26,"523,202","77,613","64,370","48,381",0.38,0.43,0.6883575311970626,0.18
0.66,"5,101","1,840",0.27,"528,303","72,512","66,210","46,541",0.39,0.41,0.6431162473060106,0.17
0.67,"4,896","1,865",0.28,"533,199","67,616","68,075","44,676",0.40,0.40,0.5996931291075024,0.16
0.68,"4,745","1,876",0.28,"537,944","62,871","69,951","42,800",0.41,0.38,0.5576092451508191,0.15
0.69,"4,520","1,916",0.30,"542,464","58,351","71,867","40,884",0.41,0.36,0.5175209089054642,0.14
0.7,"4,229","1,806",0.30,"546,693","54,122","73,673","39,078",0.42,0.35,0.48001348103342767,0.13
0.71,"4,195","1,795",0.30,"550,888","49,927","75,468","37,283",0.43,0.33,0.44280760259332513,0.12
0.72,"3,755","1,847",0.33,"554,643","46,172","77,315","35,436",0.43,0.31,0.4095041285664872,0.11
0.73,"3,633","1,833",0.34,"558,276","42,539","79,148","33,603",0.44,0.30,0.3772826848542363,0.11
0.74,"3,549","1,861",0.34,"561,825","38,990","81,009","31,742",0.45,0.28,0.3458062456208814,0.10
0.75,"3,302","1,754",0.35,"565,127","35,688","82,763","29,988",0.46,0.27,0.31652047431951824,0.09
0.76,"3,096","1,759",0.36,"568,223","32,592","84,522","28,229",0.46,0.25,0.289061737811638,0.09
0.77,"2,955","1,759",0.37,"571,178","29,637","86,281","26,470",0.47,0.23,0.26285354453619036,0.08
0.78,"2,799","1,760",0.39,"573,977","26,838","88,041","24,710",0.48,0.22,0.2380289310072638,0.07
0.79,"2,726","1,741",0.39,"576,703","24,112","89,782","22,969",0.49,0.20,0.21385176184690158,0.07
0.8,"2,507","1,805",0.42,"579,210","21,605","91,587","21,164",0.49,0.19,0.19161692579223244,0.06
0.81,"2,295","1,691",0.42,"581,505","19,310","93,278","19,473",0.50,0.17,0.1712623391366817,0.05
0.82,"2,248","1,629",0.42,"583,753","17,062","94,907","17,844",0.51,0.16,0.15132460022527516,0.05
0.83,"2,066","1,647",0.44,"585,819","14,996","96,554","16,197",0.52,0.14,0.1330010376848099,0.04
0.84,"1,883","1,637",0.47,"587,702","13,113","98,191","14,560",0.53,0.13,0.11630052061622513,0.04
0.85,"1,751","1,515",0.46,"589,453","11,362","99,706","13,045",0.53,0.12,0.10077072487161977,0.03
0.86,"1,635","1,433",0.47,"591,088","9,727","101,139","11,612",0.54,0.10,0.08626974483596597,0.03
0.87,"1,540","1,448",0.48,"592,628","8,187","102,587","10,164",0.55,0.09,0.07261132938953978,0.03
0.88,"1,337","1,315",0.50,"593,965","6,850","103,902","8,849",0.56,0.08,0.060753341433778855,0.02
0.89,"1,261","1,255",0.50,"595,226","5,589","105,157","7,594",0.58,0.07,0.0495694051494,0.02
0.9,"1,061","1,115",0.51,"596,287","4,528","106,272","6,479",0.59,0.06,0.04015928905286871,0.02
0.91,979,"1,100",0.53,"597,266","3,549","107,372","5,379",0.60,0.05,0.031476439233354914,0.01
0.92,847,961,0.53,"598,113","2,702","108,333","4,418",0.62,0.04,0.02396431073782051,0.01
0.93,698,895,0.56,"598,811","2,004","109,228","3,523",0.64,0.03,0.01777367828223253,0.01
0.94,588,801,0.58,"599,399","1,416","110,029","2,722",0.66,0.02,0.01255864692996071,0.01
0.95,448,719,0.62,"599,847",968,"110,748","2,003",0.67,0.02,0.00858528970918218,0.00
0.96,393,640,0.62,"600,240",575,"111,388","1,363",0.70,0.01,0.005099733040061729,0.00
0.97,301,624,0.67,"600,541",274,"112,012",739,0.73,0.01,0.002430133657351154,0.00
0.98,183,439,0.71,"600,724",91,"112,451",300,0.77,0.00,0.0008070881854706388,0.00
0.99,78,252,0.76,"600,802",13,"112,703",48,0.79,0.00,0.00011529831221009127,0.00
1.0,13,48,0.79,"600,815",0,"112,751",0,nan,0.00,0.0,0.00
