p,Neg,Pos,mPrec,TN,FP,FN,TP,Prec,Rec,FP/P,$\hat{p}$
0.0,2,0,0.00,2,"600,813",0,"112,751",0.16,1.00,5.328671142606274,1.00
0.1,"119,407","8,066",0.06,"119,409","481,406","8,066","104,685",0.18,0.93,4.269638406754707,0.82
0.2,"136,071","17,280",0.11,"255,480","345,335","25,346","87,405",0.20,0.78,3.062810972851682,0.61
0.3,"157,511","27,917",0.15,"412,991","187,824","53,263","59,488",0.24,0.53,1.6658300148113985,0.35
0.4,"81,266","19,662",0.19,"494,257","106,558","72,925","39,826",0.27,0.35,0.9450736578833003,0.21
0.5,"63,250","20,873",0.25,"557,507","43,308","93,798","18,953",0.30,0.17,0.3841030234765102,0.09
0.6,"27,409","11,113",0.29,"584,916","15,899","104,911","7,840",0.33,0.07,0.1410098358329416,0.03
0.7,"9,392","4,403",0.32,"594,308","6,507","109,314","3,437",0.35,0.03,0.057711239811620296,0.01
0.8,"4,942","2,402",0.33,"599,250","1,565","111,716","1,035",0.40,0.01,0.01388014296990714,0.00
0.9,"1,460",969,0.40,"600,710",105,"112,685",66,0.39,0.00,0.0009312555986199679,0.00
1.0,105,66,0.39,"600,815",0,"112,751",0,nan,0.00,0.0,0.00
