p,Neg,Pos,mPrec,TN,FP,FN,TP,Prec,Rec,FP/P,$\hat{p}$
0.0,"15,021",480,0.03,"15,021","585,794",480,"112,271",0.16,1.00,5.195466115599862,0.98
0.1,"53,330","2,599",0.05,"68,351","532,464","3,079","109,672",0.17,0.97,4.72247696251031,0.90
0.2,"74,959","5,407",0.07,"143,310","457,505","8,486","104,265",0.19,0.92,4.057658025205985,0.79
0.3,"92,457","9,235",0.09,"235,767","365,048","17,721","95,030",0.21,0.84,3.237647559666877,0.64
0.4,"101,589","13,859",0.12,"337,356","263,459","31,580","81,171",0.24,0.72,2.3366444643506488,0.48
0.5,"92,791","17,042",0.16,"430,147","170,668","48,622","64,129",0.27,0.57,1.513671719097835,0.33
0.6,"71,691","17,333",0.19,"501,838","98,977","65,955","46,796",0.32,0.42,0.8778370036629387,0.20
0.7,"46,422","15,022",0.24,"548,260","52,555","80,977","31,774",0.38,0.28,0.466115599861642,0.12
0.8,"25,767","11,542",0.31,"574,027","26,788","92,519","20,232",0.43,0.18,0.2375854759603019,0.07
0.9,"14,989","9,254",0.38,"589,016","11,799","101,773","10,978",0.48,0.10,0.10464652198206668,0.03
1.0,"11,799","10,978",0.48,"600,815",0,"112,751",0,nan,0.00,0.0,0.00
