p,Neg,Pos,mPrec,TN,FP,FN,TP,Prec,Rec,$\hat{p}$
0.0,0,0,nan,0,"402,719",0,"78,926",0.16,1.00,1.00
0.01,516,5,0.01,516,"402,203",5,"78,921",0.16,1.00,1.00
0.02,"8,048",112,0.01,"8,564","394,155",117,"78,809",0.17,1.00,0.98
0.03,"17,450",389,0.02,"26,014","376,705",506,"78,420",0.17,0.99,0.94
0.04,"23,014",740,0.03,"49,028","353,691","1,246","77,680",0.18,0.98,0.90
0.05,"24,825",997,0.04,"73,853","328,866","2,243","76,683",0.19,0.97,0.84
0.06,"25,268","1,330",0.05,"99,121","303,598","3,573","75,353",0.20,0.95,0.79
0.07,"24,396","1,558",0.06,"123,517","279,202","5,131","73,795",0.21,0.93,0.73
0.08,"23,755","1,782",0.07,"147,272","255,447","6,913","72,013",0.22,0.91,0.68
0.09,"22,011","1,926",0.08,"169,283","233,436","8,839","70,087",0.23,0.89,0.63
0.1,"20,145","2,087",0.09,"189,428","213,291","10,926","68,000",0.24,0.86,0.58
0.11,"18,749","2,261",0.11,"208,177","194,542","13,187","65,739",0.25,0.83,0.54
0.12,"17,082","2,263",0.12,"225,259","177,460","15,450","63,476",0.26,0.80,0.50
0.13,"15,337","2,228",0.13,"240,596","162,123","17,678","61,248",0.27,0.78,0.46
0.14,"14,036","2,311",0.14,"254,632","148,087","19,989","58,937",0.28,0.75,0.43
0.15,"12,782","2,179",0.15,"267,414","135,305","22,168","56,758",0.30,0.72,0.40
0.16,"11,763","2,158",0.16,"279,177","123,542","24,326","54,600",0.31,0.69,0.37
0.17,"10,546","2,219",0.17,"289,723","112,996","26,545","52,381",0.32,0.66,0.34
0.18,"9,452","2,139",0.18,"299,175","103,544","28,684","50,242",0.33,0.64,0.32
0.19,"8,597","2,086",0.20,"307,772","94,947","30,770","48,156",0.34,0.61,0.30
0.2,"7,881","1,966",0.20,"315,653","87,066","32,736","46,190",0.35,0.59,0.28
0.21,"7,174","1,961",0.21,"322,827","79,892","34,697","44,229",0.36,0.56,0.26
0.22,"6,501","1,901",0.23,"329,328","73,391","36,598","42,328",0.37,0.54,0.24
0.23,"5,971","1,778",0.23,"335,299","67,420","38,376","40,550",0.38,0.51,0.22
0.24,"5,383","1,867",0.26,"340,682","62,037","40,243","38,683",0.38,0.49,0.21
0.25,"5,045","1,707",0.25,"345,727","56,992","41,950","36,976",0.39,0.47,0.20
0.26,"4,491","1,589",0.26,"350,218","52,501","43,539","35,387",0.40,0.45,0.18
0.27,"4,042","1,535",0.28,"354,260","48,459","45,074","33,852",0.41,0.43,0.17
0.28,"3,856","1,527",0.28,"358,116","44,603","46,601","32,325",0.42,0.41,0.16
0.29,"3,571","1,503",0.30,"361,687","41,032","48,104","30,822",0.43,0.39,0.15
0.3,"3,083","1,358",0.31,"364,770","37,949","49,462","29,464",0.44,0.37,0.14
0.31,"3,075","1,312",0.30,"367,845","34,874","50,774","28,152",0.45,0.36,0.13
0.32,"2,669","1,297",0.33,"370,514","32,205","52,071","26,855",0.45,0.34,0.12
0.33,"2,444","1,246",0.34,"372,958","29,761","53,317","25,609",0.46,0.32,0.11
0.34,"2,304","1,117",0.33,"375,262","27,457","54,434","24,492",0.47,0.31,0.11
0.35,"2,051","1,184",0.37,"377,313","25,406","55,618","23,308",0.48,0.30,0.10
0.36,"1,974","1,066",0.35,"379,287","23,432","56,684","22,242",0.49,0.28,0.09
0.37,"1,766","1,056",0.37,"381,053","21,666","57,740","21,186",0.49,0.27,0.09
0.38,"1,642",973,0.37,"382,695","20,024","58,713","20,213",0.50,0.26,0.08
0.39,"1,508",966,0.39,"384,203","18,516","59,679","19,247",0.51,0.24,0.08
0.4,"1,392",977,0.41,"385,595","17,124","60,656","18,270",0.52,0.23,0.07
0.41,"1,310",909,0.41,"386,905","15,814","61,565","17,361",0.52,0.22,0.07
0.42,"1,253",915,0.42,"388,158","14,561","62,480","16,446",0.53,0.21,0.06
0.43,"1,091",905,0.45,"389,249","13,470","63,385","15,541",0.54,0.20,0.06
0.44,"1,050",830,0.44,"390,299","12,420","64,215","14,711",0.54,0.19,0.06
0.45,901,841,0.48,"391,200","11,519","65,056","13,870",0.55,0.18,0.05
0.46,965,712,0.42,"392,165","10,554","65,768","13,158",0.55,0.17,0.05
0.47,803,702,0.47,"392,968","9,751","66,470","12,456",0.56,0.16,0.05
0.48,731,712,0.49,"393,699","9,020","67,182","11,744",0.57,0.15,0.04
0.49,765,706,0.48,"394,464","8,255","67,888","11,038",0.57,0.14,0.04
0.5,649,662,0.50,"395,113","7,606","68,550","10,376",0.58,0.13,0.04
0.51,584,581,0.50,"395,697","7,022","69,131","9,795",0.58,0.12,0.03
0.52,582,576,0.50,"396,279","6,440","69,707","9,219",0.59,0.12,0.03
0.53,544,577,0.51,"396,823","5,896","70,284","8,642",0.59,0.11,0.03
0.54,513,511,0.50,"397,336","5,383","70,795","8,131",0.60,0.10,0.03
0.55,452,500,0.53,"397,788","4,931","71,295","7,631",0.61,0.10,0.03
0.56,433,467,0.52,"398,221","4,498","71,762","7,164",0.61,0.09,0.02
0.57,388,457,0.54,"398,609","4,110","72,219","6,707",0.62,0.08,0.02
0.58,350,391,0.53,"398,959","3,760","72,610","6,316",0.63,0.08,0.02
0.59,346,440,0.56,"399,305","3,414","73,050","5,876",0.63,0.07,0.02
0.6,308,397,0.56,"399,613","3,106","73,447","5,479",0.64,0.07,0.02
0.61,288,347,0.55,"399,901","2,818","73,794","5,132",0.65,0.07,0.02
0.62,255,375,0.60,"400,156","2,563","74,169","4,757",0.65,0.06,0.02
0.63,251,326,0.56,"400,407","2,312","74,495","4,431",0.66,0.06,0.01
0.64,248,329,0.57,"400,655","2,064","74,824","4,102",0.67,0.05,0.01
0.65,215,310,0.59,"400,870","1,849","75,134","3,792",0.67,0.05,0.01
0.66,195,277,0.59,"401,065","1,654","75,411","3,515",0.68,0.04,0.01
0.67,186,240,0.56,"401,251","1,468","75,651","3,275",0.69,0.04,0.01
0.68,138,267,0.66,"401,389","1,330","75,918","3,008",0.69,0.04,0.01
0.69,146,239,0.62,"401,535","1,184","76,157","2,769",0.70,0.04,0.01
0.7,125,213,0.63,"401,660","1,059","76,370","2,556",0.71,0.03,0.01
0.71,126,224,0.64,"401,786",933,"76,594","2,332",0.71,0.03,0.01
0.72,98,222,0.69,"401,884",835,"76,816","2,110",0.72,0.03,0.01
0.73,104,171,0.62,"401,988",731,"76,987","1,939",0.73,0.02,0.01
0.74,106,174,0.62,"402,094",625,"77,161","1,765",0.74,0.02,0.00
0.75,89,152,0.63,"402,183",536,"77,313","1,613",0.75,0.02,0.00
0.76,78,158,0.67,"402,261",458,"77,471","1,455",0.76,0.02,0.00
0.77,64,166,0.72,"402,325",394,"77,637","1,289",0.77,0.02,0.00
0.78,54,148,0.73,"402,379",340,"77,785","1,141",0.77,0.01,0.00
0.79,48,142,0.75,"402,427",292,"77,927",999,0.77,0.01,0.00
0.8,62,137,0.69,"402,489",230,"78,064",862,0.79,0.01,0.00
0.81,45,118,0.72,"402,534",185,"78,182",744,0.80,0.01,0.00
0.82,34,112,0.77,"402,568",151,"78,294",632,0.81,0.01,0.00
0.83,38,124,0.77,"402,606",113,"78,418",508,0.82,0.01,0.00
0.84,29,105,0.78,"402,635",84,"78,523",403,0.83,0.01,0.00
0.85,24,78,0.76,"402,659",60,"78,601",325,0.84,0.00,0.00
0.86,19,81,0.81,"402,678",41,"78,682",244,0.86,0.00,0.00
0.87,16,68,0.81,"402,694",25,"78,750",176,0.88,0.00,0.00
0.88,14,44,0.76,"402,708",11,"78,794",132,0.92,0.00,0.00
0.89,6,56,0.90,"402,714",5,"78,850",76,0.94,0.00,0.00
0.9,4,36,0.90,"402,718",1,"78,886",40,0.98,0.00,0.00
0.91,0,20,1.00,"402,718",1,"78,906",20,0.95,0.00,0.00
0.92,0,9,1.00,"402,718",1,"78,915",11,0.92,0.00,0.00
0.93,0,6,1.00,"402,718",1,"78,921",5,0.83,0.00,0.00
0.94,1,5,0.83,"402,719",0,"78,926",0,nan,0.00,0.00
0.95,0,0,nan,"402,719",0,"78,926",0,nan,0.00,0.00
0.96,0,0,nan,"402,719",0,"78,926",0,nan,0.00,0.00
0.97,0,0,nan,"402,719",0,"78,926",0,nan,0.00,0.00
0.98,0,0,nan,"402,719",0,"78,926",0,nan,0.00,0.00
0.99,0,0,nan,"402,719",0,"78,926",0,nan,0.00,0.00
1.0,0,0,nan,"402,719",0,"78,926",0,nan,0.00,0.00
