p,Neg,Pos,mPrec,TN,FP,FN,TP,Prec,Rec,$\hat{p}$
0.0,1,0,0.00,1,"420,569",0,"78,926",0.16,1.00,1.00
0.01,"1,594",16,0.01,"1,595","418,975",16,"78,910",0.16,1.00,1.00
0.02,"9,660",133,0.01,"11,255","409,315",149,"78,777",0.16,1.00,0.98
0.03,"17,428",405,0.02,"28,683","391,887",554,"78,372",0.17,0.99,0.94
0.04,"21,894",708,0.03,"50,577","369,993","1,262","77,664",0.17,0.98,0.90
0.05,"23,860",992,0.04,"74,437","346,133","2,254","76,672",0.18,0.97,0.85
0.06,"24,905","1,189",0.05,"99,342","321,228","3,443","75,483",0.19,0.96,0.79
0.07,"23,929","1,539",0.06,"123,271","297,299","4,982","73,944",0.20,0.94,0.74
0.08,"23,564","1,730",0.07,"146,835","273,735","6,712","72,214",0.21,0.91,0.69
0.09,"22,289","1,886",0.08,"169,124","251,446","8,598","70,328",0.22,0.89,0.64
0.1,"20,838","2,044",0.09,"189,962","230,608","10,642","68,284",0.23,0.87,0.60
0.11,"19,158","2,152",0.10,"209,120","211,450","12,794","66,132",0.24,0.84,0.56
0.12,"17,704","2,297",0.11,"226,824","193,746","15,091","63,835",0.25,0.81,0.52
0.13,"16,170","2,217",0.12,"242,994","177,576","17,308","61,618",0.26,0.78,0.48
0.14,"14,708","2,301",0.14,"257,702","162,868","19,609","59,317",0.27,0.75,0.44
0.15,"13,439","2,196",0.14,"271,141","149,429","21,805","57,121",0.28,0.72,0.41
0.16,"12,457","2,164",0.15,"283,598","136,972","23,969","54,957",0.29,0.70,0.38
0.17,"11,381","2,082",0.15,"294,979","125,591","26,051","52,875",0.30,0.67,0.36
0.18,"10,330","2,167",0.17,"305,309","115,261","28,218","50,708",0.31,0.64,0.33
0.19,"9,294","2,137",0.19,"314,603","105,967","30,355","48,571",0.31,0.62,0.31
0.2,"8,471","1,964",0.19,"323,074","97,496","32,319","46,607",0.32,0.59,0.29
0.21,"7,759","1,971",0.20,"330,833","89,737","34,290","44,636",0.33,0.57,0.27
0.22,"7,233","1,882",0.21,"338,066","82,504","36,172","42,754",0.34,0.54,0.25
0.23,"6,482","1,808",0.22,"344,548","76,022","37,980","40,946",0.35,0.52,0.23
0.24,"5,940","1,772",0.23,"350,488","70,082","39,752","39,174",0.36,0.50,0.22
0.25,"5,486","1,732",0.24,"355,974","64,596","41,484","37,442",0.37,0.47,0.20
0.26,"5,007","1,637",0.25,"360,981","59,589","43,121","35,805",0.38,0.45,0.19
0.27,"4,588","1,519",0.25,"365,569","55,001","44,640","34,286",0.38,0.43,0.18
0.28,"4,194","1,520",0.27,"369,763","50,807","46,160","32,766",0.39,0.42,0.17
0.29,"3,825","1,419",0.27,"373,588","46,982","47,579","31,347",0.40,0.40,0.16
0.3,"3,677","1,418",0.28,"377,265","43,305","48,997","29,929",0.41,0.38,0.15
0.31,"3,268","1,395",0.30,"380,533","40,037","50,392","28,534",0.42,0.36,0.14
0.32,"3,088","1,259",0.29,"383,621","36,949","51,651","27,275",0.42,0.35,0.13
0.33,"2,789","1,194",0.30,"386,410","34,160","52,845","26,081",0.43,0.33,0.12
0.34,"2,540","1,256",0.33,"388,950","31,620","54,101","24,825",0.44,0.31,0.11
0.35,"2,340","1,138",0.33,"391,290","29,280","55,239","23,687",0.45,0.30,0.11
0.36,"2,182","1,111",0.34,"393,472","27,098","56,350","22,576",0.45,0.29,0.10
0.37,"1,963","1,047",0.35,"395,435","25,135","57,397","21,529",0.46,0.27,0.09
0.38,"1,867",984,0.35,"397,302","23,268","58,381","20,545",0.47,0.26,0.09
0.39,"1,681",964,0.36,"398,983","21,587","59,345","19,581",0.48,0.25,0.08
0.4,"1,594",999,0.39,"400,577","19,993","60,344","18,582",0.48,0.24,0.08
0.41,"1,431",956,0.40,"402,008","18,562","61,300","17,626",0.49,0.22,0.07
0.42,"1,399",851,0.38,"403,407","17,163","62,151","16,775",0.49,0.21,0.07
0.43,"1,264",874,0.41,"404,671","15,899","63,025","15,901",0.50,0.20,0.06
0.44,"1,211",869,0.42,"405,882","14,688","63,894","15,032",0.51,0.19,0.06
0.45,"1,085",810,0.43,"406,967","13,603","64,704","14,222",0.51,0.18,0.06
0.46,997,753,0.43,"407,964","12,606","65,457","13,469",0.52,0.17,0.05
0.47,936,746,0.44,"408,900","11,670","66,203","12,723",0.52,0.16,0.05
0.48,889,648,0.42,"409,789","10,781","66,851","12,075",0.53,0.15,0.05
0.49,839,695,0.45,"410,628","9,942","67,546","11,380",0.53,0.14,0.04
0.5,741,636,0.46,"411,369","9,201","68,182","10,744",0.54,0.14,0.04
0.51,687,610,0.47,"412,056","8,514","68,792","10,134",0.54,0.13,0.04
0.52,645,571,0.47,"412,701","7,869","69,363","9,563",0.55,0.12,0.03
0.53,660,561,0.46,"413,361","7,209","69,924","9,002",0.56,0.11,0.03
0.54,514,499,0.49,"413,875","6,695","70,423","8,503",0.56,0.11,0.03
0.55,537,523,0.49,"414,412","6,158","70,946","7,980",0.56,0.10,0.03
0.56,511,487,0.49,"414,923","5,647","71,433","7,493",0.57,0.09,0.03
0.57,452,461,0.50,"415,375","5,195","71,894","7,032",0.58,0.09,0.02
0.58,425,406,0.49,"415,800","4,770","72,300","6,626",0.58,0.08,0.02
0.59,405,428,0.51,"416,205","4,365","72,728","6,198",0.59,0.08,0.02
0.6,346,415,0.55,"416,551","4,019","73,143","5,783",0.59,0.07,0.02
0.61,325,351,0.52,"416,876","3,694","73,494","5,432",0.60,0.07,0.02
0.62,315,351,0.53,"417,191","3,379","73,845","5,081",0.60,0.06,0.02
0.63,279,348,0.56,"417,470","3,100","74,193","4,733",0.60,0.06,0.02
0.64,268,299,0.53,"417,738","2,832","74,492","4,434",0.61,0.06,0.01
0.65,255,266,0.51,"417,993","2,577","74,758","4,168",0.62,0.05,0.01
0.66,210,333,0.61,"418,203","2,367","75,091","3,835",0.62,0.05,0.01
0.67,233,280,0.55,"418,436","2,134","75,371","3,555",0.62,0.05,0.01
0.68,211,220,0.51,"418,647","1,923","75,591","3,335",0.63,0.04,0.01
0.69,173,233,0.57,"418,820","1,750","75,824","3,102",0.64,0.04,0.01
0.7,182,245,0.57,"419,002","1,568","76,069","2,857",0.65,0.04,0.01
0.71,152,180,0.54,"419,154","1,416","76,249","2,677",0.65,0.03,0.01
0.72,127,207,0.62,"419,281","1,289","76,456","2,470",0.66,0.03,0.01
0.73,119,189,0.61,"419,400","1,170","76,645","2,281",0.66,0.03,0.01
0.74,123,163,0.57,"419,523","1,047","76,808","2,118",0.67,0.03,0.01
0.75,105,177,0.63,"419,628",942,"76,985","1,941",0.67,0.02,0.01
0.76,120,155,0.56,"419,748",822,"77,140","1,786",0.68,0.02,0.01
0.77,76,130,0.63,"419,824",746,"77,270","1,656",0.69,0.02,0.00
0.78,83,136,0.62,"419,907",663,"77,406","1,520",0.70,0.02,0.00
0.79,79,135,0.63,"419,986",584,"77,541","1,385",0.70,0.02,0.00
0.8,80,140,0.64,"420,066",504,"77,681","1,245",0.71,0.02,0.00
0.81,63,140,0.69,"420,129",441,"77,821","1,105",0.71,0.01,0.00
0.82,69,102,0.60,"420,198",372,"77,923","1,003",0.73,0.01,0.00
0.83,61,114,0.65,"420,259",311,"78,037",889,0.74,0.01,0.00
0.84,36,124,0.78,"420,295",275,"78,161",765,0.74,0.01,0.00
0.85,61,93,0.60,"420,356",214,"78,254",672,0.76,0.01,0.00
0.86,42,109,0.72,"420,398",172,"78,363",563,0.77,0.01,0.00
0.87,24,95,0.80,"420,422",148,"78,458",468,0.76,0.01,0.00
0.88,26,82,0.76,"420,448",122,"78,540",386,0.76,0.00,0.00
0.89,24,63,0.72,"420,472",98,"78,603",323,0.77,0.00,0.00
0.9,27,65,0.71,"420,499",71,"78,668",258,0.78,0.00,0.00
0.91,24,55,0.70,"420,523",47,"78,723",203,0.81,0.00,0.00
0.92,13,51,0.80,"420,536",34,"78,774",152,0.82,0.00,0.00
0.93,14,41,0.75,"420,550",20,"78,815",111,0.85,0.00,0.00
0.94,7,38,0.84,"420,557",13,"78,853",73,0.85,0.00,0.00
0.95,4,30,0.88,"420,561",9,"78,883",43,0.83,0.00,0.00
0.96,5,17,0.77,"420,566",4,"78,900",26,0.87,0.00,0.00
0.97,0,9,1.00,"420,566",4,"78,909",17,0.81,0.00,0.00
0.98,2,10,0.83,"420,568",2,"78,919",7,0.78,0.00,0.00
0.99,1,5,0.83,"420,569",1,"78,924",2,0.67,0.00,0.00
1.0,1,2,0.67,"420,570",0,"78,926",0,nan,0.00,0.00
