p,Neg,Pos,Neg/Pos,TN,FP,FN,TP,FP/TP,Prec.,Rec.,$\hat{p}$
0.0,0,0,nan,0,"420,570",0,"78,926",5.33,0.16,1.00,1.00
0.01,0,0,nan,0,"420,570",0,"78,926",5.33,0.16,1.00,1.00
0.02,129,2,64.50,129,"420,441",2,"78,924",5.33,0.16,1.00,1.00
0.03,"2,048",52,39.38,"2,177","418,393",54,"78,872",5.30,0.16,1.00,1.00
0.04,"9,466",339,27.92,"11,643","408,927",393,"78,533",5.21,0.16,1.00,0.98
0.05,"18,019",810,22.25,"29,662","390,908","1,203","77,723",5.03,0.17,0.98,0.94
0.06,"22,007","1,217",18.08,"51,669","368,901","2,420","76,506",4.82,0.17,0.97,0.89
0.07,"23,747","1,521",15.61,"75,416","345,154","3,941","74,985",4.60,0.18,0.95,0.84
0.08,"24,896","2,019",12.33,"100,312","320,258","5,960","72,966",4.39,0.19,0.92,0.79
0.09,"25,121","2,237",11.23,"125,433","295,137","8,197","70,729",4.17,0.19,0.90,0.73
0.1,"25,641","2,701",9.49,"151,074","269,496","10,898","68,028",3.96,0.20,0.86,0.68
0.11,"24,973","2,820",8.86,"176,047","244,523","13,718","65,208",3.75,0.21,0.83,0.62
0.12,"24,475","3,156",7.76,"200,522","220,048","16,874","62,052",3.55,0.22,0.79,0.56
0.13,"23,402","3,347",6.99,"223,924","196,646","20,221","58,705",3.35,0.23,0.74,0.51
0.14,"21,762","3,417",6.37,"245,686","174,884","23,638","55,288",3.16,0.24,0.70,0.46
0.15,"19,703","3,393",5.81,"265,389","155,181","27,031","51,895",2.99,0.25,0.66,0.41
0.16,"17,604","3,255",5.41,"282,993","137,577","30,286","48,640",2.83,0.26,0.62,0.37
0.17,"16,114","3,186",5.06,"299,107","121,463","33,472","45,454",2.67,0.27,0.58,0.33
0.18,"14,421","3,160",4.56,"313,528","107,042","36,632","42,294",2.53,0.28,0.54,0.30
0.19,"12,727","2,968",4.29,"326,255","94,315","39,600","39,326",2.40,0.29,0.50,0.27
0.2,"11,084","2,797",3.96,"337,339","83,231","42,397","36,529",2.28,0.31,0.46,0.24
0.21,"9,777","2,479",3.94,"347,116","73,454","44,876","34,050",2.16,0.32,0.43,0.22
0.22,"8,400","2,447",3.43,"355,516","65,054","47,323","31,603",2.06,0.33,0.40,0.19
0.23,"7,442","2,200",3.38,"362,958","57,612","49,523","29,403",1.96,0.34,0.37,0.17
0.24,"6,290","2,000",3.15,"369,248","51,322","51,523","27,403",1.87,0.35,0.35,0.16
0.25,"5,719","1,852",3.09,"374,967","45,603","53,375","25,551",1.78,0.36,0.32,0.14
0.26,"5,031","1,763",2.85,"379,998","40,572","55,138","23,788",1.71,0.37,0.30,0.13
0.27,"4,324","1,634",2.65,"384,322","36,248","56,772","22,154",1.64,0.38,0.28,0.12
0.28,"3,772","1,395",2.70,"388,094","32,476","58,167","20,759",1.56,0.39,0.26,0.11
0.29,"3,082","1,326",2.32,"391,176","29,394","59,493","19,433",1.51,0.40,0.25,0.10
0.3,"2,805","1,257",2.23,"393,981","26,589","60,750","18,176",1.46,0.41,0.23,0.09
0.31,"2,514","1,078",2.33,"396,495","24,075","61,828","17,098",1.41,0.42,0.22,0.08
0.32,"2,114","1,091",1.94,"398,609","21,961","62,919","16,007",1.37,0.42,0.20,0.08
0.33,"1,997",978,2.04,"400,606","19,964","63,897","15,029",1.33,0.43,0.19,0.07
0.34,"1,787",905,1.97,"402,393","18,177","64,802","14,124",1.29,0.44,0.18,0.06
0.35,"1,551",865,1.79,"403,944","16,626","65,667","13,259",1.25,0.44,0.17,0.06
0.36,"1,402",766,1.83,"405,346","15,224","66,433","12,493",1.22,0.45,0.16,0.06
0.37,"1,268",770,1.65,"406,614","13,956","67,203","11,723",1.19,0.46,0.15,0.05
0.38,"1,187",751,1.58,"407,801","12,769","67,954","10,972",1.16,0.46,0.14,0.05
0.39,"1,044",671,1.56,"408,845","11,725","68,625","10,301",1.14,0.47,0.13,0.04
0.4,"1,019",614,1.66,"409,864","10,706","69,239","9,687",1.11,0.48,0.12,0.04
0.41,877,652,1.35,"410,741","9,829","69,891","9,035",1.09,0.48,0.11,0.04
0.42,853,622,1.37,"411,594","8,976","70,513","8,413",1.07,0.48,0.11,0.03
0.43,803,552,1.45,"412,397","8,173","71,065","7,861",1.04,0.49,0.10,0.03
0.44,774,529,1.46,"413,171","7,399","71,594","7,332",1.01,0.50,0.09,0.03
0.45,719,563,1.28,"413,890","6,680","72,157","6,769",0.99,0.50,0.09,0.03
0.46,657,515,1.28,"414,547","6,023","72,672","6,254",0.96,0.51,0.08,0.02
0.47,558,538,1.04,"415,105","5,465","73,210","5,716",0.96,0.51,0.07,0.02
0.48,542,480,1.13,"415,647","4,923","73,690","5,236",0.94,0.52,0.07,0.02
0.49,533,470,1.13,"416,180","4,390","74,160","4,766",0.92,0.52,0.06,0.02
0.5,493,430,1.15,"416,673","3,897","74,590","4,336",0.90,0.53,0.05,0.02
0.51,459,447,1.03,"417,132","3,438","75,037","3,889",0.88,0.53,0.05,0.01
0.52,424,404,1.05,"417,556","3,014","75,441","3,485",0.86,0.54,0.04,0.01
0.53,406,409,0.99,"417,962","2,608","75,850","3,076",0.85,0.54,0.04,0.01
0.54,371,377,0.98,"418,333","2,237","76,227","2,699",0.83,0.55,0.03,0.01
0.55,297,335,0.89,"418,630","1,940","76,562","2,364",0.82,0.55,0.03,0.01
0.56,279,311,0.90,"418,909","1,661","76,873","2,053",0.81,0.55,0.03,0.01
0.57,239,289,0.83,"419,148","1,422","77,162","1,764",0.81,0.55,0.02,0.01
0.58,210,238,0.88,"419,358","1,212","77,400","1,526",0.79,0.56,0.02,0.01
0.59,195,230,0.85,"419,553","1,017","77,630","1,296",0.78,0.56,0.02,0.00
0.6,177,186,0.95,"419,730",840,"77,816","1,110",0.76,0.57,0.01,0.00
0.61,158,180,0.88,"419,888",682,"77,996",930,0.73,0.58,0.01,0.00
0.62,124,163,0.76,"420,012",558,"78,159",767,0.73,0.58,0.01,0.00
0.63,106,154,0.69,"420,118",452,"78,313",613,0.74,0.58,0.01,0.00
0.64,98,116,0.84,"420,216",354,"78,429",497,0.71,0.58,0.01,0.00
0.65,95,98,0.97,"420,311",259,"78,527",399,0.65,0.61,0.01,0.00
0.66,62,83,0.75,"420,373",197,"78,610",316,0.62,0.62,0.00,0.00
0.67,49,78,0.63,"420,422",148,"78,688",238,0.62,0.62,0.00,0.00
0.68,27,56,0.48,"420,449",121,"78,744",182,0.66,0.60,0.00,0.00
0.69,31,33,0.94,"420,480",90,"78,777",149,0.60,0.62,0.00,0.00
0.7,22,35,0.63,"420,502",68,"78,812",114,0.60,0.63,0.00,0.00
0.71,21,36,0.58,"420,523",47,"78,848",78,0.60,0.62,0.00,0.00
0.72,6,22,0.27,"420,529",41,"78,870",56,0.73,0.58,0.00,0.00
0.73,16,14,1.14,"420,545",25,"78,884",42,0.60,0.63,0.00,0.00
0.74,10,16,0.62,"420,555",15,"78,900",26,0.58,0.63,0.00,0.00
0.75,8,8,1.00,"420,563",7,"78,908",18,0.39,0.72,0.00,0.00
0.76,4,7,0.57,"420,567",3,"78,915",11,0.27,0.79,0.00,0.00
0.77,2,7,0.29,"420,569",1,"78,922",4,0.25,0.80,0.00,0.00
0.78,0,1,0.00,"420,569",1,"78,923",3,0.33,0.75,0.00,0.00
0.79,1,2,0.50,"420,570",0,"78,925",1,0.00,1.00,0.00,0.00
0.8,0,0,nan,"420,570",0,"78,925",1,0.00,1.00,0.00,0.00
0.81,0,0,nan,"420,570",0,"78,925",1,0.00,1.00,0.00,0.00
0.82,0,0,nan,"420,570",0,"78,925",1,0.00,1.00,0.00,0.00
0.83,0,0,nan,"420,570",0,"78,925",1,0.00,1.00,0.00,0.00
0.84,0,1,0.00,"420,570",0,"78,926",0,nan,nan,0.00,0.00
0.85,0,0,nan,"420,570",0,"78,926",0,nan,nan,0.00,0.00
0.86,0,0,nan,"420,570",0,"78,926",0,nan,nan,0.00,0.00
0.87,0,0,nan,"420,570",0,"78,926",0,nan,nan,0.00,0.00
0.88,0,0,nan,"420,570",0,"78,926",0,nan,nan,0.00,0.00
0.89,0,0,nan,"420,570",0,"78,926",0,nan,nan,0.00,0.00
0.9,0,0,nan,"420,570",0,"78,926",0,nan,nan,0.00,0.00
0.91,0,0,nan,"420,570",0,"78,926",0,nan,nan,0.00,0.00
0.92,0,0,nan,"420,570",0,"78,926",0,nan,nan,0.00,0.00
0.93,0,0,nan,"420,570",0,"78,926",0,nan,nan,0.00,0.00
0.94,0,0,nan,"420,570",0,"78,926",0,nan,nan,0.00,0.00
0.95,0,0,nan,"420,570",0,"78,926",0,nan,nan,0.00,0.00
0.96,0,0,nan,"420,570",0,"78,926",0,nan,nan,0.00,0.00
0.97,0,0,nan,"420,570",0,"78,926",0,nan,nan,0.00,0.00
0.98,0,0,nan,"420,570",0,"78,926",0,nan,nan,0.00,0.00
0.99,0,0,nan,"420,570",0,"78,926",0,nan,nan,0.00,0.00
1.0,0,0,nan,"420,570",0,"78,926",0,nan,nan,0.00,0.00
