p,Neg,Pos,mPrec,TN,FP,FN,TP,Prec,Rec,$\hat{p}$
0.0,0,0,nan,0,"180,245",0,"33,825",0.16,1.00,1.00
0.05,"20,540",490,0.02,"20,540","159,705",490,"33,335",0.17,0.99,0.90
0.1,"39,756","2,125",0.05,"60,296","119,949","2,615","31,210",0.21,0.92,0.71
0.15,"33,630","3,394",0.09,"93,926","86,319","6,009","27,816",0.24,0.82,0.53
0.2,"24,559","3,698",0.13,"118,485","61,760","9,707","24,118",0.28,0.71,0.40
0.25,"17,509","3,515",0.17,"135,994","44,251","13,222","20,603",0.32,0.61,0.30
0.3,"12,147","3,157",0.21,"148,141","32,104","16,379","17,446",0.35,0.52,0.23
0.35,"8,531","2,716",0.24,"156,672","23,573","19,095","14,730",0.38,0.44,0.18
0.4,"6,172","2,387",0.28,"162,844","17,401","21,482","12,343",0.41,0.36,0.14
0.45,"4,452","2,049",0.32,"167,296","12,949","23,531","10,294",0.44,0.30,0.11
0.5,"3,266","1,766",0.35,"170,562","9,683","25,297","8,528",0.47,0.25,0.09
0.55,"2,391","1,516",0.39,"172,953","7,292","26,813","7,012",0.49,0.21,0.07
0.6,"1,891","1,329",0.41,"174,844","5,401","28,142","5,683",0.51,0.17,0.05
0.65,"1,388","1,115",0.45,"176,232","4,013","29,257","4,568",0.53,0.14,0.04
0.7,"1,063",932,0.47,"177,295","2,950","30,189","3,636",0.55,0.11,0.03
0.75,782,754,0.49,"178,077","2,168","30,943","2,882",0.57,0.09,0.02
0.8,621,646,0.51,"178,698","1,547","31,589","2,236",0.59,0.07,0.02
0.85,481,507,0.51,"179,179","1,066","32,096","1,729",0.62,0.05,0.01
0.9,343,393,0.53,"179,522",723,"32,489","1,336",0.65,0.04,0.01
0.95,234,336,0.59,"179,756",489,"32,825","1,000",0.67,0.03,0.01
1.0,489,"1,000",0.67,"180,245",0,"33,825",0,nan,0.00,0.00
