p,Neg,Pos,mPrec,TN,FP,FN,TP,Prec,Rec,$\hat{p}$
0.0,1,0,0.00,1,"420,569",0,"78,926",0.16,1.00,1.00
0.01,14,0,0.00,15,"420,555",0,"78,926",0.16,1.00,1.00
0.02,125,2,0.02,140,"420,430",2,"78,924",0.16,1.00,1.00
0.03,348,2,0.01,488,"420,082",4,"78,922",0.16,1.00,1.00
0.04,700,6,0.01,"1,188","419,382",10,"78,916",0.16,1.00,1.00
0.05,"1,266",13,0.01,"2,454","418,116",23,"78,903",0.16,1.00,1.00
0.06,"1,833",25,0.01,"4,287","416,283",48,"78,878",0.16,1.00,0.99
0.07,"2,323",22,0.01,"6,610","413,960",70,"78,856",0.16,1.00,0.99
0.08,"2,839",54,0.02,"9,449","411,121",124,"78,802",0.16,1.00,0.98
0.09,"3,430",59,0.02,"12,879","407,691",183,"78,743",0.16,1.00,0.97
0.1,"3,862",80,0.02,"16,741","403,829",263,"78,663",0.16,1.00,0.97
0.11,"4,466",96,0.02,"21,207","399,363",359,"78,567",0.16,1.00,0.96
0.12,"4,853",123,0.02,"26,060","394,510",482,"78,444",0.17,0.99,0.95
0.13,"5,358",125,0.02,"31,418","389,152",607,"78,319",0.17,0.99,0.94
0.14,"5,728",158,0.03,"37,146","383,424",765,"78,161",0.17,0.99,0.92
0.15,"6,043",180,0.03,"43,189","377,381",945,"77,981",0.17,0.99,0.91
0.16,"6,316",225,0.03,"49,505","371,065","1,170","77,756",0.17,0.99,0.90
0.17,"6,545",231,0.03,"56,050","364,520","1,401","77,525",0.18,0.98,0.88
0.18,"6,726",259,0.04,"62,776","357,794","1,660","77,266",0.18,0.98,0.87
0.19,"7,004",279,0.04,"69,780","350,790","1,939","76,987",0.18,0.98,0.86
0.2,"6,978",320,0.04,"76,758","343,812","2,259","76,667",0.18,0.97,0.84
0.21,"7,298",342,0.04,"84,056","336,514","2,601","76,325",0.18,0.97,0.83
0.22,"7,359",386,0.05,"91,415","329,155","2,987","75,939",0.19,0.96,0.81
0.23,"7,552",399,0.05,"98,967","321,603","3,386","75,540",0.19,0.96,0.80
0.24,"7,649",461,0.06,"106,616","313,954","3,847","75,079",0.19,0.95,0.78
0.25,"7,582",490,0.06,"114,198","306,372","4,337","74,589",0.20,0.95,0.76
0.26,"7,845",462,0.06,"122,043","298,527","4,799","74,127",0.20,0.94,0.75
0.27,"7,888",519,0.06,"129,931","290,639","5,318","73,608",0.20,0.93,0.73
0.28,"8,032",570,0.07,"137,963","282,607","5,888","73,038",0.21,0.93,0.71
0.29,"7,959",564,0.07,"145,922","274,648","6,452","72,474",0.21,0.92,0.69
0.3,"7,878",605,0.07,"153,800","266,770","7,057","71,869",0.21,0.91,0.68
0.31,"7,966",639,0.07,"161,766","258,804","7,696","71,230",0.22,0.90,0.66
0.32,"7,842",685,0.08,"169,608","250,962","8,381","70,545",0.22,0.89,0.64
0.33,"7,853",768,0.09,"177,461","243,109","9,149","69,777",0.22,0.88,0.63
0.34,"7,818",770,0.09,"185,279","235,291","9,919","69,007",0.23,0.87,0.61
0.35,"7,693",806,0.09,"192,972","227,598","10,725","68,201",0.23,0.86,0.59
0.36,"7,500",805,0.10,"200,472","220,098","11,530","67,396",0.23,0.85,0.58
0.37,"7,618",858,0.10,"208,090","212,480","12,388","66,538",0.24,0.84,0.56
0.38,"7,429",890,0.11,"215,519","205,051","13,278","65,648",0.24,0.83,0.54
0.39,"7,420",946,0.11,"222,939","197,631","14,224","64,702",0.25,0.82,0.53
0.4,"7,331",988,0.12,"230,270","190,300","15,212","63,714",0.25,0.81,0.51
0.41,"6,996",919,0.12,"237,266","183,304","16,131","62,795",0.26,0.80,0.49
0.42,"6,955","1,052",0.13,"244,221","176,349","17,183","61,743",0.26,0.78,0.48
0.43,"6,859","1,034",0.13,"251,080","169,490","18,217","60,709",0.26,0.77,0.46
0.44,"6,602","1,013",0.13,"257,682","162,888","19,230","59,696",0.27,0.76,0.45
0.45,"6,644","1,057",0.14,"264,326","156,244","20,287","58,639",0.27,0.74,0.43
0.46,"6,560","1,106",0.14,"270,886","149,684","21,393","57,533",0.28,0.73,0.41
0.47,"6,342","1,071",0.14,"277,228","143,342","22,464","56,462",0.28,0.72,0.40
0.48,"6,268","1,155",0.16,"283,496","137,074","23,619","55,307",0.29,0.70,0.39
0.49,"6,267","1,161",0.16,"289,763","130,807","24,780","54,146",0.29,0.69,0.37
0.5,"5,961","1,144",0.16,"295,724","124,846","25,924","53,002",0.30,0.67,0.36
0.51,"5,601","1,190",0.18,"301,325","119,245","27,114","51,812",0.30,0.66,0.34
0.52,"5,705","1,227",0.18,"307,030","113,540","28,341","50,585",0.31,0.64,0.33
0.53,"5,440","1,215",0.18,"312,470","108,100","29,556","49,370",0.31,0.63,0.32
0.54,"5,293","1,214",0.19,"317,763","102,807","30,770","48,156",0.32,0.61,0.30
0.55,"5,226","1,287",0.20,"322,989","97,581","32,057","46,869",0.32,0.59,0.29
0.56,"5,054","1,287",0.20,"328,043","92,527","33,344","45,582",0.33,0.58,0.28
0.57,"4,823","1,262",0.21,"332,866","87,704","34,606","44,320",0.34,0.56,0.26
0.58,"4,690","1,269",0.21,"337,556","83,014","35,875","43,051",0.34,0.55,0.25
0.59,"4,600","1,276",0.22,"342,156","78,414","37,151","41,775",0.35,0.53,0.24
0.6,"4,459","1,355",0.23,"346,615","73,955","38,506","40,420",0.35,0.51,0.23
0.61,"4,226","1,342",0.24,"350,841","69,729","39,848","39,078",0.36,0.50,0.22
0.62,"3,989","1,349",0.25,"354,830","65,740","41,197","37,729",0.36,0.48,0.21
0.63,"4,002","1,318",0.25,"358,832","61,738","42,515","36,411",0.37,0.46,0.20
0.64,"3,792","1,315",0.26,"362,624","57,946","43,830","35,096",0.38,0.44,0.19
0.65,"3,683","1,307",0.26,"366,307","54,263","45,137","33,789",0.38,0.43,0.18
0.66,"3,577","1,324",0.27,"369,884","50,686","46,461","32,465",0.39,0.41,0.17
0.67,"3,417","1,296",0.27,"373,301","47,269","47,757","31,169",0.40,0.39,0.16
0.68,"3,307","1,319",0.29,"376,608","43,962","49,076","29,850",0.40,0.38,0.15
0.69,"3,186","1,327",0.29,"379,794","40,776","50,403","28,523",0.41,0.36,0.14
0.7,"2,930","1,257",0.30,"382,724","37,846","51,660","27,266",0.42,0.35,0.13
0.71,"2,862","1,263",0.31,"385,586","34,984","52,923","26,003",0.43,0.33,0.12
0.72,"2,709","1,342",0.33,"388,295","32,275","54,265","24,661",0.43,0.31,0.11
0.73,"2,510","1,228",0.33,"390,805","29,765","55,493","23,433",0.44,0.30,0.11
0.74,"2,524","1,292",0.34,"393,329","27,241","56,785","22,141",0.45,0.28,0.10
0.75,"2,291","1,208",0.35,"395,620","24,950","57,993","20,933",0.46,0.27,0.09
0.76,"2,121","1,239",0.37,"397,741","22,829","59,232","19,694",0.46,0.25,0.09
0.77,"2,108","1,240",0.37,"399,849","20,721","60,472","18,454",0.47,0.23,0.08
0.78,"1,944","1,211",0.38,"401,793","18,777","61,683","17,243",0.48,0.22,0.07
0.79,"1,904","1,284",0.40,"403,697","16,873","62,967","15,959",0.49,0.20,0.07
0.8,"1,758","1,179",0.40,"405,455","15,115","64,146","14,780",0.49,0.19,0.06
0.81,"1,624","1,198",0.42,"407,079","13,491","65,344","13,582",0.50,0.17,0.05
0.82,"1,532","1,166",0.43,"408,611","11,959","66,510","12,416",0.51,0.16,0.05
0.83,"1,445","1,149",0.44,"410,056","10,514","67,659","11,267",0.52,0.14,0.04
0.84,"1,342","1,136",0.46,"411,398","9,172","68,795","10,131",0.52,0.13,0.04
0.85,"1,288","1,000",0.44,"412,686","7,884","69,795","9,131",0.54,0.12,0.03
0.86,"1,129","1,027",0.48,"413,815","6,755","70,822","8,104",0.55,0.10,0.03
0.87,"1,093",967,0.47,"414,908","5,662","71,789","7,137",0.56,0.09,0.03
0.88,877,929,0.51,"415,785","4,785","72,718","6,208",0.56,0.08,0.02
0.89,873,866,0.50,"416,658","3,912","73,584","5,342",0.58,0.07,0.02
0.9,756,791,0.51,"417,414","3,156","74,375","4,551",0.59,0.06,0.02
0.91,706,777,0.52,"418,120","2,450","75,152","3,774",0.61,0.05,0.01
0.92,583,659,0.53,"418,703","1,867","75,811","3,115",0.63,0.04,0.01
0.93,482,626,0.56,"419,185","1,385","76,437","2,489",0.64,0.03,0.01
0.94,394,580,0.60,"419,579",991,"77,017","1,909",0.66,0.02,0.01
0.95,321,515,0.62,"419,900",670,"77,532","1,394",0.68,0.02,0.00
0.96,266,445,0.63,"420,166",404,"77,977",949,0.70,0.01,0.00
0.97,212,420,0.66,"420,378",192,"78,397",529,0.73,0.01,0.00
0.98,123,317,0.72,"420,501",69,"78,714",212,0.75,0.00,0.00
0.99,61,177,0.74,"420,562",8,"78,891",35,0.81,0.00,0.00
1.0,8,35,0.81,"420,570",0,"78,926",0,nan,0.00,0.00
