p,Neg,Pos,mPrec,TN,FP,FN,TP,Prec,Rec,$\hat{p}$
0.0,2,0,0.00,2,"420,568",0,"78,926",0.16,1.00,1.00
0.1,"12,980",656,0.05,"12,982","407,588",656,"78,270",0.16,0.99,0.97
0.2,"62,675","4,277",0.06,"75,657","344,913","4,933","73,993",0.18,0.94,0.84
0.3,"34,427","3,592",0.09,"110,084","310,486","8,525","70,401",0.18,0.89,0.76
0.4,"75,666","10,241",0.12,"185,750","234,820","18,766","60,160",0.20,0.76,0.59
0.5,"86,143","14,883",0.15,"271,893","148,677","33,649","45,277",0.23,0.57,0.39
0.6,"59,499","13,327",0.18,"331,392","89,178","46,976","31,950",0.26,0.40,0.24
0.7,"53,346","16,626",0.24,"384,738","35,832","63,602","15,324",0.30,0.19,0.10
0.8,"26,856","10,822",0.29,"411,594","8,976","74,424","4,502",0.33,0.06,0.03
0.9,"7,772","3,730",0.32,"419,366","1,204","78,154",772,0.39,0.01,0.00
1.0,"1,204",772,0.39,"420,570",0,"78,926",0,nan,0.00,0.00
