p,Neg,Pos,mPrec,TN,FP,FN,TP,Prec,Rec,$\hat{p}$
0.0,314,4,0.01,314,"179,931",4,"33,821",0.16,1.00,1.00
0.05,"14,964",601,0.04,"15,278","164,967",605,"33,220",0.17,0.98,0.93
0.1,"27,340","1,892",0.06,"42,618","137,627","2,497","31,328",0.19,0.93,0.79
0.15,"29,396","3,053",0.09,"72,014","108,231","5,550","28,275",0.21,0.84,0.64
0.2,"27,823","3,729",0.12,"99,837","80,408","9,279","24,546",0.23,0.73,0.49
0.25,"22,406","3,919",0.15,"122,243","58,002","13,198","20,627",0.26,0.61,0.37
0.3,"16,788","3,671",0.18,"139,031","41,214","16,869","16,956",0.29,0.50,0.27
0.35,"11,853","3,159",0.21,"150,884","29,361","20,028","13,797",0.32,0.41,0.20
0.4,"8,185","2,476",0.23,"159,069","21,176","22,504","11,321",0.35,0.33,0.15
0.45,"5,696","1,960",0.26,"164,765","15,480","24,464","9,361",0.38,0.28,0.12
0.5,"3,861","1,521",0.28,"168,626","11,619","25,985","7,840",0.40,0.23,0.09
0.55,"2,628","1,301",0.33,"171,254","8,991","27,286","6,539",0.42,0.19,0.07
0.6,"1,952","1,030",0.35,"173,206","7,039","28,316","5,509",0.44,0.16,0.06
0.65,"1,479",888,0.38,"174,685","5,560","29,204","4,621",0.45,0.14,0.05
0.7,"1,194",745,0.38,"175,879","4,366","29,949","3,876",0.47,0.11,0.04
0.75,978,685,0.41,"176,857","3,388","30,634","3,191",0.49,0.09,0.03
0.8,849,653,0.43,"177,706","2,539","31,287","2,538",0.50,0.08,0.02
0.85,645,566,0.47,"178,351","1,894","31,853","1,972",0.51,0.06,0.02
0.9,516,501,0.49,"178,867","1,378","32,354","1,471",0.52,0.04,0.01
0.95,444,436,0.50,"179,311",934,"32,790","1,035",0.53,0.03,0.01
1.0,934,"1,035",0.53,"180,245",0,"33,825",0,nan,0.00,0.00
