p,Neg,Pos,mPrec,TN,FP,FN,TP,Prec,Rec,$\hat{p}$
0.0,0,0,nan,0,"420,570",0,"78,926",0.16,1.00,1.00
0.1,"10,704",132,0.01,"10,704","409,866",132,"78,794",0.16,1.00,0.98
0.2,"56,461","1,702",0.03,"67,165","353,405","1,834","77,092",0.18,0.98,0.86
0.3,"78,389","4,651",0.06,"145,554","275,016","6,485","72,441",0.21,0.92,0.70
0.4,"79,603","8,114",0.09,"225,157","195,413","14,599","64,327",0.25,0.82,0.52
0.5,"68,305","10,999",0.14,"293,462","127,108","25,598","53,328",0.30,0.68,0.36
0.6,"53,005","12,963",0.20,"346,467","74,103","38,561","40,365",0.35,0.51,0.23
0.7,"37,354","13,426",0.26,"383,821","36,749","51,987","26,939",0.42,0.34,0.13
0.8,"22,861","12,968",0.36,"406,682","13,888","64,955","13,971",0.50,0.18,0.06
0.9,"11,425","10,232",0.47,"418,107","2,463","75,187","3,739",0.60,0.05,0.01
1.0,"2,463","3,739",0.60,"420,570",0,"78,926",0,nan,0.00,0.00
