p,Neg,Pos,mPrec,TN,FP,FN,TP,Prec,Rec,$\hat{p}$
0.0,0,0,nan,0,"180,245",0,"33,825",0.16,1.00,1.00
0.05,261,0,0.00,261,"179,984",0,"33,825",0.16,1.00,1.00
0.1,"4,331",67,0.02,"4,592","175,653",67,"33,758",0.16,1.00,0.98
0.15,"10,070",212,0.02,"14,662","165,583",279,"33,546",0.17,0.99,0.93
0.2,"14,314",496,0.03,"28,976","151,269",775,"33,050",0.18,0.98,0.86
0.25,"16,234",784,0.05,"45,210","135,035","1,559","32,266",0.19,0.95,0.78
0.3,"17,231","1,152",0.06,"62,441","117,804","2,711","31,114",0.21,0.92,0.70
0.35,"17,421","1,578",0.08,"79,862","100,383","4,289","29,536",0.23,0.87,0.61
0.4,"16,659","1,954",0.10,"96,521","83,724","6,243","27,582",0.25,0.82,0.52
0.45,"15,347","2,218",0.13,"111,868","68,377","8,461","25,364",0.27,0.75,0.44
0.5,"14,041","2,563",0.15,"125,909","54,336","11,024","22,801",0.30,0.67,0.36
0.55,"12,198","2,657",0.18,"138,107","42,138","13,681","20,144",0.32,0.60,0.29
0.6,"10,607","2,869",0.21,"148,714","31,531","16,550","17,275",0.35,0.51,0.23
0.65,"8,632","2,866",0.25,"157,346","22,899","19,416","14,409",0.39,0.43,0.17
0.7,"7,152","2,872",0.29,"164,498","15,747","22,288","11,537",0.42,0.34,0.13
0.75,"5,534","2,861",0.34,"170,032","10,213","25,149","8,676",0.46,0.26,0.09
0.8,"4,132","2,688",0.39,"174,164","6,081","27,837","5,988",0.50,0.18,0.06
0.85,"3,073","2,471",0.45,"177,237","3,008","30,308","3,517",0.54,0.10,0.03
0.9,"1,951","1,892",0.49,"179,188","1,057","32,200","1,625",0.61,0.05,0.01
0.95,897,"1,235",0.58,"180,085",160,"33,435",390,0.71,0.01,0.00
1.0,160,390,0.71,"180,245",0,"33,825",0,nan,0.00,0.00
