p,Neg,Pos,mPrec,TN,FP,FN,TP,Prec,Rec,$\hat{p}$
0.0,"3,970",46,0.01,"3,970","398,749",46,"78,880",0.17,1.00,0.99
0.01,"2,092",20,0.01,"6,062","396,657",66,"78,860",0.17,1.00,0.99
0.02,"2,572",37,0.01,"8,634","394,085",103,"78,823",0.17,1.00,0.98
0.03,"3,018",65,0.02,"11,652","391,067",168,"78,758",0.17,1.00,0.98
0.04,"3,489",64,0.02,"15,141","387,578",232,"78,694",0.17,1.00,0.97
0.05,"3,892",90,0.02,"19,033","383,686",322,"78,604",0.17,1.00,0.96
0.06,"4,265",93,0.02,"23,298","379,421",415,"78,511",0.17,0.99,0.95
0.07,"4,585",121,0.03,"27,883","374,836",536,"78,390",0.17,0.99,0.94
0.08,"5,035",135,0.03,"32,918","369,801",671,"78,255",0.17,0.99,0.93
0.09,"5,223",135,0.03,"38,141","364,578",806,"78,120",0.18,0.99,0.92
0.1,"5,566",177,0.03,"43,707","359,012",983,"77,943",0.18,0.99,0.91
0.11,"5,692",206,0.03,"49,399","353,320","1,189","77,737",0.18,0.98,0.89
0.12,"5,918",200,0.03,"55,317","347,402","1,389","77,537",0.18,0.98,0.88
0.13,"6,050",233,0.04,"61,367","341,352","1,622","77,304",0.18,0.98,0.87
0.14,"6,089",262,0.04,"67,456","335,263","1,884","77,042",0.19,0.98,0.86
0.15,"6,259",291,0.04,"73,715","329,004","2,175","76,751",0.19,0.97,0.84
0.16,"6,457",291,0.04,"80,172","322,547","2,466","76,460",0.19,0.97,0.83
0.17,"6,500",316,0.05,"86,672","316,047","2,782","76,144",0.19,0.96,0.81
0.18,"6,621",376,0.05,"93,293","309,426","3,158","75,768",0.20,0.96,0.80
0.19,"6,704",362,0.05,"99,997","302,722","3,520","75,406",0.20,0.96,0.79
0.2,"6,546",416,0.06,"106,543","296,176","3,936","74,990",0.20,0.95,0.77
0.21,"6,710",426,0.06,"113,253","289,466","4,362","74,564",0.20,0.94,0.76
0.22,"6,913",419,0.06,"120,166","282,553","4,781","74,145",0.21,0.94,0.74
0.23,"6,944",490,0.07,"127,110","275,609","5,271","73,655",0.21,0.93,0.73
0.24,"6,912",487,0.07,"134,022","268,697","5,758","73,168",0.21,0.93,0.71
0.25,"6,920",503,0.07,"140,942","261,777","6,261","72,665",0.22,0.92,0.69
0.26,"6,957",533,0.07,"147,899","254,820","6,794","72,132",0.22,0.91,0.68
0.27,"6,880",563,0.08,"154,779","247,940","7,357","71,569",0.22,0.91,0.66
0.28,"6,852",593,0.08,"161,631","241,088","7,950","70,976",0.23,0.90,0.65
0.29,"6,768",605,0.08,"168,399","234,320","8,555","70,371",0.23,0.89,0.63
0.3,"6,819",695,0.09,"175,218","227,501","9,250","69,676",0.23,0.88,0.62
0.31,"6,782",662,0.09,"182,000","220,719","9,912","69,014",0.24,0.87,0.60
0.32,"6,523",701,0.10,"188,523","214,196","10,613","68,313",0.24,0.87,0.59
0.33,"6,484",740,0.10,"195,007","207,712","11,353","67,573",0.25,0.86,0.57
0.34,"6,441",759,0.11,"201,448","201,271","12,112","66,814",0.25,0.85,0.56
0.35,"6,440",781,0.11,"207,888","194,831","12,893","66,033",0.25,0.84,0.54
0.36,"6,332",816,0.11,"214,220","188,499","13,709","65,217",0.26,0.83,0.53
0.37,"6,323",829,0.12,"220,543","182,176","14,538","64,388",0.26,0.82,0.51
0.38,"6,093",839,0.12,"226,636","176,083","15,377","63,549",0.27,0.81,0.50
0.39,"5,905",889,0.13,"232,541","170,178","16,266","62,660",0.27,0.79,0.48
0.4,"5,939",870,0.13,"238,480","164,239","17,136","61,790",0.27,0.78,0.47
0.41,"5,754",920,0.14,"244,234","158,485","18,056","60,870",0.28,0.77,0.46
0.42,"5,687",936,0.14,"249,921","152,798","18,992","59,934",0.28,0.76,0.44
0.43,"5,495",886,0.14,"255,416","147,303","19,878","59,048",0.29,0.75,0.43
0.44,"5,501",939,0.15,"260,917","141,802","20,817","58,109",0.29,0.74,0.42
0.45,"5,470",972,0.15,"266,387","136,332","21,789","57,137",0.30,0.72,0.40
0.46,"5,375",975,0.15,"271,762","130,957","22,764","56,162",0.30,0.71,0.39
0.47,"5,251","1,023",0.16,"277,013","125,706","23,787","55,139",0.30,0.70,0.38
0.48,"5,250","1,023",0.16,"282,263","120,456","24,810","54,116",0.31,0.69,0.36
0.49,"4,941","1,033",0.17,"287,204","115,515","25,843","53,083",0.31,0.67,0.35
0.5,"4,814","1,031",0.18,"292,018","110,701","26,874","52,052",0.32,0.66,0.34
0.51,"4,712","1,056",0.18,"296,730","105,989","27,930","50,996",0.32,0.65,0.33
0.52,"4,605","1,074",0.19,"301,335","101,384","29,004","49,922",0.33,0.63,0.31
0.53,"4,402","1,066",0.19,"305,737","96,982","30,070","48,856",0.34,0.62,0.30
0.54,"4,373","1,118",0.20,"310,110","92,609","31,188","47,738",0.34,0.60,0.29
0.55,"4,307","1,111",0.21,"314,417","88,302","32,299","46,627",0.35,0.59,0.28
0.56,"4,211","1,130",0.21,"318,628","84,091","33,429","45,497",0.35,0.58,0.27
0.57,"3,957","1,114",0.22,"322,585","80,134","34,543","44,383",0.36,0.56,0.26
0.58,"3,895","1,083",0.22,"326,480","76,239","35,626","43,300",0.36,0.55,0.25
0.59,"3,907","1,176",0.23,"330,387","72,332","36,802","42,124",0.37,0.53,0.24
0.6,"3,696","1,199",0.24,"334,083","68,636","38,001","40,925",0.37,0.52,0.23
0.61,"3,503","1,175",0.25,"337,586","65,133","39,176","39,750",0.38,0.50,0.22
0.62,"3,453","1,169",0.25,"341,039","61,680","40,345","38,581",0.38,0.49,0.21
0.63,"3,272","1,185",0.27,"344,311","58,408","41,530","37,396",0.39,0.47,0.20
0.64,"3,209","1,203",0.27,"347,520","55,199","42,733","36,193",0.40,0.46,0.19
0.65,"3,170","1,162",0.27,"350,690","52,029","43,895","35,031",0.40,0.44,0.18
0.66,"2,975","1,131",0.28,"353,665","49,054","45,026","33,900",0.41,0.43,0.17
0.67,"3,028","1,147",0.27,"356,693","46,026","46,173","32,753",0.42,0.41,0.16
0.68,"2,868","1,151",0.29,"359,561","43,158","47,324","31,602",0.42,0.40,0.16
0.69,"2,654","1,188",0.31,"362,215","40,504","48,512","30,414",0.43,0.39,0.15
0.7,"2,632","1,189",0.31,"364,847","37,872","49,701","29,225",0.44,0.37,0.14
0.71,"2,505","1,186",0.32,"367,352","35,367","50,887","28,039",0.44,0.36,0.13
0.72,"2,402","1,069",0.31,"369,754","32,965","51,956","26,970",0.45,0.34,0.12
0.73,"2,318","1,155",0.33,"372,072","30,647","53,111","25,815",0.46,0.33,0.12
0.74,"2,186","1,184",0.35,"374,258","28,461","54,295","24,631",0.46,0.31,0.11
0.75,"2,127","1,107",0.34,"376,385","26,334","55,402","23,524",0.47,0.30,0.10
0.76,"2,007","1,152",0.36,"378,392","24,327","56,554","22,372",0.48,0.28,0.10
0.77,"1,892","1,127",0.37,"380,284","22,435","57,681","21,245",0.49,0.27,0.09
0.78,"1,788","1,101",0.38,"382,072","20,647","58,782","20,144",0.49,0.26,0.08
0.79,"1,726","1,104",0.39,"383,798","18,921","59,886","19,040",0.50,0.24,0.08
0.8,"1,644","1,137",0.41,"385,442","17,277","61,023","17,903",0.51,0.23,0.07
0.81,"1,572","1,145",0.42,"387,014","15,705","62,168","16,758",0.52,0.21,0.07
0.82,"1,515","1,126",0.43,"388,529","14,190","63,294","15,632",0.52,0.20,0.06
0.83,"1,407","1,073",0.43,"389,936","12,783","64,367","14,559",0.53,0.18,0.06
0.84,"1,305","1,120",0.46,"391,241","11,478","65,487","13,439",0.54,0.17,0.05
0.85,"1,246","1,062",0.46,"392,487","10,232","66,549","12,377",0.55,0.16,0.05
0.86,"1,151","1,065",0.48,"393,638","9,081","67,614","11,312",0.55,0.14,0.04
0.87,"1,092","1,000",0.48,"394,730","7,989","68,614","10,312",0.56,0.13,0.04
0.88,"1,048",991,0.49,"395,778","6,941","69,605","9,321",0.57,0.12,0.03
0.89,967,975,0.50,"396,745","5,974","70,580","8,346",0.58,0.11,0.03
0.9,884,921,0.51,"397,629","5,090","71,501","7,425",0.59,0.09,0.03
0.91,765,884,0.54,"398,394","4,325","72,385","6,541",0.60,0.08,0.02
0.92,736,851,0.54,"399,130","3,589","73,236","5,690",0.61,0.07,0.02
0.93,652,770,0.54,"399,782","2,937","74,006","4,920",0.63,0.06,0.02
0.94,580,751,0.56,"400,362","2,357","74,757","4,169",0.64,0.05,0.01
0.95,553,677,0.55,"400,915","1,804","75,434","3,492",0.66,0.04,0.01
0.96,440,646,0.59,"401,355","1,364","76,080","2,846",0.68,0.04,0.01
0.97,370,580,0.61,"401,725",994,"76,660","2,266",0.70,0.03,0.01
0.98,312,540,0.63,"402,037",682,"77,200","1,726",0.72,0.02,0.00
0.99,241,506,0.68,"402,278",441,"77,706","1,220",0.73,0.02,0.00
1.0,441,"1,220",0.73,"402,719",0,"78,926",0,nan,0.00,0.00
