p,Neg,Pos,mPrec,TN,FP,FN,TP,Prec,Rec,$\hat{p}$
0.0,0,0,nan,0,"399,055",0,"78,926",0.17,1.00,1.00
0.05,"73,389","2,229",0.03,"73,389","325,666","2,229","76,697",0.19,0.97,0.84
0.1,"113,856","8,534",0.07,"187,245","211,810","10,763","68,163",0.24,0.86,0.59
0.15,"76,898","11,121",0.13,"264,143","134,912","21,884","57,042",0.30,0.72,0.40
0.2,"47,782","10,423",0.18,"311,925","87,130","32,307","46,619",0.35,0.59,0.28
0.25,"29,855","9,116",0.23,"341,780","57,275","41,423","37,503",0.40,0.48,0.20
0.3,"18,995","7,496",0.28,"360,775","38,280","48,919","30,007",0.44,0.38,0.14
0.35,"12,562","6,144",0.33,"373,337","25,718","55,063","23,863",0.48,0.30,0.10
0.4,"8,330","5,077",0.38,"381,667","17,388","60,140","18,786",0.52,0.24,0.08
0.45,"5,668","4,399",0.44,"387,335","11,720","64,539","14,387",0.55,0.18,0.05
0.5,"3,913","3,585",0.48,"391,248","7,807","68,124","10,802",0.58,0.14,0.04
0.55,"2,742","2,839",0.51,"393,990","5,065","70,963","7,963",0.61,0.10,0.03
0.6,"1,861","2,200",0.54,"395,851","3,204","73,163","5,763",0.64,0.07,0.02
0.65,"1,280","1,751",0.58,"397,131","1,924","74,914","4,012",0.68,0.05,0.01
0.7,829,"1,311",0.61,"397,960","1,095","76,225","2,701",0.71,0.03,0.01
0.75,530,986,0.65,"398,490",565,"77,211","1,715",0.75,0.02,0.00
0.8,314,763,0.71,"398,804",251,"77,974",952,0.79,0.01,0.00
0.85,176,584,0.77,"398,980",75,"78,558",368,0.83,0.00,0.00
0.9,72,312,0.81,"399,052",3,"78,870",56,0.95,0.00,0.00
0.95,3,56,0.95,"399,055",0,"78,926",0,nan,0.00,0.00
1.0,0,0,nan,"399,055",0,"78,926",0,nan,0.00,0.00
