p,Neg,Pos,mPrec,TN,FP,FN,TP,Prec,Rec,$\hat{p}$
0.0,0,0,nan,0,"180,245",0,"33,825",0.16,1.00,1.00
0.01,0,0,nan,0,"180,245",0,"33,825",0.16,1.00,1.00
0.02,65,1,0.02,65,"180,180",1,"33,824",0.16,1.00,1.00
0.03,916,23,0.02,981,"179,264",24,"33,801",0.16,1.00,1.00
0.04,"4,273",144,0.03,"5,254","174,991",168,"33,657",0.16,1.00,0.97
0.05,"7,818",335,0.04,"13,072","167,173",503,"33,322",0.17,0.99,0.94
0.06,"9,427",530,0.05,"22,499","157,746","1,033","32,792",0.17,0.97,0.89
0.07,"9,975",654,0.06,"32,474","147,771","1,687","32,138",0.18,0.95,0.84
0.08,"10,527",847,0.07,"43,001","137,244","2,534","31,291",0.19,0.93,0.79
0.09,"10,569",962,0.08,"53,570","126,675","3,496","30,329",0.19,0.90,0.73
0.1,"11,029","1,207",0.10,"64,599","115,646","4,703","29,122",0.20,0.86,0.68
0.11,"10,763","1,208",0.10,"75,362","104,883","5,911","27,914",0.21,0.83,0.62
0.12,"10,455","1,355",0.11,"85,817","94,428","7,266","26,559",0.22,0.79,0.57
0.13,"9,996","1,390",0.12,"95,813","84,432","8,656","25,169",0.23,0.74,0.51
0.14,"9,403","1,477",0.14,"105,216","75,029","10,133","23,692",0.24,0.70,0.46
0.15,"8,351","1,460",0.15,"113,567","66,678","11,593","22,232",0.25,0.66,0.42
0.16,"7,623","1,405",0.16,"121,190","59,055","12,998","20,827",0.26,0.62,0.37
0.17,"6,836","1,396",0.17,"128,026","52,219","14,394","19,431",0.27,0.57,0.33
0.18,"6,193","1,331",0.18,"134,219","46,026","15,725","18,100",0.28,0.54,0.30
0.19,"5,458","1,303",0.19,"139,677","40,568","17,028","16,797",0.29,0.50,0.27
0.2,"4,788","1,236",0.21,"144,465","35,780","18,264","15,561",0.30,0.46,0.24
0.21,"4,201","1,093",0.21,"148,666","31,579","19,357","14,468",0.31,0.43,0.22
0.22,"3,595","1,057",0.23,"152,261","27,984","20,414","13,411",0.32,0.40,0.19
0.23,"3,216",954,0.23,"155,477","24,768","21,368","12,457",0.33,0.37,0.17
0.24,"2,764",885,0.24,"158,241","22,004","22,253","11,572",0.34,0.34,0.16
0.25,"2,384",787,0.25,"160,625","19,620","23,040","10,785",0.35,0.32,0.14
0.26,"2,169",724,0.25,"162,794","17,451","23,764","10,061",0.37,0.30,0.13
0.27,"1,874",670,0.26,"164,668","15,577","24,434","9,391",0.38,0.28,0.12
0.28,"1,622",593,0.27,"166,290","13,955","25,027","8,798",0.39,0.26,0.11
0.29,"1,398",532,0.28,"167,688","12,557","25,559","8,266",0.40,0.24,0.10
0.3,"1,145",517,0.31,"168,833","11,412","26,076","7,749",0.40,0.23,0.09
0.31,"1,029",508,0.33,"169,862","10,383","26,584","7,241",0.41,0.21,0.08
0.32,890,479,0.35,"170,752","9,493","27,063","6,762",0.42,0.20,0.08
0.33,916,420,0.31,"171,668","8,577","27,483","6,342",0.43,0.19,0.07
0.34,779,366,0.32,"172,447","7,798","27,849","5,976",0.43,0.18,0.06
0.35,610,392,0.39,"173,057","7,188","28,241","5,584",0.44,0.17,0.06
0.36,614,333,0.35,"173,671","6,574","28,574","5,251",0.44,0.16,0.06
0.37,533,334,0.39,"174,204","6,041","28,908","4,917",0.45,0.15,0.05
0.38,503,303,0.38,"174,707","5,538","29,211","4,614",0.45,0.14,0.05
0.39,470,283,0.38,"175,177","5,068","29,494","4,331",0.46,0.13,0.04
0.4,442,262,0.37,"175,619","4,626","29,756","4,069",0.47,0.12,0.04
0.41,388,293,0.43,"176,007","4,238","30,049","3,776",0.47,0.11,0.04
0.42,367,242,0.40,"176,374","3,871","30,291","3,534",0.48,0.10,0.03
0.43,353,248,0.41,"176,727","3,518","30,539","3,286",0.48,0.10,0.03
0.44,358,240,0.40,"177,085","3,160","30,779","3,046",0.49,0.09,0.03
0.45,294,251,0.46,"177,379","2,866","31,030","2,795",0.49,0.08,0.03
0.46,294,230,0.44,"177,673","2,572","31,260","2,565",0.50,0.08,0.02
0.47,235,221,0.48,"177,908","2,337","31,481","2,344",0.50,0.07,0.02
0.48,223,200,0.47,"178,131","2,114","31,681","2,144",0.50,0.06,0.02
0.49,257,197,0.43,"178,388","1,857","31,878","1,947",0.51,0.06,0.02
0.5,212,184,0.46,"178,600","1,645","32,062","1,763",0.52,0.05,0.02
0.51,165,169,0.51,"178,765","1,480","32,231","1,594",0.52,0.05,0.01
0.52,176,197,0.53,"178,941","1,304","32,428","1,397",0.52,0.04,0.01
0.53,173,170,0.50,"179,114","1,131","32,598","1,227",0.52,0.04,0.01
0.54,142,151,0.52,"179,256",989,"32,749","1,076",0.52,0.03,0.01
0.55,152,123,0.45,"179,408",837,"32,872",953,0.53,0.03,0.01
0.56,111,150,0.57,"179,519",726,"33,022",803,0.53,0.02,0.01
0.57,98,100,0.51,"179,617",628,"33,122",703,0.53,0.02,0.01
0.58,102,86,0.46,"179,719",526,"33,208",617,0.54,0.02,0.01
0.59,85,80,0.48,"179,804",441,"33,288",537,0.55,0.02,0.00
0.6,80,68,0.46,"179,884",361,"33,356",469,0.57,0.01,0.00
0.61,63,74,0.54,"179,947",298,"33,430",395,0.57,0.01,0.00
0.62,49,61,0.55,"179,996",249,"33,491",334,0.57,0.01,0.00
0.63,40,70,0.64,"180,036",209,"33,561",264,0.56,0.01,0.00
0.64,37,49,0.57,"180,073",172,"33,610",215,0.56,0.01,0.00
0.65,42,39,0.48,"180,115",130,"33,649",176,0.58,0.01,0.00
0.66,37,39,0.51,"180,152",93,"33,688",137,0.60,0.00,0.00
0.67,19,31,0.62,"180,171",74,"33,719",106,0.59,0.00,0.00
0.68,19,26,0.58,"180,190",55,"33,745",80,0.59,0.00,0.00
0.69,12,15,0.56,"180,202",43,"33,760",65,0.60,0.00,0.00
0.7,13,20,0.61,"180,215",30,"33,780",45,0.60,0.00,0.00
0.71,11,15,0.58,"180,226",19,"33,795",30,0.61,0.00,0.00
0.72,5,8,0.62,"180,231",14,"33,803",22,0.61,0.00,0.00
0.73,4,5,0.56,"180,235",10,"33,808",17,0.63,0.00,0.00
0.74,4,2,0.33,"180,239",6,"33,810",15,0.71,0.00,0.00
0.75,4,7,0.64,"180,243",2,"33,817",8,0.80,0.00,0.00
0.76,2,5,0.71,"180,245",0,"33,822",3,1.00,0.00,0.00
0.77,0,3,1.00,"180,245",0,"33,825",0,nan,0.00,0.00
0.78,0,0,nan,"180,245",0,"33,825",0,nan,0.00,0.00
0.79,0,0,nan,"180,245",0,"33,825",0,nan,0.00,0.00
0.8,0,0,nan,"180,245",0,"33,825",0,nan,0.00,0.00
0.81,0,0,nan,"180,245",0,"33,825",0,nan,0.00,0.00
0.82,0,0,nan,"180,245",0,"33,825",0,nan,0.00,0.00
0.83,0,0,nan,"180,245",0,"33,825",0,nan,0.00,0.00
0.84,0,0,nan,"180,245",0,"33,825",0,nan,0.00,0.00
0.85,0,0,nan,"180,245",0,"33,825",0,nan,0.00,0.00
0.86,0,0,nan,"180,245",0,"33,825",0,nan,0.00,0.00
0.87,0,0,nan,"180,245",0,"33,825",0,nan,0.00,0.00
0.88,0,0,nan,"180,245",0,"33,825",0,nan,0.00,0.00
0.89,0,0,nan,"180,245",0,"33,825",0,nan,0.00,0.00
0.9,0,0,nan,"180,245",0,"33,825",0,nan,0.00,0.00
0.91,0,0,nan,"180,245",0,"33,825",0,nan,0.00,0.00
0.92,0,0,nan,"180,245",0,"33,825",0,nan,0.00,0.00
0.93,0,0,nan,"180,245",0,"33,825",0,nan,0.00,0.00
0.94,0,0,nan,"180,245",0,"33,825",0,nan,0.00,0.00
0.95,0,0,nan,"180,245",0,"33,825",0,nan,0.00,0.00
0.96,0,0,nan,"180,245",0,"33,825",0,nan,0.00,0.00
0.97,0,0,nan,"180,245",0,"33,825",0,nan,0.00,0.00
0.98,0,0,nan,"180,245",0,"33,825",0,nan,0.00,0.00
0.99,0,0,nan,"180,245",0,"33,825",0,nan,0.00,0.00
1.0,0,0,nan,"180,245",0,"33,825",0,nan,0.00,0.00
