p,Neg,Pos,mPrec,TN,FP,FN,TP,Prec,Rec,$\hat{p}$
0.0,"10,515",344,0.03,"10,515","410,055",344,"78,582",0.16,1.00,0.98
0.1,"119,008","8,251",0.06,"129,523","291,047","8,595","70,331",0.19,0.89,0.72
0.2,"124,224","16,353",0.12,"253,747","166,823","24,948","53,978",0.24,0.68,0.44
0.3,"79,765","16,425",0.17,"333,512","87,058","41,373","37,553",0.30,0.48,0.25
0.4,"40,788","11,763",0.22,"374,300","46,270","53,136","25,790",0.36,0.33,0.14
0.5,"19,970","7,731",0.28,"394,270","26,300","60,867","18,059",0.41,0.23,0.09
0.6,"10,185","5,047",0.33,"404,455","16,115","65,914","13,012",0.45,0.16,0.06
0.7,"5,934","3,701",0.38,"410,389","10,181","69,615","9,311",0.48,0.12,0.04
0.8,"4,056","2,959",0.42,"414,445","6,125","72,574","6,352",0.51,0.08,0.02
0.9,"2,715","2,484",0.48,"417,160","3,410","75,058","3,868",0.53,0.05,0.01
1.0,"3,410","3,868",0.53,"420,570",0,"78,926",0,nan,0.00,0.00
