p,Neg,Pos,mPrec,TN,FP,FN,TP,Prec,Rec,$\hat{p}$
0.0,"4,508",139,0.03,"4,508","175,737",139,"33,686",0.16,1.00,0.98
0.1,"50,471","3,504",0.06,"54,979","125,266","3,643","30,182",0.19,0.89,0.73
0.2,"52,814","6,909",0.12,"107,793","72,452","10,552","23,273",0.24,0.69,0.45
0.3,"34,485","7,041",0.17,"142,278","37,967","17,593","16,232",0.30,0.48,0.25
0.4,"17,597","5,107",0.22,"159,875","20,370","22,700","11,125",0.35,0.33,0.15
0.5,"8,772","3,385",0.28,"168,647","11,598","26,085","7,740",0.40,0.23,0.09
0.6,"4,440","2,207",0.33,"173,087","7,158","28,292","5,533",0.44,0.16,0.06
0.7,"2,637","1,604",0.38,"175,724","4,521","29,896","3,929",0.46,0.12,0.04
0.8,"1,749","1,295",0.43,"177,473","2,772","31,191","2,634",0.49,0.08,0.03
0.9,"1,214","1,011",0.45,"178,687","1,558","32,202","1,623",0.51,0.05,0.01
1.0,"1,558","1,623",0.51,"180,245",0,"33,825",0,nan,0.00,0.00
