p,Neg,Pos,mPrec,TN,FP,FN,TP,Prec,Rec,$\hat{p}$
0.0,0,0,nan,0,"420,570",0,"78,926",0.16,1.00,1.00
0.01,0,0,nan,0,"420,570",0,"78,926",0.16,1.00,1.00
0.02,120,3,0.02,120,"420,450",3,"78,923",0.16,1.00,1.00
0.03,"2,186",64,0.03,"2,306","418,264",67,"78,859",0.16,1.00,1.00
0.04,"9,819",333,0.03,"12,125","408,445",400,"78,526",0.16,0.99,0.97
0.05,"18,109",821,0.04,"30,234","390,336","1,221","77,705",0.17,0.98,0.94
0.06,"21,801","1,241",0.05,"52,035","368,535","2,462","76,464",0.17,0.97,0.89
0.07,"23,554","1,524",0.06,"75,589","344,981","3,986","74,940",0.18,0.95,0.84
0.08,"24,579","1,962",0.07,"100,168","320,402","5,948","72,978",0.19,0.92,0.79
0.09,"24,972","2,202",0.08,"125,140","295,430","8,150","70,776",0.19,0.90,0.73
0.1,"25,277","2,655",0.10,"150,417","270,153","10,805","68,121",0.20,0.86,0.68
0.11,"24,848","2,804",0.10,"175,265","245,305","13,609","65,317",0.21,0.83,0.62
0.12,"24,675","3,163",0.11,"199,940","220,630","16,772","62,154",0.22,0.79,0.57
0.13,"23,252","3,350",0.13,"223,192","197,378","20,122","58,804",0.23,0.75,0.51
0.14,"21,671","3,458",0.14,"244,863","175,707","23,580","55,346",0.24,0.70,0.46
0.15,"19,726","3,348",0.15,"264,589","155,981","26,928","51,998",0.25,0.66,0.42
0.16,"18,081","3,415",0.16,"282,670","137,900","30,343","48,583",0.26,0.62,0.37
0.17,"16,104","3,185",0.17,"298,774","121,796","33,528","45,398",0.27,0.58,0.33
0.18,"14,614","3,101",0.18,"313,388","107,182","36,629","42,297",0.28,0.54,0.30
0.19,"12,964","2,946",0.19,"326,352","94,218","39,575","39,351",0.29,0.50,0.27
0.2,"11,182","2,754",0.20,"337,534","83,036","42,329","36,597",0.31,0.46,0.24
0.21,"9,649","2,533",0.21,"347,183","73,387","44,862","34,064",0.32,0.43,0.22
0.22,"8,407","2,429",0.22,"355,590","64,980","47,291","31,635",0.33,0.40,0.19
0.23,"7,376","2,181",0.23,"362,966","57,604","49,472","29,454",0.34,0.37,0.17
0.24,"6,517","2,048",0.24,"369,483","51,087","51,520","27,406",0.35,0.35,0.16
0.25,"5,625","1,881",0.25,"375,108","45,462","53,401","25,525",0.36,0.32,0.14
0.26,"5,030","1,759",0.26,"380,138","40,432","55,160","23,766",0.37,0.30,0.13
0.27,"4,253","1,609",0.27,"384,391","36,179","56,769","22,157",0.38,0.28,0.12
0.28,"3,646","1,489",0.29,"388,037","32,533","58,258","20,668",0.39,0.26,0.11
0.29,"3,146","1,343",0.30,"391,183","29,387","59,601","19,325",0.40,0.24,0.10
0.3,"2,797","1,262",0.31,"393,980","26,590","60,863","18,063",0.40,0.23,0.09
0.31,"2,451","1,046",0.30,"396,431","24,139","61,909","17,017",0.41,0.22,0.08
0.32,"2,227","1,057",0.32,"398,658","21,912","62,966","15,960",0.42,0.20,0.08
0.33,"1,969",986,0.33,"400,627","19,943","63,952","14,974",0.43,0.19,0.07
0.34,"1,692",930,0.35,"402,319","18,251","64,882","14,044",0.43,0.18,0.06
0.35,"1,563",794,0.34,"403,882","16,688","65,676","13,250",0.44,0.17,0.06
0.36,"1,397",787,0.36,"405,279","15,291","66,463","12,463",0.45,0.16,0.06
0.37,"1,262",817,0.39,"406,541","14,029","67,280","11,646",0.45,0.15,0.05
0.38,"1,265",720,0.36,"407,806","12,764","68,000","10,926",0.46,0.14,0.05
0.39,"1,021",700,0.41,"408,827","11,743","68,700","10,226",0.47,0.13,0.04
0.4,"1,003",632,0.39,"409,830","10,740","69,332","9,594",0.47,0.12,0.04
0.41,938,632,0.40,"410,768","9,802","69,964","8,962",0.48,0.11,0.04
0.42,862,593,0.41,"411,630","8,940","70,557","8,369",0.48,0.11,0.03
0.43,776,559,0.42,"412,406","8,164","71,116","7,810",0.49,0.10,0.03
0.44,768,573,0.43,"413,174","7,396","71,689","7,237",0.49,0.09,0.03
0.45,709,531,0.43,"413,883","6,687","72,220","6,706",0.50,0.08,0.03
0.46,668,528,0.44,"414,551","6,019","72,748","6,178",0.51,0.08,0.02
0.47,592,512,0.46,"415,143","5,427","73,260","5,666",0.51,0.07,0.02
0.48,536,468,0.47,"415,679","4,891","73,728","5,198",0.52,0.07,0.02
0.49,525,487,0.48,"416,204","4,366","74,215","4,711",0.52,0.06,0.02
0.5,509,487,0.49,"416,713","3,857","74,702","4,224",0.52,0.05,0.02
0.51,445,421,0.49,"417,158","3,412","75,123","3,803",0.53,0.05,0.01
0.52,457,422,0.48,"417,615","2,955","75,545","3,381",0.53,0.04,0.01
0.53,399,402,0.50,"418,014","2,556","75,947","2,979",0.54,0.04,0.01
0.54,338,337,0.50,"418,352","2,218","76,284","2,642",0.54,0.03,0.01
0.55,331,326,0.50,"418,683","1,887","76,610","2,316",0.55,0.03,0.01
0.56,274,321,0.54,"418,957","1,613","76,931","1,995",0.55,0.03,0.01
0.57,231,255,0.52,"419,188","1,382","77,186","1,740",0.56,0.02,0.01
0.58,203,252,0.55,"419,391","1,179","77,438","1,488",0.56,0.02,0.01
0.59,203,215,0.51,"419,594",976,"77,653","1,273",0.57,0.02,0.00
0.6,165,214,0.56,"419,759",811,"77,867","1,059",0.57,0.01,0.00
0.61,149,164,0.52,"419,908",662,"78,031",895,0.57,0.01,0.00
0.62,133,172,0.56,"420,041",529,"78,203",723,0.58,0.01,0.00
0.63,119,155,0.57,"420,160",410,"78,358",568,0.58,0.01,0.00
0.64,90,114,0.56,"420,250",320,"78,472",454,0.59,0.01,0.00
0.65,87,91,0.51,"420,337",233,"78,563",363,0.61,0.00,0.00
0.66,58,73,0.56,"420,395",175,"78,636",290,0.62,0.00,0.00
0.67,41,68,0.62,"420,436",134,"78,704",222,0.62,0.00,0.00
0.68,30,62,0.67,"420,466",104,"78,766",160,0.61,0.00,0.00
0.69,23,37,0.62,"420,489",81,"78,803",123,0.60,0.00,0.00
0.7,19,27,0.59,"420,508",62,"78,830",96,0.61,0.00,0.00
0.71,18,29,0.62,"420,526",44,"78,859",67,0.60,0.00,0.00
0.72,7,26,0.79,"420,533",37,"78,885",41,0.53,0.00,0.00
0.73,13,11,0.46,"420,546",24,"78,896",30,0.56,0.00,0.00
0.74,12,14,0.54,"420,558",12,"78,910",16,0.57,0.00,0.00
0.75,6,4,0.40,"420,564",6,"78,914",12,0.67,0.00,0.00
0.76,2,4,0.67,"420,566",4,"78,918",8,0.67,0.00,0.00
0.77,2,4,0.67,"420,568",2,"78,922",4,0.67,0.00,0.00
0.78,1,2,0.67,"420,569",1,"78,924",2,0.67,0.00,0.00
0.79,0,1,1.00,"420,569",1,"78,925",1,0.50,0.00,0.00
0.8,1,0,0.00,"420,570",0,"78,925",1,1.00,0.00,0.00
0.81,0,0,nan,"420,570",0,"78,925",1,1.00,0.00,0.00
0.82,0,0,nan,"420,570",0,"78,925",1,1.00,0.00,0.00
0.83,0,0,nan,"420,570",0,"78,925",1,1.00,0.00,0.00
0.84,0,1,1.00,"420,570",0,"78,926",0,nan,0.00,0.00
0.85,0,0,nan,"420,570",0,"78,926",0,nan,0.00,0.00
0.86,0,0,nan,"420,570",0,"78,926",0,nan,0.00,0.00
0.87,0,0,nan,"420,570",0,"78,926",0,nan,0.00,0.00
0.88,0,0,nan,"420,570",0,"78,926",0,nan,0.00,0.00
0.89,0,0,nan,"420,570",0,"78,926",0,nan,0.00,0.00
0.9,0,0,nan,"420,570",0,"78,926",0,nan,0.00,0.00
0.91,0,0,nan,"420,570",0,"78,926",0,nan,0.00,0.00
0.92,0,0,nan,"420,570",0,"78,926",0,nan,0.00,0.00
0.93,0,0,nan,"420,570",0,"78,926",0,nan,0.00,0.00
0.94,0,0,nan,"420,570",0,"78,926",0,nan,0.00,0.00
0.95,0,0,nan,"420,570",0,"78,926",0,nan,0.00,0.00
0.96,0,0,nan,"420,570",0,"78,926",0,nan,0.00,0.00
0.97,0,0,nan,"420,570",0,"78,926",0,nan,0.00,0.00
0.98,0,0,nan,"420,570",0,"78,926",0,nan,0.00,0.00
0.99,0,0,nan,"420,570",0,"78,926",0,nan,0.00,0.00
1.0,0,0,nan,"420,570",0,"78,926",0,nan,0.00,0.00
