p,Neg,Pos,Neg/Pos,TN,FP,FN,TP,FP/TP,Prec.,Rec.,$\hat{p}$
0.0,0,0,nan,0,"420,570",0,"78,926",5.33,0.16,1.00,1.00
0.05,0,0,nan,0,"420,570",0,"78,926",5.33,0.16,1.00,1.00
0.1,0,0,nan,0,"420,570",0,"78,926",5.33,0.16,1.00,1.00
0.15,0,0,nan,0,"420,570",0,"78,926",5.33,0.16,1.00,1.00
0.2,225,8,28.12,225,"420,345",8,"78,918",5.33,0.16,1.00,1.00
0.25,"20,208","1,090",18.54,"20,433","400,137","1,098","77,828",5.14,0.16,0.99,0.96
0.3,"49,314","3,367",14.65,"69,747","350,823","4,465","74,461",4.71,0.18,0.94,0.85
0.35,"23,136","2,111",10.96,"92,883","327,687","6,576","72,350",4.53,0.18,0.92,0.80
0.4,"36,001","4,281",8.41,"128,884","291,686","10,857","68,069",4.29,0.19,0.86,0.72
0.45,"61,503","8,632",7.12,"190,387","230,183","19,489","59,437",3.87,0.21,0.75,0.58
0.5,"63,297","10,728",5.90,"253,684","166,886","30,217","48,709",3.43,0.23,0.62,0.43
0.55,"55,424","11,375",4.87,"309,108","111,462","41,592","37,334",2.99,0.25,0.47,0.30
0.6,"35,517","9,066",3.92,"344,625","75,945","50,658","28,268",2.69,0.27,0.36,0.21
0.65,"39,854","12,853",3.10,"384,479","36,091","63,511","15,415",2.34,0.30,0.20,0.10
0.7,"22,727","9,057",2.51,"407,206","13,364","72,568","6,358",2.10,0.32,0.08,0.04
0.75,"8,550","3,798",2.25,"415,756","4,814","76,366","2,560",1.88,0.35,0.03,0.01
0.8,"4,349","2,228",1.95,"420,105",465,"78,594",332,1.40,0.42,0.00,0.00
0.85,465,331,1.40,"420,570",0,"78,925",1,0.00,1.00,0.00,0.00
0.9,0,1,0.00,"420,570",0,"78,926",0,nan,nan,0.00,0.00
0.95,0,0,nan,"420,570",0,"78,926",0,nan,nan,0.00,0.00
1.0,0,0,nan,"420,570",0,"78,926",0,nan,nan,0.00,0.00
