p,Neg,Pos,mPrec,TN,FP,FN,TP,Prec,Rec,$\hat{p}$
0.0,"10,515",136,0.01,"10,515","410,055",136,"78,790",0.16,1.00,0.98
0.1,"163,477","8,912",0.05,"173,992","246,578","9,048","69,878",0.22,0.89,0.63
0.2,"115,589","15,981",0.12,"289,581","130,989","25,029","53,897",0.29,0.68,0.37
0.3,"59,726","14,339",0.19,"349,307","71,263","39,368","39,558",0.36,0.50,0.22
0.4,"31,510","11,140",0.26,"380,817","39,753","50,508","28,418",0.42,0.36,0.14
0.5,"17,104","8,242",0.33,"397,921","22,649","58,750","20,176",0.47,0.26,0.09
0.6,"9,698","6,437",0.40,"407,619","12,951","65,187","13,739",0.51,0.17,0.05
0.7,"5,697","4,703",0.45,"413,316","7,254","69,890","9,036",0.55,0.11,0.03
0.8,"3,302","3,351",0.50,"416,618","3,952","73,241","5,685",0.59,0.07,0.02
0.9,"1,917","2,256",0.54,"418,535","2,035","75,497","3,429",0.63,0.04,0.01
1.0,"2,035","3,429",0.63,"420,570",0,"78,926",0,nan,0.00,0.00
