p,Neg,Pos,mPrec,TN,FP,FN,TP,Prec,Rec,$\hat{p}$
0.0,"4,507",45,0.01,"4,507","175,738",45,"33,780",0.16,1.00,0.98
0.1,"19,196",504,0.03,"23,703","156,542",549,"33,276",0.18,0.98,0.89
0.2,"27,041","1,340",0.05,"50,744","129,501","1,889","31,936",0.20,0.94,0.75
0.3,"28,965","2,415",0.08,"79,709","100,536","4,304","29,521",0.23,0.87,0.61
0.4,"26,928","3,442",0.11,"106,637","73,608","7,746","26,079",0.26,0.77,0.47
0.5,"22,843","4,108",0.15,"129,480","50,765","11,854","21,971",0.30,0.65,0.34
0.6,"18,541","4,538",0.20,"148,021","32,224","16,392","17,433",0.35,0.52,0.23
0.7,"13,757","4,632",0.25,"161,778","18,467","21,024","12,801",0.41,0.38,0.15
0.8,"9,376","4,640",0.33,"171,154","9,091","25,664","8,161",0.47,0.24,0.08
0.9,"5,815","4,318",0.43,"176,969","3,276","29,982","3,843",0.54,0.11,0.03
1.0,"3,276","3,843",0.54,"180,245",0,"33,825",0,nan,0.00,0.00
