p,Neg,Pos,mPrec,TN,FP,FN,TP,Prec,Rec,$\hat{p}$
0.0,0,0,nan,0,"420,570",0,"78,926",0.16,1.00,1.00
0.1,0,0,nan,0,"420,570",0,"78,926",0.16,1.00,1.00
0.2,269,10,0.04,269,"420,301",10,"78,916",0.16,1.00,1.00
0.3,"70,519","4,464",0.06,"70,788","349,782","4,474","74,452",0.18,0.94,0.85
0.4,"59,799","6,465",0.10,"130,587","289,983","10,939","67,987",0.19,0.86,0.72
0.5,"122,310","19,074",0.13,"252,897","167,673","30,013","48,913",0.23,0.62,0.43
0.6,"90,763","20,499",0.18,"343,660","76,910","50,512","28,414",0.27,0.36,0.21
0.7,"63,137","21,829",0.26,"406,797","13,773","72,341","6,585",0.32,0.08,0.04
0.8,"13,367","6,299",0.32,"420,164",406,"78,640",286,0.41,0.00,0.00
0.9,406,286,0.41,"420,570",0,"78,926",0,nan,0.00,0.00
1.0,0,0,nan,"420,570",0,"78,926",0,nan,0.00,0.00
