p,Neg,Pos,mPrec,TN,FP,FN,TP,Prec,Rec,$\hat{p}$
0.0,0,0,nan,0,"399,055",0,"78,926",0.17,1.00,1.00
0.05,913,9,0.01,913,"398,142",9,"78,917",0.17,1.00,1.00
0.1,"12,084",181,0.01,"12,997","386,058",190,"78,736",0.17,1.00,0.97
0.15,"25,301",624,0.02,"38,298","360,757",814,"78,112",0.18,0.99,0.92
0.2,"33,144","1,261",0.04,"71,442","327,613","2,075","76,851",0.19,0.97,0.85
0.25,"36,600","1,990",0.05,"108,042","291,013","4,065","74,861",0.20,0.95,0.77
0.3,"38,440","2,663",0.06,"146,482","252,573","6,728","72,198",0.22,0.91,0.68
0.35,"37,837","3,520",0.09,"184,319","214,736","10,248","68,678",0.24,0.87,0.59
0.4,"35,598","4,353",0.11,"219,917","179,138","14,601","64,325",0.26,0.82,0.51
0.45,"32,281","4,968",0.13,"252,198","146,857","19,569","59,357",0.29,0.75,0.43
0.5,"29,670","5,500",0.16,"281,868","117,187","25,069","53,857",0.31,0.68,0.36
0.55,"25,533","5,975",0.19,"307,401","91,654","31,044","47,882",0.34,0.61,0.29
0.6,"22,370","6,269",0.22,"329,771","69,284","37,313","41,613",0.38,0.53,0.23
0.65,"18,418","6,648",0.27,"348,189","50,866","43,961","34,965",0.41,0.44,0.18
0.7,"15,463","6,481",0.30,"363,652","35,403","50,442","28,484",0.45,0.36,0.13
0.75,"12,149","6,444",0.35,"375,801","23,254","56,886","22,040",0.49,0.28,0.09
0.8,"9,278","6,294",0.40,"385,079","13,976","63,180","15,746",0.53,0.20,0.06
0.85,"6,754","6,006",0.47,"391,833","7,222","69,186","9,740",0.57,0.12,0.04
0.9,"4,500","4,971",0.52,"396,333","2,722","74,157","4,769",0.64,0.06,0.02
0.95,"2,284","3,501",0.61,"398,617",438,"77,658","1,268",0.74,0.02,0.00
1.0,438,"1,268",0.74,"399,055",0,"78,926",0,nan,0.00,0.00
