p,Neg,Pos,mPrec,TN,FP,FN,TP,Prec,Rec,$\hat{p}$
0.0,1,0,0.00,1,"420,569",0,"78,926",0.16,1.00,1.00
0.01,1,0,0.00,2,"420,568",0,"78,926",0.16,1.00,1.00
0.02,4,1,0.20,6,"420,564",1,"78,925",0.16,1.00,1.00
0.03,30,0,0.00,36,"420,534",1,"78,925",0.16,1.00,1.00
0.04,65,2,0.03,101,"420,469",3,"78,923",0.16,1.00,1.00
0.05,154,4,0.03,255,"420,315",7,"78,919",0.16,1.00,1.00
0.06,247,6,0.02,502,"420,068",13,"78,913",0.16,1.00,1.00
0.07,382,8,0.02,884,"419,686",21,"78,905",0.16,1.00,1.00
0.08,620,13,0.02,"1,504","419,066",34,"78,892",0.16,1.00,1.00
0.09,"1,089",38,0.03,"2,593","417,977",72,"78,854",0.16,1.00,0.99
0.1,"1,481",50,0.03,"4,074","416,496",122,"78,804",0.16,1.00,0.99
0.11,"1,934",65,0.03,"6,008","414,562",187,"78,739",0.16,1.00,0.99
0.12,"2,447",73,0.03,"8,455","412,115",260,"78,666",0.16,1.00,0.98
0.13,"3,140",115,0.04,"11,595","408,975",375,"78,551",0.16,1.00,0.98
0.14,"3,552",164,0.04,"15,147","405,423",539,"78,387",0.16,0.99,0.97
0.15,"4,236",144,0.03,"19,383","401,187",683,"78,243",0.16,0.99,0.96
0.16,"4,448",218,0.05,"23,831","396,739",901,"78,025",0.16,0.99,0.95
0.17,"4,823",230,0.05,"28,654","391,916","1,131","77,795",0.17,0.99,0.94
0.18,"5,292",303,0.05,"33,946","386,624","1,434","77,492",0.17,0.98,0.93
0.19,"5,386",280,0.05,"39,332","381,238","1,714","77,212",0.17,0.98,0.92
0.2,"5,732",300,0.05,"45,064","375,506","2,014","76,912",0.17,0.97,0.91
0.21,"5,989",358,0.06,"51,053","369,517","2,372","76,554",0.17,0.97,0.89
0.22,"6,086",349,0.05,"57,139","363,431","2,721","76,205",0.17,0.97,0.88
0.23,"6,211",417,0.06,"63,350","357,220","3,138","75,788",0.18,0.96,0.87
0.24,"6,633",452,0.06,"69,983","350,587","3,590","75,336",0.18,0.95,0.85
0.25,"7,036",466,0.06,"77,019","343,551","4,056","74,870",0.18,0.95,0.84
0.26,"7,201",551,0.07,"84,220","336,350","4,607","74,319",0.18,0.94,0.82
0.27,"7,246",552,0.07,"91,466","329,104","5,159","73,767",0.18,0.93,0.81
0.28,"7,613",640,0.08,"99,079","321,491","5,799","73,127",0.19,0.93,0.79
0.29,"7,709",607,0.07,"106,788","313,782","6,406","72,520",0.19,0.92,0.77
0.3,"7,798",715,0.08,"114,586","305,984","7,121","71,805",0.19,0.91,0.76
0.31,"7,947",742,0.09,"122,533","298,037","7,863","71,063",0.19,0.90,0.74
0.32,"8,379",813,0.09,"130,912","289,658","8,676","70,250",0.20,0.89,0.72
0.33,"8,384",876,0.09,"139,296","281,274","9,552","69,374",0.20,0.88,0.70
0.34,"8,796",944,0.10,"148,092","272,478","10,496","68,430",0.20,0.87,0.68
0.35,"8,861",970,0.10,"156,953","263,617","11,466","67,460",0.20,0.85,0.66
0.36,"8,701",981,0.10,"165,654","254,916","12,447","66,479",0.21,0.84,0.64
0.37,"9,124","1,056",0.10,"174,778","245,792","13,503","65,423",0.21,0.83,0.62
0.38,"9,216","1,125",0.11,"183,994","236,576","14,628","64,298",0.21,0.81,0.60
0.39,"9,388","1,215",0.11,"193,382","227,188","15,843","63,083",0.22,0.80,0.58
0.4,"9,280","1,285",0.12,"202,662","217,908","17,128","61,798",0.22,0.78,0.56
0.41,"9,078","1,289",0.12,"211,740","208,830","18,417","60,509",0.22,0.77,0.54
0.42,"9,347","1,365",0.13,"221,087","199,483","19,782","59,144",0.23,0.75,0.52
0.43,"9,127","1,443",0.14,"230,214","190,356","21,225","57,701",0.23,0.73,0.50
0.44,"9,206","1,404",0.13,"239,420","181,150","22,629","56,297",0.24,0.71,0.48
0.45,"9,004","1,469",0.14,"248,424","172,146","24,098","54,828",0.24,0.69,0.45
0.46,"8,796","1,425",0.14,"257,220","163,350","25,523","53,403",0.25,0.68,0.43
0.47,"8,644","1,560",0.15,"265,864","154,706","27,083","51,843",0.25,0.66,0.41
0.48,"8,362","1,528",0.15,"274,226","146,344","28,611","50,315",0.26,0.64,0.39
0.49,"8,396","1,612",0.16,"282,622","137,948","30,223","48,703",0.26,0.62,0.37
0.5,"8,053","1,620",0.17,"290,675","129,895","31,843","47,083",0.27,0.60,0.35
0.51,"7,647","1,555",0.17,"298,322","122,248","33,398","45,528",0.27,0.58,0.34
0.52,"7,453","1,605",0.18,"305,775","114,795","35,003","43,923",0.28,0.56,0.32
0.53,"7,579","1,581",0.17,"313,354","107,216","36,584","42,342",0.28,0.54,0.30
0.54,"7,078","1,627",0.19,"320,432","100,138","38,211","40,715",0.29,0.52,0.28
0.55,"6,741","1,549",0.19,"327,173","93,397","39,760","39,166",0.30,0.50,0.27
0.56,"6,465","1,530",0.19,"333,638","86,932","41,290","37,636",0.30,0.48,0.25
0.57,"5,877","1,535",0.21,"339,515","81,055","42,825","36,101",0.31,0.46,0.23
0.58,"5,761","1,493",0.21,"345,276","75,294","44,318","34,608",0.31,0.44,0.22
0.59,"5,415","1,566",0.22,"350,691","69,879","45,884","33,042",0.32,0.42,0.21
0.6,"5,131","1,439",0.22,"355,822","64,748","47,323","31,603",0.33,0.40,0.19
0.61,"4,902","1,486",0.23,"360,724","59,846","48,809","30,117",0.33,0.38,0.18
0.62,"4,444","1,407",0.24,"365,168","55,402","50,216","28,710",0.34,0.36,0.17
0.63,"4,307","1,336",0.24,"369,475","51,095","51,552","27,374",0.35,0.35,0.16
0.64,"4,070","1,371",0.25,"373,545","47,025","52,923","26,003",0.36,0.33,0.15
0.65,"3,795","1,273",0.25,"377,340","43,230","54,196","24,730",0.36,0.31,0.14
0.66,"3,488","1,318",0.27,"380,828","39,742","55,514","23,412",0.37,0.30,0.13
0.67,"3,331","1,214",0.27,"384,159","36,411","56,728","22,198",0.38,0.28,0.12
0.68,"2,916","1,215",0.29,"387,075","33,495","57,943","20,983",0.39,0.27,0.11
0.69,"2,676","1,120",0.30,"389,751","30,819","59,063","19,863",0.39,0.25,0.10
0.7,"2,589","1,155",0.31,"392,340","28,230","60,218","18,708",0.40,0.24,0.09
0.71,"2,264",983,0.30,"394,604","25,966","61,201","17,725",0.41,0.22,0.09
0.72,"2,300","1,037",0.31,"396,904","23,666","62,238","16,688",0.41,0.21,0.08
0.73,"2,003",948,0.32,"398,907","21,663","63,186","15,740",0.42,0.20,0.07
0.74,"1,844",937,0.34,"400,751","19,819","64,123","14,803",0.43,0.19,0.07
0.75,"1,702",893,0.34,"402,453","18,117","65,016","13,910",0.43,0.18,0.06
0.76,"1,652",862,0.34,"404,105","16,465","65,878","13,048",0.44,0.17,0.06
0.77,"1,481",878,0.37,"405,586","14,984","66,756","12,170",0.45,0.15,0.05
0.78,"1,411",858,0.38,"406,997","13,573","67,614","11,312",0.45,0.14,0.05
0.79,"1,386",838,0.38,"408,383","12,187","68,452","10,474",0.46,0.13,0.05
0.8,"1,262",870,0.41,"409,645","10,925","69,322","9,604",0.47,0.12,0.04
0.81,"1,184",791,0.40,"410,829","9,741","70,113","8,813",0.47,0.11,0.04
0.82,"1,086",780,0.42,"411,915","8,655","70,893","8,033",0.48,0.10,0.03
0.83,"1,092",763,0.41,"413,007","7,563","71,656","7,270",0.49,0.09,0.03
0.84,"1,052",799,0.43,"414,059","6,511","72,455","6,471",0.50,0.08,0.03
0.85,932,760,0.45,"414,991","5,579","73,215","5,711",0.51,0.07,0.02
0.86,894,762,0.46,"415,885","4,685","73,977","4,949",0.51,0.06,0.02
0.87,827,812,0.50,"416,712","3,858","74,789","4,137",0.52,0.05,0.02
0.88,819,736,0.47,"417,531","3,039","75,525","3,401",0.53,0.04,0.01
0.89,689,699,0.50,"418,220","2,350","76,224","2,702",0.53,0.03,0.01
0.9,608,619,0.50,"418,828","1,742","76,843","2,083",0.54,0.03,0.01
0.91,475,527,0.53,"419,303","1,267","77,370","1,556",0.55,0.02,0.01
0.92,411,462,0.53,"419,714",856,"77,832","1,094",0.56,0.01,0.00
0.93,316,395,0.56,"420,030",540,"78,227",699,0.56,0.01,0.00
0.94,249,285,0.53,"420,279",291,"78,512",414,0.59,0.01,0.00
0.95,156,194,0.55,"420,435",135,"78,706",220,0.62,0.00,0.00
0.96,66,118,0.64,"420,501",69,"78,824",102,0.60,0.00,0.00
0.97,40,67,0.63,"420,541",29,"78,891",35,0.55,0.00,0.00
0.98,25,24,0.49,"420,566",4,"78,915",11,0.73,0.00,0.00
0.99,3,10,0.77,"420,569",1,"78,925",1,0.50,0.00,0.00
1.0,1,1,0.50,"420,570",0,"78,926",0,nan,0.00,0.00
