p,Neg,Pos,mPrec,TN,FP,FN,TP,Prec,Rec,$\hat{p}$
0.0,0,0,nan,0,"420,570",0,"78,926",0.16,1.00,1.00
0.1,160,4,0.02,160,"420,410",4,"78,922",0.16,1.00,1.00
0.2,"21,563",793,0.04,"21,723","398,847",797,"78,129",0.16,0.99,0.95
0.3,"66,694","4,139",0.06,"88,417","332,153","4,936","73,990",0.18,0.94,0.81
0.4,"92,322","9,282",0.09,"180,739","239,831","14,218","64,708",0.21,0.82,0.61
0.5,"99,245","15,538",0.14,"279,984","140,586","29,756","49,170",0.26,0.62,0.38
0.6,"74,540","17,180",0.19,"354,524","66,046","46,936","31,990",0.33,0.41,0.20
0.7,"39,622","14,076",0.26,"394,146","26,424","61,012","17,914",0.40,0.23,0.09
0.8,"17,599","9,766",0.36,"411,745","8,825","70,778","8,148",0.48,0.10,0.03
0.9,"8,257","7,422",0.47,"420,002",568,"78,200",726,0.56,0.01,0.00
1.0,568,726,0.56,"420,570",0,"78,926",0,nan,0.00,0.00
