p,Neg,Pos,mPrec,TN,FP,FN,TP,Prec,Rec,$\hat{p}$
0.0,"1,824",92,0.05,"1,824","178,421",92,"33,733",0.16,1.00,0.99
0.01,"3,301",171,0.05,"5,125","175,120",263,"33,562",0.16,0.99,0.97
0.02,"4,526",293,0.06,"9,651","170,594",556,"33,269",0.16,0.98,0.95
0.03,"5,952",365,0.06,"15,603","164,642",921,"32,904",0.17,0.97,0.92
0.04,"5,815",413,0.07,"21,418","158,827","1,334","32,491",0.17,0.96,0.89
0.05,"4,489",333,0.07,"25,907","154,338","1,667","32,158",0.17,0.95,0.87
0.06,"3,311",247,0.07,"29,218","151,027","1,914","31,911",0.17,0.94,0.85
0.07,"2,561",186,0.07,"31,779","148,466","2,100","31,725",0.18,0.94,0.84
0.08,"2,133",177,0.08,"33,912","146,333","2,277","31,548",0.18,0.93,0.83
0.09,"1,708",177,0.09,"35,620","144,625","2,454","31,371",0.18,0.93,0.82
0.1,"1,980",178,0.08,"37,600","142,645","2,632","31,193",0.18,0.92,0.81
0.11,"1,850",212,0.10,"39,450","140,795","2,844","30,981",0.18,0.92,0.80
0.12,"2,242",239,0.10,"41,692","138,553","3,083","30,742",0.18,0.91,0.79
0.13,"2,539",289,0.10,"44,231","136,014","3,372","30,453",0.18,0.90,0.78
0.14,"2,431",251,0.09,"46,662","133,583","3,623","30,202",0.18,0.89,0.77
0.15,"3,018",356,0.11,"49,680","130,565","3,979","29,846",0.19,0.88,0.75
0.16,"3,165",382,0.11,"52,845","127,400","4,361","29,464",0.19,0.87,0.73
0.17,"3,611",468,0.11,"56,456","123,789","4,829","28,996",0.19,0.86,0.71
0.18,"3,572",482,0.12,"60,028","120,217","5,311","28,514",0.19,0.84,0.69
0.19,"3,619",494,0.12,"63,647","116,598","5,805","28,020",0.19,0.83,0.68
0.2,"4,322",578,0.12,"67,969","112,276","6,383","27,442",0.20,0.81,0.65
0.21,"3,878",595,0.13,"71,847","108,398","6,978","26,847",0.20,0.79,0.63
0.22,"4,192",611,0.13,"76,039","104,206","7,589","26,236",0.20,0.78,0.61
0.23,"4,263",682,0.14,"80,302","99,943","8,271","25,554",0.20,0.76,0.59
0.24,"4,320",698,0.14,"84,622","95,623","8,969","24,856",0.21,0.73,0.56
0.25,"3,684",576,0.14,"88,306","91,939","9,545","24,280",0.21,0.72,0.54
0.26,"3,842",608,0.14,"92,148","88,097","10,153","23,672",0.21,0.70,0.52
0.27,"4,025",672,0.14,"96,173","84,072","10,825","23,000",0.21,0.68,0.50
0.28,"3,387",558,0.14,"99,560","80,685","11,383","22,442",0.22,0.66,0.48
0.29,"3,232",647,0.17,"102,792","77,453","12,030","21,795",0.22,0.64,0.46
0.3,"4,137",741,0.15,"106,929","73,316","12,771","21,054",0.22,0.62,0.44
0.31,"3,197",594,0.16,"110,126","70,119","13,365","20,460",0.23,0.60,0.42
0.32,"3,304",623,0.16,"113,430","66,815","13,988","19,837",0.23,0.59,0.40
0.33,"3,552",633,0.15,"116,982","63,263","14,621","19,204",0.23,0.57,0.39
0.34,"3,077",634,0.17,"120,059","60,186","15,255","18,570",0.24,0.55,0.37
0.35,"3,216",630,0.16,"123,275","56,970","15,885","17,940",0.24,0.53,0.35
0.36,"2,533",528,0.17,"125,808","54,437","16,413","17,412",0.24,0.51,0.34
0.37,"2,477",574,0.19,"128,285","51,960","16,987","16,838",0.24,0.50,0.32
0.38,"2,645",563,0.18,"130,930","49,315","17,550","16,275",0.25,0.48,0.31
0.39,"2,421",514,0.18,"133,351","46,894","18,064","15,761",0.25,0.47,0.29
0.4,"1,480",338,0.19,"134,831","45,414","18,402","15,423",0.25,0.46,0.28
0.41,"1,667",395,0.19,"136,498","43,747","18,797","15,028",0.26,0.44,0.27
0.42,"1,957",479,0.20,"138,455","41,790","19,276","14,549",0.26,0.43,0.26
0.43,"1,447",363,0.20,"139,902","40,343","19,639","14,186",0.26,0.42,0.25
0.44,"1,174",297,0.20,"141,076","39,169","19,936","13,889",0.26,0.41,0.25
0.45,"1,740",458,0.21,"142,816","37,429","20,394","13,431",0.26,0.40,0.24
0.46,"1,646",391,0.19,"144,462","35,783","20,785","13,040",0.27,0.39,0.23
0.47,"1,425",392,0.22,"145,887","34,358","21,177","12,648",0.27,0.37,0.22
0.48,"1,633",462,0.22,"147,520","32,725","21,639","12,186",0.27,0.36,0.21
0.49,"1,418",410,0.22,"148,938","31,307","22,049","11,776",0.27,0.35,0.20
0.5,"1,723",511,0.23,"150,661","29,584","22,560","11,265",0.28,0.33,0.19
0.51,"1,612",469,0.23,"152,273","27,972","23,029","10,796",0.28,0.32,0.18
0.52,"1,835",539,0.23,"154,108","26,137","23,568","10,257",0.28,0.30,0.17
0.53,"1,748",587,0.25,"155,856","24,389","24,155","9,670",0.28,0.29,0.16
0.54,"1,441",462,0.24,"157,297","22,948","24,617","9,208",0.29,0.27,0.15
0.55,"1,153",390,0.25,"158,450","21,795","25,007","8,818",0.29,0.26,0.14
0.56,"1,931",629,0.25,"160,381","19,864","25,636","8,189",0.29,0.24,0.13
0.57,"1,214",523,0.30,"161,595","18,650","26,159","7,666",0.29,0.23,0.12
0.58,"1,217",443,0.27,"162,812","17,433","26,602","7,223",0.29,0.21,0.12
0.59,"1,190",418,0.26,"164,002","16,243","27,020","6,805",0.30,0.20,0.11
0.6,"1,440",491,0.25,"165,442","14,803","27,511","6,314",0.30,0.19,0.10
0.61,"1,212",436,0.26,"166,654","13,591","27,947","5,878",0.30,0.17,0.09
0.62,933,402,0.30,"167,587","12,658","28,349","5,476",0.30,0.16,0.08
0.63,774,313,0.29,"168,361","11,884","28,662","5,163",0.30,0.15,0.08
0.64,816,338,0.29,"169,177","11,068","29,000","4,825",0.30,0.14,0.07
0.65,969,343,0.26,"170,146","10,099","29,343","4,482",0.31,0.13,0.07
0.66,656,286,0.30,"170,802","9,443","29,629","4,196",0.31,0.12,0.06
0.67,673,255,0.27,"171,475","8,770","29,884","3,941",0.31,0.12,0.06
0.68,585,229,0.28,"172,060","8,185","30,113","3,712",0.31,0.11,0.06
0.69,629,246,0.28,"172,689","7,556","30,359","3,466",0.31,0.10,0.05
0.7,484,198,0.29,"173,173","7,072","30,557","3,268",0.32,0.10,0.05
0.71,501,195,0.28,"173,674","6,571","30,752","3,073",0.32,0.09,0.05
0.72,406,176,0.30,"174,080","6,165","30,928","2,897",0.32,0.09,0.04
0.73,476,221,0.32,"174,556","5,689","31,149","2,676",0.32,0.08,0.04
0.74,482,202,0.30,"175,038","5,207","31,351","2,474",0.32,0.07,0.04
0.75,355,139,0.28,"175,393","4,852","31,490","2,335",0.32,0.07,0.03
0.76,354,145,0.29,"175,747","4,498","31,635","2,190",0.33,0.06,0.03
0.77,279,110,0.28,"176,026","4,219","31,745","2,080",0.33,0.06,0.03
0.78,318,136,0.30,"176,344","3,901","31,881","1,944",0.33,0.06,0.03
0.79,348,148,0.30,"176,692","3,553","32,029","1,796",0.34,0.05,0.02
0.8,126,55,0.30,"176,818","3,427","32,084","1,741",0.34,0.05,0.02
0.81,218,109,0.33,"177,036","3,209","32,193","1,632",0.34,0.05,0.02
0.82,143,99,0.41,"177,179","3,066","32,292","1,533",0.33,0.05,0.02
0.83,225,94,0.29,"177,404","2,841","32,386","1,439",0.34,0.04,0.02
0.84,205,120,0.37,"177,609","2,636","32,506","1,319",0.33,0.04,0.02
0.85,151,89,0.37,"177,760","2,485","32,595","1,230",0.33,0.04,0.02
0.86,117,54,0.32,"177,877","2,368","32,649","1,176",0.33,0.03,0.02
0.87,229,106,0.32,"178,106","2,139","32,755","1,070",0.33,0.03,0.01
0.88,138,49,0.26,"178,244","2,001","32,804","1,021",0.34,0.03,0.01
0.89,134,81,0.38,"178,378","1,867","32,885",940,0.33,0.03,0.01
0.9,97,37,0.28,"178,475","1,770","32,922",903,0.34,0.03,0.01
0.91,141,65,0.32,"178,616","1,629","32,987",838,0.34,0.02,0.01
0.92,208,78,0.27,"178,824","1,421","33,065",760,0.35,0.02,0.01
0.93,115,45,0.28,"178,939","1,306","33,110",715,0.35,0.02,0.01
0.94,147,86,0.37,"179,086","1,159","33,196",629,0.35,0.02,0.01
0.95,123,43,0.26,"179,209","1,036","33,239",586,0.36,0.02,0.01
0.96,77,47,0.38,"179,286",959,"33,286",539,0.36,0.02,0.01
0.97,157,94,0.37,"179,443",802,"33,380",445,0.36,0.01,0.01
0.98,80,39,0.33,"179,523",722,"33,419",406,0.36,0.01,0.01
0.99,52,25,0.32,"179,575",670,"33,444",381,0.36,0.01,0.00
1.0,670,381,0.36,"180,245",0,"33,825",0,nan,0.00,0.00
