p,Neg,Pos,mPrec,TN,FP,FN,TP,Prec,Rec,$\hat{p}$
0.0,"4,510",239,0.05,"4,510","175,735",239,"33,586",0.16,0.99,0.98
0.1,"32,938","2,381",0.07,"37,448","142,797","2,620","31,205",0.18,0.92,0.81
0.2,"25,936","3,150",0.11,"63,384","116,861","5,770","28,055",0.19,0.83,0.68
0.3,"35,919","5,558",0.13,"99,303","80,942","11,328","22,497",0.22,0.67,0.48
0.4,"28,689","5,572",0.16,"127,992","52,253","16,900","16,925",0.24,0.50,0.32
0.5,"16,166","3,820",0.19,"144,158","36,087","20,720","13,105",0.27,0.39,0.23
0.6,"14,146","4,236",0.23,"158,304","21,941","24,956","8,869",0.29,0.26,0.14
0.7,"10,698","3,947",0.27,"169,002","11,243","28,903","4,922",0.30,0.15,0.08
0.8,"5,428","2,178",0.29,"174,430","5,815","31,081","2,744",0.32,0.08,0.04
0.9,"2,708","1,191",0.31,"177,138","3,107","32,272","1,553",0.33,0.05,0.02
1.0,"3,107","1,553",0.33,"180,245",0,"33,825",0,nan,0.00,0.00
