p,Neg,Pos,mPrec,TN,FP,FN,TP,Prec,Rec,$\hat{p}$
0.0,"1,803",16,0.01,"1,803","178,442",16,"33,809",0.16,1.00,0.99
0.01,"4,450",71,0.02,"6,253","173,992",87,"33,738",0.16,1.00,0.97
0.02,"6,471",128,0.02,"12,724","167,521",215,"33,610",0.17,0.99,0.94
0.03,"7,831",248,0.03,"20,555","159,690",463,"33,362",0.17,0.99,0.90
0.04,"8,462",336,0.04,"29,017","151,228",799,"33,026",0.18,0.98,0.86
0.05,"8,751",367,0.04,"37,768","142,477","1,166","32,659",0.19,0.97,0.82
0.06,"8,758",500,0.05,"46,526","133,719","1,666","32,159",0.19,0.95,0.77
0.07,"8,449",584,0.06,"54,975","125,270","2,250","31,575",0.20,0.93,0.73
0.08,"8,259",652,0.07,"63,234","117,011","2,902","30,923",0.21,0.91,0.69
0.09,"7,865",682,0.08,"71,099","109,146","3,584","30,241",0.22,0.89,0.65
0.1,"7,574",703,0.08,"78,673","101,572","4,287","29,538",0.23,0.87,0.61
0.11,"7,059",737,0.09,"85,732","94,513","5,024","28,801",0.23,0.85,0.58
0.12,"6,606",826,0.11,"92,338","87,907","5,850","27,975",0.24,0.83,0.54
0.13,"6,154",803,0.12,"98,492","81,753","6,653","27,172",0.25,0.80,0.51
0.14,"5,653",829,0.13,"104,145","76,100","7,482","26,343",0.26,0.78,0.48
0.15,"5,164",800,0.13,"109,309","70,936","8,282","25,543",0.26,0.76,0.45
0.16,"4,909",834,0.15,"114,218","66,027","9,116","24,709",0.27,0.73,0.42
0.17,"4,528",786,0.15,"118,746","61,499","9,902","23,923",0.28,0.71,0.40
0.18,"4,366",737,0.14,"123,112","57,133","10,639","23,186",0.29,0.69,0.38
0.19,"3,836",757,0.16,"126,948","53,297","11,396","22,429",0.30,0.66,0.35
0.2,"3,738",745,0.17,"130,686","49,559","12,141","21,684",0.30,0.64,0.33
0.21,"3,303",753,0.19,"133,989","46,256","12,894","20,931",0.31,0.62,0.31
0.22,"3,095",701,0.18,"137,084","43,161","13,595","20,230",0.32,0.60,0.30
0.23,"2,882",667,0.19,"139,966","40,279","14,262","19,563",0.33,0.58,0.28
0.24,"2,705",668,0.20,"142,671","37,574","14,930","18,895",0.33,0.56,0.26
0.25,"2,445",662,0.21,"145,116","35,129","15,592","18,233",0.34,0.54,0.25
0.26,"2,351",642,0.21,"147,467","32,778","16,234","17,591",0.35,0.52,0.24
0.27,"2,131",592,0.22,"149,598","30,647","16,826","16,999",0.36,0.50,0.22
0.28,"1,982",567,0.22,"151,580","28,665","17,393","16,432",0.36,0.49,0.21
0.29,"1,900",579,0.23,"153,480","26,765","17,972","15,853",0.37,0.47,0.20
0.3,"1,764",575,0.25,"155,244","25,001","18,547","15,278",0.38,0.45,0.19
0.31,"1,504",528,0.26,"156,748","23,497","19,075","14,750",0.39,0.44,0.18
0.32,"1,482",465,0.24,"158,230","22,015","19,540","14,285",0.39,0.42,0.17
0.33,"1,334",554,0.29,"159,564","20,681","20,094","13,731",0.40,0.41,0.16
0.34,"1,304",516,0.28,"160,868","19,377","20,610","13,215",0.41,0.39,0.15
0.35,"1,303",459,0.26,"162,171","18,074","21,069","12,756",0.41,0.38,0.14
0.36,"1,142",489,0.30,"163,313","16,932","21,558","12,267",0.42,0.36,0.14
0.37,"1,055",446,0.30,"164,368","15,877","22,004","11,821",0.43,0.35,0.13
0.38,986,454,0.32,"165,354","14,891","22,458","11,367",0.43,0.34,0.12
0.39,870,441,0.34,"166,224","14,021","22,899","10,926",0.44,0.32,0.12
0.4,854,383,0.31,"167,078","13,167","23,282","10,543",0.44,0.31,0.11
0.41,806,422,0.34,"167,884","12,361","23,704","10,121",0.45,0.30,0.11
0.42,732,420,0.36,"168,616","11,629","24,124","9,701",0.45,0.29,0.10
0.43,713,375,0.34,"169,329","10,916","24,499","9,326",0.46,0.28,0.09
0.44,643,372,0.37,"169,972","10,273","24,871","8,954",0.47,0.26,0.09
0.45,615,323,0.34,"170,587","9,658","25,194","8,631",0.47,0.26,0.09
0.46,642,326,0.34,"171,229","9,016","25,520","8,305",0.48,0.25,0.08
0.47,508,349,0.41,"171,737","8,508","25,869","7,956",0.48,0.24,0.08
0.48,525,347,0.40,"172,262","7,983","26,216","7,609",0.49,0.22,0.07
0.49,469,288,0.38,"172,731","7,514","26,504","7,321",0.49,0.22,0.07
0.5,428,325,0.43,"173,159","7,086","26,829","6,996",0.50,0.21,0.07
0.51,454,315,0.41,"173,613","6,632","27,144","6,681",0.50,0.20,0.06
0.52,400,300,0.43,"174,013","6,232","27,444","6,381",0.51,0.19,0.06
0.53,380,260,0.41,"174,393","5,852","27,704","6,121",0.51,0.18,0.06
0.54,364,238,0.40,"174,757","5,488","27,942","5,883",0.52,0.17,0.05
0.55,365,265,0.42,"175,122","5,123","28,207","5,618",0.52,0.17,0.05
0.56,318,244,0.43,"175,440","4,805","28,451","5,374",0.53,0.16,0.05
0.57,305,270,0.47,"175,745","4,500","28,721","5,104",0.53,0.15,0.04
0.58,290,210,0.42,"176,035","4,210","28,931","4,894",0.54,0.14,0.04
0.59,257,211,0.45,"176,292","3,953","29,142","4,683",0.54,0.14,0.04
0.6,245,220,0.47,"176,537","3,708","29,362","4,463",0.55,0.13,0.04
0.61,239,223,0.48,"176,776","3,469","29,585","4,240",0.55,0.13,0.04
0.62,218,197,0.47,"176,994","3,251","29,782","4,043",0.55,0.12,0.03
0.63,191,200,0.51,"177,185","3,060","29,982","3,843",0.56,0.11,0.03
0.64,198,201,0.50,"177,383","2,862","30,183","3,642",0.56,0.11,0.03
0.65,199,207,0.51,"177,582","2,663","30,390","3,435",0.56,0.10,0.03
0.66,147,171,0.54,"177,729","2,516","30,561","3,264",0.56,0.10,0.03
0.67,149,182,0.55,"177,878","2,367","30,743","3,082",0.57,0.09,0.03
0.68,164,145,0.47,"178,042","2,203","30,888","2,937",0.57,0.09,0.02
0.69,151,171,0.53,"178,193","2,052","31,059","2,766",0.57,0.08,0.02
0.7,137,140,0.51,"178,330","1,915","31,199","2,626",0.58,0.08,0.02
0.71,130,124,0.49,"178,460","1,785","31,323","2,502",0.58,0.07,0.02
0.72,107,143,0.57,"178,567","1,678","31,466","2,359",0.58,0.07,0.02
0.73,121,134,0.53,"178,688","1,557","31,600","2,225",0.59,0.07,0.02
0.74,116,118,0.50,"178,804","1,441","31,718","2,107",0.59,0.06,0.02
0.75,108,128,0.54,"178,912","1,333","31,846","1,979",0.60,0.06,0.02
0.76,87,94,0.52,"178,999","1,246","31,940","1,885",0.60,0.06,0.01
0.77,95,111,0.54,"179,094","1,151","32,051","1,774",0.61,0.05,0.01
0.78,85,100,0.54,"179,179","1,066","32,151","1,674",0.61,0.05,0.01
0.79,70,92,0.57,"179,249",996,"32,243","1,582",0.61,0.05,0.01
0.8,90,82,0.48,"179,339",906,"32,325","1,500",0.62,0.04,0.01
0.81,70,84,0.55,"179,409",836,"32,409","1,416",0.63,0.04,0.01
0.82,69,80,0.54,"179,478",767,"32,489","1,336",0.64,0.04,0.01
0.83,58,74,0.56,"179,536",709,"32,563","1,262",0.64,0.04,0.01
0.84,54,67,0.55,"179,590",655,"32,630","1,195",0.65,0.04,0.01
0.85,65,66,0.50,"179,655",590,"32,696","1,129",0.66,0.03,0.01
0.86,47,88,0.65,"179,702",543,"32,784","1,041",0.66,0.03,0.01
0.87,45,59,0.57,"179,747",498,"32,843",982,0.66,0.03,0.01
0.88,38,72,0.65,"179,785",460,"32,915",910,0.66,0.03,0.01
0.89,39,60,0.61,"179,824",421,"32,975",850,0.67,0.03,0.01
0.9,37,52,0.58,"179,861",384,"33,027",798,0.68,0.02,0.01
0.91,29,57,0.66,"179,890",355,"33,084",741,0.68,0.02,0.01
0.92,34,50,0.60,"179,924",321,"33,134",691,0.68,0.02,0.00
0.93,33,48,0.59,"179,957",288,"33,182",643,0.69,0.02,0.00
0.94,31,43,0.58,"179,988",257,"33,225",600,0.70,0.02,0.00
0.95,30,49,0.62,"180,018",227,"33,274",551,0.71,0.02,0.00
0.96,21,42,0.67,"180,039",206,"33,316",509,0.71,0.02,0.00
0.97,17,38,0.69,"180,056",189,"33,354",471,0.71,0.01,0.00
0.98,26,39,0.60,"180,082",163,"33,393",432,0.73,0.01,0.00
0.99,19,41,0.68,"180,101",144,"33,434",391,0.73,0.01,0.00
1.0,144,391,0.73,"180,245",0,"33,825",0,nan,0.00,0.00
