p,Neg,Pos,mPrec,TN,FP,FN,TP,Prec,Rec,$\hat{p}$
0.0,0,0,nan,0,"180,245",0,"33,825",0.16,1.00,1.00
0.05,425,4,0.01,425,"179,820",4,"33,821",0.16,1.00,1.00
0.1,"5,336",71,0.01,"5,761","174,484",75,"33,750",0.16,1.00,0.97
0.15,"10,979",247,0.02,"16,740","163,505",322,"33,503",0.17,0.99,0.92
0.2,"14,571",538,0.04,"31,311","148,934",860,"32,965",0.18,0.97,0.85
0.25,"16,355",842,0.05,"47,666","132,579","1,702","32,123",0.20,0.95,0.77
0.3,"16,783","1,224",0.07,"64,449","115,796","2,926","30,899",0.21,0.91,0.69
0.35,"16,916","1,558",0.08,"81,365","98,880","4,484","29,341",0.23,0.87,0.60
0.4,"15,914","1,919",0.11,"97,279","82,966","6,403","27,422",0.25,0.81,0.52
0.45,"14,462","2,184",0.13,"111,741","68,504","8,587","25,238",0.27,0.75,0.44
0.5,"13,322","2,355",0.15,"125,063","55,182","10,942","22,883",0.29,0.68,0.36
0.55,"11,749","2,547",0.18,"136,812","43,433","13,489","20,336",0.32,0.60,0.30
0.6,"10,327","2,654",0.20,"147,139","33,106","16,143","17,682",0.35,0.52,0.24
0.65,"8,540","2,626",0.24,"155,679","24,566","18,769","15,056",0.38,0.45,0.19
0.7,"7,244","2,707",0.27,"162,923","17,322","21,476","12,349",0.42,0.37,0.14
0.75,"5,676","2,759",0.33,"168,599","11,646","24,235","9,590",0.45,0.28,0.10
0.8,"4,568","2,742",0.38,"173,167","7,078","26,977","6,848",0.49,0.20,0.07
0.85,"3,316","2,564",0.44,"176,483","3,762","29,541","4,284",0.53,0.13,0.04
0.9,"2,278","2,225",0.49,"178,761","1,484","31,766","2,059",0.58,0.06,0.02
0.95,"1,214","1,490",0.55,"179,975",270,"33,256",569,0.68,0.02,0.00
1.0,270,569,0.68,"180,245",0,"33,825",0,nan,0.00,0.00
