p,Neg,Pos,mPrec,TN,FP,FN,TP,Prec,Rec,$\hat{p}$
0.0,"1,280",72,0.05,"1,280","178,965",72,"33,753",0.16,1.00,0.99
0.01,"1,315",76,0.05,"2,595","177,650",148,"33,677",0.16,1.00,0.99
0.02,"1,295",60,0.04,"3,890","176,355",208,"33,617",0.16,0.99,0.98
0.03,"1,787",97,0.05,"5,677","174,568",305,"33,520",0.16,0.99,0.97
0.04,"2,307",139,0.06,"7,984","172,261",444,"33,381",0.16,0.99,0.96
0.05,"2,467",159,0.06,"10,451","169,794",603,"33,222",0.16,0.98,0.95
0.06,"2,536",146,0.05,"12,987","167,258",749,"33,076",0.17,0.98,0.94
0.07,"2,911",179,0.06,"15,898","164,347",928,"32,897",0.17,0.97,0.92
0.08,"2,387",159,0.06,"18,285","161,960","1,087","32,738",0.17,0.97,0.91
0.09,"3,066",198,0.06,"21,351","158,894","1,285","32,540",0.17,0.96,0.89
0.1,"2,240",161,0.07,"23,591","156,654","1,446","32,379",0.17,0.96,0.88
0.11,"2,144",142,0.06,"25,735","154,510","1,588","32,237",0.17,0.95,0.87
0.12,"1,882",126,0.06,"27,617","152,628","1,714","32,111",0.17,0.95,0.86
0.13,"1,573",126,0.07,"29,190","151,055","1,840","31,985",0.17,0.95,0.86
0.14,"1,475",109,0.07,"30,665","149,580","1,949","31,876",0.18,0.94,0.85
0.15,"1,249",101,0.07,"31,914","148,331","2,050","31,775",0.18,0.94,0.84
0.16,"1,168",91,0.07,"33,082","147,163","2,141","31,684",0.18,0.94,0.84
0.17,"1,027",92,0.08,"34,109","146,136","2,233","31,592",0.18,0.93,0.83
0.18,"1,064",109,0.09,"35,173","145,072","2,342","31,483",0.18,0.93,0.82
0.19,954,95,0.09,"36,127","144,118","2,437","31,388",0.18,0.93,0.82
0.2,992,93,0.09,"37,119","143,126","2,530","31,295",0.18,0.93,0.81
0.21,860,76,0.08,"37,979","142,266","2,606","31,219",0.18,0.92,0.81
0.22,"1,159",143,0.11,"39,138","141,107","2,749","31,076",0.18,0.92,0.80
0.23,"1,162",123,0.10,"40,300","139,945","2,872","30,953",0.18,0.92,0.80
0.24,"1,187",102,0.08,"41,487","138,758","2,974","30,851",0.18,0.91,0.79
0.25,"1,332",140,0.10,"42,819","137,426","3,114","30,711",0.18,0.91,0.79
0.26,"1,630",176,0.10,"44,449","135,796","3,290","30,535",0.18,0.90,0.78
0.27,"1,560",187,0.11,"46,009","134,236","3,477","30,348",0.18,0.90,0.77
0.28,"1,676",220,0.12,"47,685","132,560","3,697","30,128",0.19,0.89,0.76
0.29,"1,849",185,0.09,"49,534","130,711","3,882","29,943",0.19,0.89,0.75
0.3,"1,909",249,0.12,"51,443","128,802","4,131","29,694",0.19,0.88,0.74
0.31,"2,294",262,0.10,"53,737","126,508","4,393","29,432",0.19,0.87,0.73
0.32,"2,269",259,0.10,"56,006","124,239","4,652","29,173",0.19,0.86,0.72
0.33,"2,349",273,0.10,"58,355","121,890","4,925","28,900",0.19,0.85,0.70
0.34,"2,589",341,0.12,"60,944","119,301","5,266","28,559",0.19,0.84,0.69
0.35,"2,574",367,0.12,"63,518","116,727","5,633","28,192",0.19,0.83,0.68
0.36,"3,067",403,0.12,"66,585","113,660","6,036","27,789",0.20,0.82,0.66
0.37,"2,863",422,0.13,"69,448","110,797","6,458","27,367",0.20,0.81,0.65
0.38,"2,801",402,0.13,"72,249","107,996","6,860","26,965",0.20,0.80,0.63
0.39,"3,471",530,0.13,"75,720","104,525","7,390","26,435",0.20,0.78,0.61
0.4,"3,336",513,0.13,"79,056","101,189","7,903","25,922",0.20,0.77,0.59
0.41,"3,031",468,0.13,"82,087","98,158","8,371","25,454",0.21,0.75,0.58
0.42,"3,273",483,0.13,"85,360","94,885","8,854","24,971",0.21,0.74,0.56
0.43,"2,950",476,0.14,"88,310","91,935","9,330","24,495",0.21,0.72,0.54
0.44,"2,956",507,0.15,"91,266","88,979","9,837","23,988",0.21,0.71,0.53
0.45,"3,164",511,0.14,"94,430","85,815","10,348","23,477",0.21,0.69,0.51
0.46,"2,761",540,0.16,"97,191","83,054","10,888","22,937",0.22,0.68,0.50
0.47,"2,768",504,0.15,"99,959","80,286","11,392","22,433",0.22,0.66,0.48
0.48,"2,737",560,0.17,"102,696","77,549","11,952","21,873",0.22,0.65,0.46
0.49,"3,233",574,0.15,"105,929","74,316","12,526","21,299",0.22,0.63,0.45
0.5,"2,768",492,0.15,"108,697","71,548","13,018","20,807",0.23,0.62,0.43
0.51,"2,937",566,0.16,"111,634","68,611","13,584","20,241",0.23,0.60,0.42
0.52,"2,948",576,0.16,"114,582","65,663","14,160","19,665",0.23,0.58,0.40
0.53,"3,195",604,0.16,"117,777","62,468","14,764","19,061",0.23,0.56,0.38
0.54,"2,335",445,0.16,"120,112","60,133","15,209","18,616",0.24,0.55,0.37
0.55,"2,753",560,0.17,"122,865","57,380","15,769","18,056",0.24,0.53,0.35
0.56,"2,486",513,0.17,"125,351","54,894","16,282","17,543",0.24,0.52,0.34
0.57,"2,389",471,0.16,"127,740","52,505","16,753","17,072",0.25,0.50,0.33
0.58,"2,433",549,0.18,"130,173","50,072","17,302","16,523",0.25,0.49,0.31
0.59,"2,081",463,0.18,"132,254","47,991","17,765","16,060",0.25,0.47,0.30
0.6,"1,863",419,0.18,"134,117","46,128","18,184","15,641",0.25,0.46,0.29
0.61,"1,394",332,0.19,"135,511","44,734","18,516","15,309",0.25,0.45,0.28
0.62,"1,821",462,0.20,"137,332","42,913","18,978","14,847",0.26,0.44,0.27
0.63,"1,741",418,0.19,"139,073","41,172","19,396","14,429",0.26,0.43,0.26
0.64,"1,432",358,0.20,"140,505","39,740","19,754","14,071",0.26,0.42,0.25
0.65,"1,460",372,0.20,"141,965","38,280","20,126","13,699",0.26,0.40,0.24
0.66,"1,735",477,0.22,"143,700","36,545","20,603","13,222",0.27,0.39,0.23
0.67,"1,714",499,0.23,"145,414","34,831","21,102","12,723",0.27,0.38,0.22
0.68,"1,512",437,0.22,"146,926","33,319","21,539","12,286",0.27,0.36,0.21
0.69,"2,055",649,0.24,"148,981","31,264","22,188","11,637",0.27,0.34,0.20
0.7,"1,916",532,0.22,"150,897","29,348","22,720","11,105",0.27,0.33,0.19
0.71,"1,810",544,0.23,"152,707","27,538","23,264","10,561",0.28,0.31,0.18
0.72,"2,128",657,0.24,"154,835","25,410","23,921","9,904",0.28,0.29,0.16
0.73,"1,965",602,0.23,"156,800","23,445","24,523","9,302",0.28,0.28,0.15
0.74,"1,784",579,0.25,"158,584","21,661","25,102","8,723",0.29,0.26,0.14
0.75,"1,956",686,0.26,"160,540","19,705","25,788","8,037",0.29,0.24,0.13
0.76,"1,728",609,0.26,"162,268","17,977","26,397","7,428",0.29,0.22,0.12
0.77,"1,600",524,0.25,"163,868","16,377","26,921","6,904",0.30,0.20,0.11
0.78,"1,520",563,0.27,"165,388","14,857","27,484","6,341",0.30,0.19,0.10
0.79,"1,494",517,0.26,"166,882","13,363","28,001","5,824",0.30,0.17,0.09
0.8,"1,270",502,0.28,"168,152","12,093","28,503","5,322",0.31,0.16,0.08
0.81,"1,144",487,0.30,"169,296","10,949","28,990","4,835",0.31,0.14,0.07
0.82,"1,267",491,0.28,"170,563","9,682","29,481","4,344",0.31,0.13,0.07
0.83,990,365,0.27,"171,553","8,692","29,846","3,979",0.31,0.12,0.06
0.84,770,333,0.30,"172,323","7,922","30,179","3,646",0.32,0.11,0.05
0.85,916,368,0.29,"173,239","7,006","30,547","3,278",0.32,0.10,0.05
0.86,694,298,0.30,"173,933","6,312","30,845","2,980",0.32,0.09,0.04
0.87,714,289,0.29,"174,647","5,598","31,134","2,691",0.32,0.08,0.04
0.88,639,265,0.29,"175,286","4,959","31,399","2,426",0.33,0.07,0.03
0.89,545,239,0.30,"175,831","4,414","31,638","2,187",0.33,0.06,0.03
0.9,469,194,0.29,"176,300","3,945","31,832","1,993",0.34,0.06,0.03
0.91,376,196,0.34,"176,676","3,569","32,028","1,797",0.33,0.05,0.03
0.92,369,182,0.33,"177,045","3,200","32,210","1,615",0.34,0.05,0.02
0.93,304,157,0.34,"177,349","2,896","32,367","1,458",0.33,0.04,0.02
0.94,341,170,0.33,"177,690","2,555","32,537","1,288",0.34,0.04,0.02
0.95,253,115,0.31,"177,943","2,302","32,652","1,173",0.34,0.03,0.02
0.96,246,136,0.36,"178,189","2,056","32,788","1,037",0.34,0.03,0.01
0.97,228,130,0.36,"178,417","1,828","32,918",907,0.33,0.03,0.01
0.98,219,116,0.35,"178,636","1,609","33,034",791,0.33,0.02,0.01
0.99,305,124,0.29,"178,941","1,304","33,158",667,0.34,0.02,0.01
1.0,"1,304",667,0.34,"180,245",0,"33,825",0,nan,0.00,0.00
