p,Neg,Pos,mPrec,TN,FP,FN,TP,Prec,Rec,$\hat{p}$
0.0,0,0,nan,0,"180,245",0,"33,825",0.16,1.00,1.00
0.05,"13,072",503,0.04,"13,072","167,173",503,"33,322",0.17,0.99,0.94
0.1,"51,527","4,200",0.08,"64,599","115,646","4,703","29,122",0.20,0.86,0.68
0.15,"48,968","6,890",0.12,"113,567","66,678","11,593","22,232",0.25,0.66,0.42
0.2,"30,898","6,671",0.18,"144,465","35,780","18,264","15,561",0.30,0.46,0.24
0.25,"16,160","4,776",0.23,"160,625","19,620","23,040","10,785",0.35,0.32,0.14
0.3,"8,208","3,036",0.27,"168,833","11,412","26,076","7,749",0.40,0.23,0.09
0.35,"4,224","2,165",0.34,"173,057","7,188","28,241","5,584",0.44,0.17,0.06
0.4,"2,562","1,515",0.37,"175,619","4,626","29,756","4,069",0.47,0.12,0.04
0.45,"1,760","1,274",0.42,"177,379","2,866","31,030","2,795",0.49,0.08,0.03
0.5,"1,221","1,032",0.46,"178,600","1,645","32,062","1,763",0.52,0.05,0.02
0.55,808,810,0.50,"179,408",837,"32,872",953,0.53,0.03,0.01
0.6,476,484,0.50,"179,884",361,"33,356",469,0.57,0.01,0.00
0.65,231,293,0.56,"180,115",130,"33,649",176,0.58,0.01,0.00
0.7,100,131,0.57,"180,215",30,"33,780",45,0.60,0.00,0.00
0.75,28,37,0.57,"180,243",2,"33,817",8,0.80,0.00,0.00
0.8,2,8,0.80,"180,245",0,"33,825",0,nan,0.00,0.00
0.85,0,0,nan,"180,245",0,"33,825",0,nan,0.00,0.00
0.9,0,0,nan,"180,245",0,"33,825",0,nan,0.00,0.00
0.95,0,0,nan,"180,245",0,"33,825",0,nan,0.00,0.00
1.0,0,0,nan,"180,245",0,"33,825",0,nan,0.00,0.00
