p,Neg,Pos,mPrec,TN,FP,FN,TP,Prec,Rec,$\hat{p}$
0.0,333,9,0.03,333,"179,912",9,"33,816",0.16,1.00,1.00
0.01,804,23,0.03,"1,137","179,108",32,"33,793",0.16,1.00,0.99
0.02,"1,944",59,0.03,"3,081","177,164",91,"33,734",0.16,1.00,0.99
0.03,"3,112",121,0.04,"6,193","174,052",212,"33,613",0.16,0.99,0.97
0.04,"4,163",168,0.04,"10,356","169,889",380,"33,445",0.16,0.99,0.95
0.05,"4,816",242,0.05,"15,172","165,073",622,"33,203",0.17,0.98,0.93
0.06,"5,121",304,0.06,"20,293","159,952",926,"32,899",0.17,0.97,0.90
0.07,"5,290",358,0.06,"25,583","154,662","1,284","32,541",0.17,0.96,0.87
0.08,"5,623",367,0.06,"31,206","149,039","1,651","32,174",0.18,0.95,0.85
0.09,"5,864",430,0.07,"37,070","143,175","2,081","31,744",0.18,0.94,0.82
0.1,"5,992",474,0.07,"43,062","137,183","2,555","31,270",0.19,0.92,0.79
0.11,"5,888",543,0.08,"48,950","131,295","3,098","30,727",0.19,0.91,0.76
0.12,"6,029",545,0.08,"54,979","125,266","3,643","30,182",0.19,0.89,0.73
0.13,"6,072",650,0.10,"61,051","119,194","4,293","29,532",0.20,0.87,0.69
0.14,"5,953",671,0.10,"67,004","113,241","4,964","28,861",0.20,0.85,0.66
0.15,"5,725",670,0.10,"72,729","107,516","5,634","28,191",0.21,0.83,0.63
0.16,"5,850",710,0.11,"78,579","101,666","6,344","27,481",0.21,0.81,0.60
0.17,"5,730",735,0.11,"84,309","95,936","7,079","26,746",0.22,0.79,0.57
0.18,"5,533",722,0.12,"89,842","90,403","7,801","26,024",0.22,0.77,0.54
0.19,"5,415",770,0.12,"95,257","84,988","8,571","25,254",0.23,0.75,0.51
0.2,"5,171",744,0.13,"100,428","79,817","9,315","24,510",0.23,0.72,0.49
0.21,"4,942",867,0.15,"105,370","74,875","10,182","23,643",0.24,0.70,0.46
0.22,"4,716",758,0.14,"110,086","70,159","10,940","22,885",0.25,0.68,0.43
0.23,"4,363",831,0.16,"114,449","65,796","11,771","22,054",0.25,0.65,0.41
0.24,"4,221",807,0.16,"118,670","61,575","12,578","21,247",0.26,0.63,0.39
0.25,"4,011",821,0.17,"122,681","57,564","13,399","20,426",0.26,0.60,0.36
0.26,"3,743",814,0.18,"126,424","53,821","14,213","19,612",0.27,0.58,0.34
0.27,"3,495",678,0.16,"129,919","50,326","14,891","18,934",0.27,0.56,0.32
0.28,"3,367",695,0.17,"133,286","46,959","15,586","18,239",0.28,0.54,0.30
0.29,"3,203",687,0.18,"136,489","43,756","16,273","17,552",0.29,0.52,0.29
0.3,"2,977",676,0.19,"139,466","40,779","16,949","16,876",0.29,0.50,0.27
0.31,"2,812",644,0.19,"142,278","37,967","17,593","16,232",0.30,0.48,0.25
0.32,"2,486",655,0.21,"144,764","35,481","18,248","15,577",0.31,0.46,0.24
0.33,"2,246",592,0.21,"147,010","33,235","18,840","14,985",0.31,0.44,0.23
0.34,"2,171",614,0.22,"149,181","31,064","19,454","14,371",0.32,0.42,0.21
0.35,"1,927",559,0.22,"151,108","29,137","20,013","13,812",0.32,0.41,0.20
0.36,"1,760",540,0.23,"152,868","27,377","20,553","13,272",0.33,0.39,0.19
0.37,"1,806",508,0.22,"154,674","25,571","21,061","12,764",0.33,0.38,0.18
0.38,"1,613",522,0.24,"156,287","23,958","21,583","12,242",0.34,0.36,0.17
0.39,"1,562",454,0.23,"157,849","22,396","22,037","11,788",0.34,0.35,0.16
0.4,"1,365",456,0.25,"159,214","21,031","22,493","11,332",0.35,0.34,0.15
0.41,"1,302",409,0.24,"160,516","19,729","22,902","10,923",0.36,0.32,0.14
0.42,"1,291",456,0.26,"161,807","18,438","23,358","10,467",0.36,0.31,0.14
0.43,"1,157",411,0.26,"162,964","17,281","23,769","10,056",0.37,0.30,0.13
0.44,"1,036",363,0.26,"164,000","16,245","24,132","9,693",0.37,0.29,0.12
0.45,946,373,0.28,"164,946","15,299","24,505","9,320",0.38,0.28,0.12
0.46,865,357,0.29,"165,811","14,434","24,862","8,963",0.38,0.26,0.11
0.47,794,328,0.29,"166,605","13,640","25,190","8,635",0.39,0.26,0.10
0.48,719,321,0.31,"167,324","12,921","25,511","8,314",0.39,0.25,0.10
0.49,684,304,0.31,"168,008","12,237","25,815","8,010",0.40,0.24,0.09
0.5,639,270,0.30,"168,647","11,598","26,085","7,740",0.40,0.23,0.09
0.51,574,254,0.31,"169,221","11,024","26,339","7,486",0.40,0.22,0.09
0.52,564,257,0.31,"169,785","10,460","26,596","7,229",0.41,0.21,0.08
0.53,564,253,0.31,"170,349","9,896","26,849","6,976",0.41,0.21,0.08
0.54,531,256,0.33,"170,880","9,365","27,105","6,720",0.42,0.20,0.08
0.55,466,242,0.34,"171,346","8,899","27,347","6,478",0.42,0.19,0.07
0.56,421,230,0.35,"171,767","8,478","27,577","6,248",0.42,0.18,0.07
0.57,394,235,0.37,"172,161","8,084","27,812","6,013",0.43,0.18,0.07
0.58,370,202,0.35,"172,531","7,714","28,014","5,811",0.43,0.17,0.06
0.59,375,186,0.33,"172,906","7,339","28,200","5,625",0.43,0.17,0.06
0.6,346,187,0.35,"173,252","6,993","28,387","5,438",0.44,0.16,0.06
0.61,305,178,0.37,"173,557","6,688","28,565","5,260",0.44,0.16,0.06
0.62,322,177,0.35,"173,879","6,366","28,742","5,083",0.44,0.15,0.05
0.63,286,211,0.42,"174,165","6,080","28,953","4,872",0.44,0.14,0.05
0.64,270,177,0.40,"174,435","5,810","29,130","4,695",0.45,0.14,0.05
0.65,293,161,0.35,"174,728","5,517","29,291","4,534",0.45,0.13,0.05
0.66,268,161,0.38,"174,996","5,249","29,452","4,373",0.45,0.13,0.04
0.67,235,147,0.38,"175,231","5,014","29,599","4,226",0.46,0.12,0.04
0.68,243,149,0.38,"175,474","4,771","29,748","4,077",0.46,0.12,0.04
0.69,250,148,0.37,"175,724","4,521","29,896","3,929",0.46,0.12,0.04
0.7,213,141,0.40,"175,937","4,308","30,037","3,788",0.47,0.11,0.04
0.71,223,133,0.37,"176,160","4,085","30,170","3,655",0.47,0.11,0.04
0.72,209,141,0.40,"176,369","3,876","30,311","3,514",0.48,0.10,0.03
0.73,194,147,0.43,"176,563","3,682","30,458","3,367",0.48,0.10,0.03
0.74,163,133,0.45,"176,726","3,519","30,591","3,234",0.48,0.10,0.03
0.75,181,143,0.44,"176,907","3,338","30,734","3,091",0.48,0.09,0.03
0.76,176,142,0.45,"177,083","3,162","30,876","2,949",0.48,0.09,0.03
0.77,164,121,0.42,"177,247","2,998","30,997","2,828",0.49,0.08,0.03
0.78,160,127,0.44,"177,407","2,838","31,124","2,701",0.49,0.08,0.03
0.79,137,109,0.44,"177,544","2,701","31,233","2,592",0.49,0.08,0.02
0.8,175,104,0.37,"177,719","2,526","31,337","2,488",0.50,0.07,0.02
0.81,121,119,0.50,"177,840","2,405","31,456","2,369",0.50,0.07,0.02
0.82,132,129,0.49,"177,972","2,273","31,585","2,240",0.50,0.07,0.02
0.83,150,112,0.43,"178,122","2,123","31,697","2,128",0.50,0.06,0.02
0.84,120,81,0.40,"178,242","2,003","31,778","2,047",0.51,0.06,0.02
0.85,128,127,0.50,"178,370","1,875","31,905","1,920",0.51,0.06,0.02
0.86,109,112,0.51,"178,479","1,766","32,017","1,808",0.51,0.05,0.02
0.87,104,96,0.48,"178,583","1,662","32,113","1,712",0.51,0.05,0.02
0.88,104,89,0.46,"178,687","1,558","32,202","1,623",0.51,0.05,0.01
0.89,113,105,0.48,"178,800","1,445","32,307","1,518",0.51,0.04,0.01
0.9,121,87,0.42,"178,921","1,324","32,394","1,431",0.52,0.04,0.01
0.91,84,102,0.55,"179,005","1,240","32,496","1,329",0.52,0.04,0.01
0.92,91,97,0.52,"179,096","1,149","32,593","1,232",0.52,0.04,0.01
0.93,98,70,0.42,"179,194","1,051","32,663","1,162",0.53,0.03,0.01
0.94,68,69,0.50,"179,262",983,"32,732","1,093",0.53,0.03,0.01
0.95,69,83,0.55,"179,331",914,"32,815","1,010",0.52,0.03,0.01
0.96,62,74,0.54,"179,393",852,"32,889",936,0.52,0.03,0.01
0.97,71,57,0.45,"179,464",781,"32,946",879,0.53,0.03,0.01
0.98,70,65,0.48,"179,534",711,"33,011",814,0.53,0.02,0.01
0.99,57,67,0.54,"179,591",654,"33,078",747,0.53,0.02,0.01
1.0,654,747,0.53,"180,245",0,"33,825",0,nan,0.00,0.00
