p,Neg,Pos,mPrec,TN,FP,FN,TP,Prec,Rec,$\hat{p}$
0.0,0,0,nan,0,"420,570",0,"78,926",0.16,1.00,1.00
0.1,"199,313","11,630",0.06,"199,313","221,257","11,630","67,296",0.23,0.85,0.58
0.2,"134,400","23,412",0.15,"333,713","86,857","35,042","43,884",0.34,0.56,0.26
0.3,"50,872","16,972",0.25,"384,585","35,985","52,014","26,912",0.43,0.34,0.13
0.4,"20,379","11,238",0.36,"404,964","15,606","63,252","15,674",0.50,0.20,0.06
0.5,"8,994","7,255",0.45,"413,958","6,612","70,507","8,419",0.56,0.11,0.03
0.6,"4,043","4,278",0.51,"418,001","2,569","74,785","4,141",0.62,0.05,0.01
0.7,"1,743","2,351",0.57,"419,744",826,"77,136","1,790",0.68,0.02,0.01
0.8,672,"1,312",0.66,"420,416",154,"78,448",478,0.76,0.01,0.00
0.9,152,468,0.75,"420,568",2,"78,916",10,0.83,0.00,0.00
1.0,2,10,0.83,"420,570",0,"78,926",0,nan,0.00,0.00
