p,Neg,Pos,mPrec,TN,FP,FN,TP,Prec,Rec,$\hat{p}$
0.0,1,0,0.00,1,"420,569",0,"78,926",0.16,1.00,1.00
0.01,775,12,0.02,776,"419,794",12,"78,914",0.16,1.00,1.00
0.02,"5,108",54,0.01,"5,884","414,686",66,"78,860",0.16,1.00,0.99
0.03,"10,338",193,0.02,"16,222","404,348",259,"78,667",0.16,1.00,0.97
0.04,"14,428",352,0.02,"30,650","389,920",611,"78,315",0.17,0.99,0.94
0.05,"16,696",519,0.03,"47,346","373,224","1,130","77,796",0.17,0.99,0.90
0.06,"18,021",719,0.04,"65,367","355,203","1,849","77,077",0.18,0.98,0.87
0.07,"19,004",816,0.04,"84,371","336,199","2,665","76,261",0.18,0.97,0.83
0.08,"18,864","1,000",0.05,"103,235","317,335","3,665","75,261",0.19,0.95,0.79
0.09,"18,318","1,213",0.06,"121,553","299,017","4,878","74,048",0.20,0.94,0.75
0.1,"18,227","1,263",0.06,"139,780","280,790","6,141","72,785",0.21,0.92,0.71
0.11,"17,520","1,442",0.08,"157,300","263,270","7,583","71,343",0.21,0.90,0.67
0.12,"16,692","1,465",0.08,"173,992","246,578","9,048","69,878",0.22,0.89,0.63
0.13,"15,847","1,571",0.09,"189,839","230,731","10,619","68,307",0.23,0.87,0.60
0.14,"14,941","1,661",0.10,"204,780","215,790","12,280","66,646",0.24,0.84,0.57
0.15,"13,913","1,725",0.11,"218,693","201,877","14,005","64,921",0.24,0.82,0.53
0.16,"13,110","1,710",0.12,"231,803","188,767","15,715","63,211",0.25,0.80,0.50
0.17,"12,147","1,734",0.12,"243,950","176,620","17,449","61,477",0.26,0.78,0.48
0.18,"11,287","1,749",0.13,"255,237","165,333","19,198","59,728",0.27,0.76,0.45
0.19,"10,585","1,722",0.14,"265,822","154,748","20,920","58,006",0.27,0.73,0.43
0.2,"10,009","1,647",0.14,"275,831","144,739","22,567","56,359",0.28,0.71,0.40
0.21,"9,286","1,674",0.15,"285,117","135,453","24,241","54,685",0.29,0.69,0.38
0.22,"8,701","1,596",0.15,"293,818","126,752","25,837","53,089",0.30,0.67,0.36
0.23,"8,086","1,654",0.17,"301,904","118,666","27,491","51,435",0.30,0.65,0.34
0.24,"7,479","1,664",0.18,"309,383","111,187","29,155","49,771",0.31,0.63,0.32
0.25,"6,944","1,557",0.18,"316,327","104,243","30,712","48,214",0.32,0.61,0.31
0.26,"6,467","1,532",0.19,"322,794","97,776","32,244","46,682",0.32,0.59,0.29
0.27,"6,077","1,502",0.20,"328,871","91,699","33,746","45,180",0.33,0.57,0.27
0.28,"5,616","1,513",0.21,"334,487","86,083","35,259","43,667",0.34,0.55,0.26
0.29,"5,331","1,398",0.21,"339,818","80,752","36,657","42,269",0.34,0.54,0.25
0.3,"4,931","1,380",0.22,"344,749","75,821","38,037","40,889",0.35,0.52,0.23
0.31,"4,558","1,331",0.23,"349,307","71,263","39,368","39,558",0.36,0.50,0.22
0.32,"4,302","1,353",0.24,"353,609","66,961","40,721","38,205",0.36,0.48,0.21
0.33,"4,134","1,333",0.24,"357,743","62,827","42,054","36,872",0.37,0.47,0.20
0.34,"3,694","1,216",0.25,"361,437","59,133","43,270","35,656",0.38,0.45,0.19
0.35,"3,464","1,179",0.25,"364,901","55,669","44,449","34,477",0.38,0.44,0.18
0.36,"3,380","1,122",0.25,"368,281","52,289","45,571","33,355",0.39,0.42,0.17
0.37,"3,068","1,156",0.27,"371,349","49,221","46,727","32,199",0.40,0.41,0.16
0.38,"2,853","1,086",0.28,"374,202","46,368","47,813","31,113",0.40,0.39,0.16
0.39,"2,797","1,096",0.28,"376,999","43,571","48,909","30,017",0.41,0.38,0.15
0.4,"2,589","1,047",0.29,"379,588","40,982","49,956","28,970",0.41,0.37,0.14
0.41,"2,432","1,030",0.30,"382,020","38,550","50,986","27,940",0.42,0.35,0.13
0.42,"2,332",925,0.28,"384,352","36,218","51,911","27,015",0.43,0.34,0.13
0.43,"2,052",928,0.31,"386,404","34,166","52,839","26,087",0.43,0.33,0.12
0.44,"1,932","1,000",0.34,"388,336","32,234","53,839","25,087",0.44,0.32,0.11
0.45,"1,869",867,0.32,"390,205","30,365","54,706","24,220",0.44,0.31,0.11
0.46,"1,729",901,0.34,"391,934","28,636","55,607","23,319",0.45,0.30,0.10
0.47,"1,679",822,0.33,"393,613","26,957","56,429","22,497",0.45,0.29,0.10
0.48,"1,487",804,0.35,"395,100","25,470","57,233","21,693",0.46,0.27,0.09
0.49,"1,501",758,0.34,"396,601","23,969","57,991","20,935",0.47,0.27,0.09
0.5,"1,320",759,0.37,"397,921","22,649","58,750","20,176",0.47,0.26,0.09
0.51,"1,274",725,0.36,"399,195","21,375","59,475","19,451",0.48,0.25,0.08
0.52,"1,224",768,0.39,"400,419","20,151","60,243","18,683",0.48,0.24,0.08
0.53,"1,130",737,0.39,"401,549","19,021","60,980","17,946",0.49,0.23,0.07
0.54,"1,094",699,0.39,"402,643","17,927","61,679","17,247",0.49,0.22,0.07
0.55,"1,018",628,0.38,"403,661","16,909","62,307","16,619",0.50,0.21,0.07
0.56,956,681,0.42,"404,617","15,953","62,988","15,938",0.50,0.20,0.06
0.57,961,672,0.41,"405,578","14,992","63,660","15,266",0.50,0.19,0.06
0.58,874,657,0.43,"406,452","14,118","64,317","14,609",0.51,0.19,0.06
0.59,773,565,0.42,"407,225","13,345","64,882","14,044",0.51,0.18,0.05
0.6,786,589,0.43,"408,011","12,559","65,471","13,455",0.52,0.17,0.05
0.61,674,599,0.47,"408,685","11,885","66,070","12,856",0.52,0.16,0.05
0.62,729,489,0.40,"409,414","11,156","66,559","12,367",0.53,0.16,0.05
0.63,661,513,0.44,"410,075","10,495","67,072","11,854",0.53,0.15,0.04
0.64,627,539,0.46,"410,702","9,868","67,611","11,315",0.53,0.14,0.04
0.65,589,492,0.46,"411,291","9,279","68,103","10,823",0.54,0.14,0.04
0.66,526,478,0.48,"411,817","8,753","68,581","10,345",0.54,0.13,0.04
0.67,497,455,0.48,"412,314","8,256","69,036","9,890",0.55,0.13,0.04
0.68,489,396,0.45,"412,803","7,767","69,432","9,494",0.55,0.12,0.03
0.69,513,458,0.47,"413,316","7,254","69,890","9,036",0.55,0.11,0.03
0.7,416,403,0.49,"413,732","6,838","70,293","8,633",0.56,0.11,0.03
0.71,393,379,0.49,"414,125","6,445","70,672","8,254",0.56,0.10,0.03
0.72,406,393,0.49,"414,531","6,039","71,065","7,861",0.57,0.10,0.03
0.73,392,370,0.49,"414,923","5,647","71,435","7,491",0.57,0.09,0.03
0.74,343,363,0.51,"415,266","5,304","71,798","7,128",0.57,0.09,0.02
0.75,352,317,0.47,"415,618","4,952","72,115","6,811",0.58,0.09,0.02
0.76,297,303,0.51,"415,915","4,655","72,418","6,508",0.58,0.08,0.02
0.77,307,346,0.53,"416,222","4,348","72,764","6,162",0.59,0.08,0.02
0.78,269,315,0.54,"416,491","4,079","73,079","5,847",0.59,0.07,0.02
0.79,256,293,0.53,"416,747","3,823","73,372","5,554",0.59,0.07,0.02
0.8,236,234,0.50,"416,983","3,587","73,606","5,320",0.60,0.07,0.02
0.81,253,283,0.53,"417,236","3,334","73,889","5,037",0.60,0.06,0.02
0.82,215,268,0.55,"417,451","3,119","74,157","4,769",0.60,0.06,0.02
0.83,210,244,0.54,"417,661","2,909","74,401","4,525",0.61,0.06,0.01
0.84,195,213,0.52,"417,856","2,714","74,614","4,312",0.61,0.05,0.01
0.85,182,228,0.56,"418,038","2,532","74,842","4,084",0.62,0.05,0.01
0.86,161,243,0.60,"418,199","2,371","75,085","3,841",0.62,0.05,0.01
0.87,180,212,0.54,"418,379","2,191","75,297","3,629",0.62,0.05,0.01
0.88,156,200,0.56,"418,535","2,035","75,497","3,429",0.63,0.04,0.01
0.89,167,162,0.49,"418,702","1,868","75,659","3,267",0.64,0.04,0.01
0.9,127,174,0.58,"418,829","1,741","75,833","3,093",0.64,0.04,0.01
0.91,138,182,0.57,"418,967","1,603","76,015","2,911",0.64,0.04,0.01
0.92,123,154,0.56,"419,090","1,480","76,169","2,757",0.65,0.03,0.01
0.93,110,146,0.57,"419,200","1,370","76,315","2,611",0.66,0.03,0.01
0.94,95,154,0.62,"419,295","1,275","76,469","2,457",0.66,0.03,0.01
0.95,97,144,0.60,"419,392","1,178","76,613","2,313",0.66,0.03,0.01
0.96,91,141,0.61,"419,483","1,087","76,754","2,172",0.67,0.03,0.01
0.97,85,116,0.58,"419,568","1,002","76,870","2,056",0.67,0.03,0.01
0.98,87,145,0.62,"419,655",915,"77,015","1,911",0.68,0.02,0.01
0.99,81,117,0.59,"419,736",834,"77,132","1,794",0.68,0.02,0.01
1.0,834,"1,794",0.68,"420,570",0,"78,926",0,nan,0.00,0.00
