p,Neg,Pos,mPrec,TN,FP,FN,TP,Prec,Rec,$\hat{p}$
0.0,"3,039",155,0.05,"3,039","417,531",155,"78,771",0.16,1.00,0.99
0.01,"2,659",117,0.04,"5,698","414,872",272,"78,654",0.16,1.00,0.99
0.02,"3,372",189,0.05,"9,070","411,500",461,"78,465",0.16,0.99,0.98
0.03,"3,913",195,0.05,"12,983","407,587",656,"78,270",0.16,0.99,0.97
0.04,"5,503",318,0.05,"18,486","402,084",974,"77,952",0.16,0.99,0.96
0.05,"5,629",324,0.05,"24,115","396,455","1,298","77,628",0.16,0.98,0.95
0.06,"5,909",340,0.05,"30,024","390,546","1,638","77,288",0.17,0.98,0.94
0.07,"7,022",429,0.06,"37,046","383,524","2,067","76,859",0.17,0.97,0.92
0.08,"5,742",393,0.06,"42,788","377,782","2,460","76,466",0.17,0.97,0.91
0.09,"7,039",502,0.07,"49,827","370,743","2,962","75,964",0.17,0.96,0.89
0.1,"5,238",377,0.07,"55,065","365,505","3,339","75,587",0.17,0.96,0.88
0.11,"5,008",347,0.06,"60,073","360,497","3,686","75,240",0.17,0.95,0.87
0.12,"4,550",341,0.07,"64,623","355,947","4,027","74,899",0.17,0.95,0.86
0.13,"3,731",334,0.08,"68,354","352,216","4,361","74,565",0.17,0.94,0.85
0.14,"3,295",252,0.07,"71,649","348,921","4,613","74,313",0.18,0.94,0.85
0.15,"2,966",230,0.07,"74,615","345,955","4,843","74,083",0.18,0.94,0.84
0.16,"2,568",214,0.08,"77,183","343,387","5,057","73,869",0.18,0.94,0.84
0.17,"2,385",200,0.08,"79,568","341,002","5,257","73,669",0.18,0.93,0.83
0.18,"2,391",242,0.09,"81,959","338,611","5,499","73,427",0.18,0.93,0.82
0.19,"2,077",191,0.08,"84,036","336,534","5,690","73,236",0.18,0.93,0.82
0.2,"2,303",217,0.09,"86,339","334,231","5,907","73,019",0.18,0.93,0.82
0.21,"2,308",240,0.09,"88,647","331,923","6,147","72,779",0.18,0.92,0.81
0.22,"2,617",266,0.09,"91,264","329,306","6,413","72,513",0.18,0.92,0.80
0.23,"2,754",295,0.10,"94,018","326,552","6,708","72,218",0.18,0.92,0.80
0.24,"2,759",319,0.10,"96,777","323,793","7,027","71,899",0.18,0.91,0.79
0.25,"3,301",402,0.11,"100,078","320,492","7,429","71,497",0.18,0.91,0.78
0.26,"3,432",380,0.10,"103,510","317,060","7,809","71,117",0.18,0.90,0.78
0.27,"3,765",373,0.09,"107,275","313,295","8,182","70,744",0.18,0.90,0.77
0.28,"3,868",480,0.11,"111,143","309,427","8,662","70,264",0.19,0.89,0.76
0.29,"4,452",544,0.11,"115,595","304,975","9,206","69,720",0.19,0.88,0.75
0.3,"4,412",528,0.11,"120,007","300,563","9,734","69,192",0.19,0.88,0.74
0.31,"5,193",637,0.11,"125,200","295,370","10,371","68,555",0.19,0.87,0.73
0.32,"5,420",708,0.12,"130,620","289,950","11,079","67,847",0.19,0.86,0.72
0.33,"5,196",692,0.12,"135,816","284,754","11,771","67,155",0.19,0.85,0.70
0.34,"6,008",755,0.11,"141,824","278,746","12,526","66,400",0.19,0.84,0.69
0.35,"6,575",890,0.12,"148,399","272,171","13,416","65,510",0.19,0.83,0.68
0.36,"6,880",907,0.12,"155,279","265,291","14,323","64,603",0.20,0.82,0.66
0.37,"6,836",966,0.12,"162,115","258,455","15,289","63,637",0.20,0.81,0.64
0.38,"6,515",968,0.13,"168,630","251,940","16,257","62,669",0.20,0.79,0.63
0.39,"8,023","1,128",0.12,"176,653","243,917","17,385","61,541",0.20,0.78,0.61
0.4,"7,460","1,147",0.13,"184,113","236,457","18,532","60,394",0.20,0.77,0.59
0.41,"7,452","1,154",0.13,"191,565","229,005","19,686","59,240",0.21,0.75,0.58
0.42,"7,524","1,175",0.14,"199,089","221,481","20,861","58,065",0.21,0.74,0.56
0.43,"6,942","1,063",0.13,"206,031","214,539","21,924","57,002",0.21,0.72,0.54
0.44,"7,241","1,182",0.14,"213,272","207,298","23,106","55,820",0.21,0.71,0.53
0.45,"7,078","1,220",0.15,"220,350","200,220","24,326","54,600",0.21,0.69,0.51
0.46,"7,048","1,213",0.15,"227,398","193,172","25,539","53,387",0.22,0.68,0.49
0.47,"6,087","1,030",0.14,"233,485","187,085","26,569","52,357",0.22,0.66,0.48
0.48,"6,418","1,195",0.16,"239,903","180,667","27,764","51,162",0.22,0.65,0.46
0.49,"7,524","1,327",0.15,"247,427","173,143","29,091","49,835",0.22,0.63,0.45
0.5,"6,657","1,211",0.15,"254,084","166,486","30,302","48,624",0.23,0.62,0.43
0.51,"6,430","1,232",0.16,"260,514","160,056","31,534","47,392",0.23,0.60,0.42
0.52,"7,771","1,440",0.16,"268,285","152,285","32,974","45,952",0.23,0.58,0.40
0.53,"6,635","1,318",0.17,"274,920","145,650","34,292","44,634",0.23,0.57,0.38
0.54,"5,581","1,094",0.16,"280,501","140,069","35,386","43,540",0.24,0.55,0.37
0.55,"6,404","1,315",0.17,"286,905","133,665","36,701","42,225",0.24,0.53,0.35
0.56,"6,294","1,329",0.17,"293,199","127,371","38,030","40,896",0.24,0.52,0.34
0.57,"5,137","1,124",0.18,"298,336","122,234","39,154","39,772",0.25,0.50,0.32
0.58,"5,490","1,235",0.18,"303,826","116,744","40,389","38,537",0.25,0.49,0.31
0.59,"4,944","1,123",0.19,"308,770","111,800","41,512","37,414",0.25,0.47,0.30
0.6,"4,329",961,0.18,"313,099","107,471","42,473","36,453",0.25,0.46,0.29
0.61,"3,768",857,0.19,"316,867","103,703","43,330","35,596",0.26,0.45,0.28
0.62,"3,970","1,014",0.20,"320,837","99,733","44,344","34,582",0.26,0.44,0.27
0.63,"4,012",957,0.19,"324,849","95,721","45,301","33,625",0.26,0.43,0.26
0.64,"3,240",791,0.20,"328,089","92,481","46,092","32,834",0.26,0.42,0.25
0.65,"3,437",919,0.21,"331,526","89,044","47,011","31,915",0.26,0.40,0.24
0.66,"4,422","1,247",0.22,"335,948","84,622","48,258","30,668",0.27,0.39,0.23
0.67,"3,895","1,037",0.21,"339,843","80,727","49,295","29,631",0.27,0.38,0.22
0.68,"3,938","1,089",0.22,"343,781","76,789","50,384","28,542",0.27,0.36,0.21
0.69,"4,840","1,433",0.23,"348,621","71,949","51,817","27,109",0.27,0.34,0.20
0.7,"4,392","1,272",0.22,"353,013","67,557","53,089","25,837",0.28,0.33,0.19
0.71,"4,559","1,360",0.23,"357,572","62,998","54,449","24,477",0.28,0.31,0.18
0.72,"5,023","1,525",0.23,"362,595","57,975","55,974","22,952",0.28,0.29,0.16
0.73,"4,345","1,389",0.24,"366,940","53,630","57,363","21,563",0.29,0.27,0.15
0.74,"4,280","1,478",0.26,"371,220","49,350","58,841","20,085",0.29,0.25,0.14
0.75,"4,247","1,487",0.26,"375,467","45,103","60,328","18,598",0.29,0.24,0.13
0.76,"4,361","1,456",0.25,"379,828","40,742","61,784","17,142",0.30,0.22,0.12
0.77,"3,576","1,312",0.27,"383,404","37,166","63,096","15,830",0.30,0.20,0.11
0.78,"3,626","1,337",0.27,"387,030","33,540","64,433","14,493",0.30,0.18,0.10
0.79,"3,377","1,376",0.29,"390,407","30,163","65,809","13,117",0.30,0.17,0.09
0.8,"3,013","1,147",0.28,"393,420","27,150","66,956","11,970",0.31,0.15,0.08
0.81,"2,646","1,043",0.28,"396,066","24,504","67,999","10,927",0.31,0.14,0.07
0.82,"2,696","1,093",0.29,"398,762","21,808","69,092","9,834",0.31,0.12,0.06
0.83,"2,168",834,0.28,"400,930","19,640","69,926","9,000",0.31,0.11,0.06
0.84,"1,799",754,0.30,"402,729","17,841","70,680","8,246",0.32,0.10,0.05
0.85,"2,065",927,0.31,"404,794","15,776","71,607","7,319",0.32,0.09,0.05
0.86,"1,706",676,0.28,"406,500","14,070","72,283","6,643",0.32,0.08,0.04
0.87,"1,549",638,0.29,"408,049","12,521","72,921","6,005",0.32,0.08,0.04
0.88,"1,587",624,0.28,"409,636","10,934","73,545","5,381",0.33,0.07,0.03
0.89,"1,238",521,0.30,"410,874","9,696","74,066","4,860",0.33,0.06,0.03
0.9,870,430,0.33,"411,744","8,826","74,496","4,430",0.33,0.06,0.03
0.91,908,431,0.32,"412,652","7,918","74,927","3,999",0.34,0.05,0.02
0.92,833,345,0.29,"413,485","7,085","75,272","3,654",0.34,0.05,0.02
0.93,705,345,0.33,"414,190","6,380","75,617","3,309",0.34,0.04,0.02
0.94,726,343,0.32,"414,916","5,654","75,960","2,966",0.34,0.04,0.02
0.95,599,299,0.33,"415,515","5,055","76,259","2,667",0.35,0.03,0.02
0.96,536,249,0.32,"416,051","4,519","76,508","2,418",0.35,0.03,0.01
0.97,571,294,0.34,"416,622","3,948","76,802","2,124",0.35,0.03,0.01
0.98,568,290,0.34,"417,190","3,380","77,092","1,834",0.35,0.02,0.01
0.99,670,305,0.31,"417,860","2,710","77,397","1,529",0.36,0.02,0.01
1.0,"2,710","1,529",0.36,"420,570",0,"78,926",0,nan,0.00,0.00
