p,Neg,Pos,mPrec,TN,FP,FN,TP,Prec,Rec,$\hat{p}$
0.0,0,0,nan,0,"180,245",0,"33,825",0.16,1.00,1.00
0.05,0,0,nan,0,"180,245",0,"33,825",0.16,1.00,1.00
0.1,79,1,0.01,79,"180,166",1,"33,824",0.16,1.00,1.00
0.15,"1,682",48,0.03,"1,761","178,484",49,"33,776",0.16,1.00,0.99
0.2,"7,637",289,0.04,"9,398","170,847",338,"33,487",0.16,0.99,0.95
0.25,"12,838",657,0.05,"22,236","158,009",995,"32,830",0.17,0.97,0.89
0.3,"15,700","1,117",0.07,"37,936","142,309","2,112","31,713",0.18,0.94,0.81
0.35,"18,613","1,687",0.08,"56,549","123,696","3,799","30,026",0.20,0.89,0.72
0.4,"21,132","2,381",0.10,"77,681","102,564","6,180","27,645",0.21,0.82,0.61
0.45,"21,909","3,050",0.12,"99,590","80,655","9,230","24,595",0.23,0.73,0.49
0.5,"20,485","3,508",0.15,"120,075","60,170","12,738","21,087",0.26,0.62,0.38
0.55,"17,727","3,850",0.18,"137,802","42,443","16,588","17,237",0.29,0.51,0.28
0.6,"14,005","3,683",0.21,"151,807","28,438","20,271","13,554",0.32,0.40,0.20
0.65,"10,185","3,243",0.24,"161,992","18,253","23,514","10,311",0.36,0.30,0.13
0.7,"6,934","2,657",0.28,"168,926","11,319","26,171","7,654",0.40,0.23,0.09
0.75,"4,431","2,286",0.34,"173,357","6,888","28,457","5,368",0.44,0.16,0.06
0.8,"3,091","1,929",0.38,"176,448","3,797","30,386","3,439",0.48,0.10,0.03
0.85,"2,265","1,807",0.44,"178,713","1,532","32,193","1,632",0.52,0.05,0.01
0.9,"1,266","1,298",0.51,"179,979",266,"33,491",334,0.56,0.01,0.00
0.95,266,334,0.56,"180,245",0,"33,825",0,nan,0.00,0.00
1.0,0,0,nan,"180,245",0,"33,825",0,nan,0.00,0.00
