p,Neg,Pos,mPrec,TN,FP,FN,TP,Prec,Rec,$\hat{p}$
0.0,248,14,0.05,248,"179,997",14,"33,811",0.16,1.00,1.00
0.05,"16,708",999,0.06,"16,956","163,289","1,013","32,812",0.17,0.97,0.92
0.1,"17,140","1,223",0.07,"34,096","146,149","2,236","31,589",0.18,0.93,0.83
0.15,"9,282",967,0.09,"43,378","136,867","3,203","30,622",0.18,0.91,0.78
0.2,"14,422","1,665",0.10,"57,800","122,445","4,868","28,957",0.19,0.86,0.71
0.25,"19,693","2,806",0.12,"77,493","102,752","7,674","26,151",0.20,0.77,0.60
0.3,"19,366","3,154",0.14,"96,859","83,386","10,828","22,997",0.22,0.68,0.50
0.35,"16,531","3,096",0.16,"113,390","66,855","13,924","19,901",0.23,0.59,0.41
0.4,"14,386","2,828",0.16,"127,776","52,469","16,752","17,073",0.25,0.50,0.32
0.45,"9,290","2,164",0.19,"137,066","43,179","18,916","14,909",0.26,0.44,0.27
0.5,"7,659","1,983",0.21,"144,725","35,520","20,899","12,926",0.27,0.38,0.23
0.55,"7,404","2,189",0.23,"152,129","28,116","23,088","10,737",0.28,0.32,0.18
0.6,"7,343","2,284",0.24,"159,472","20,773","25,372","8,453",0.29,0.25,0.14
0.65,"6,362","2,198",0.26,"165,834","14,411","27,570","6,255",0.30,0.18,0.10
0.7,"4,435","1,778",0.29,"170,269","9,976","29,348","4,477",0.31,0.13,0.07
0.75,"2,938","1,146",0.28,"173,207","7,038","30,494","3,331",0.32,0.10,0.05
0.8,"2,161",925,0.30,"175,368","4,877","31,419","2,406",0.33,0.07,0.03
0.85,"1,364",613,0.31,"176,732","3,513","32,032","1,793",0.34,0.05,0.02
0.9,945,468,0.33,"177,677","2,568","32,500","1,325",0.34,0.04,0.02
0.95,618,359,0.37,"178,295","1,950","32,859",966,0.33,0.03,0.01
1.0,"1,950",966,0.33,"180,245",0,"33,825",0,nan,0.00,0.00
