p,Neg,Pos,mPrec,TN,FP,FN,TP,Prec,Rec,$\hat{p}$
0.0,"1,440",72,0.05,"1,440","178,805",72,"33,753",0.16,1.00,0.99
0.01,"1,416",78,0.05,"2,856","177,389",150,"33,675",0.16,1.00,0.99
0.02,"1,079",43,0.04,"3,935","176,310",193,"33,632",0.16,0.99,0.98
0.03,"1,776",101,0.05,"5,711","174,534",294,"33,531",0.16,0.99,0.97
0.04,"2,207",138,0.06,"7,918","172,327",432,"33,393",0.16,0.99,0.96
0.05,"2,400",141,0.06,"10,318","169,927",573,"33,252",0.16,0.98,0.95
0.06,"2,641",167,0.06,"12,959","167,286",740,"33,085",0.17,0.98,0.94
0.07,"2,789",203,0.07,"15,748","164,497",943,"32,882",0.17,0.97,0.92
0.08,"2,823",173,0.06,"18,571","161,674","1,116","32,709",0.17,0.97,0.91
0.09,"2,550",192,0.07,"21,121","159,124","1,308","32,517",0.17,0.96,0.90
0.1,"2,432",192,0.07,"23,553","156,692","1,500","32,325",0.17,0.96,0.88
0.11,"2,012",152,0.07,"25,565","154,680","1,652","32,173",0.17,0.95,0.87
0.12,"1,903",121,0.06,"27,468","152,777","1,773","32,052",0.17,0.95,0.86
0.13,"1,716",118,0.06,"29,184","151,061","1,891","31,934",0.17,0.94,0.85
0.14,"1,299",111,0.08,"30,483","149,762","2,002","31,823",0.18,0.94,0.85
0.15,"1,225",89,0.07,"31,708","148,537","2,091","31,734",0.18,0.94,0.84
0.16,"1,217",100,0.08,"32,925","147,320","2,191","31,634",0.18,0.94,0.84
0.17,922,88,0.09,"33,847","146,398","2,279","31,546",0.18,0.93,0.83
0.18,"1,087",96,0.08,"34,934","145,311","2,375","31,450",0.18,0.93,0.83
0.19,"1,031",94,0.08,"35,965","144,280","2,469","31,356",0.18,0.93,0.82
0.2,887,95,0.10,"36,852","143,393","2,564","31,261",0.18,0.92,0.82
0.21,"1,083",98,0.08,"37,935","142,310","2,662","31,163",0.18,0.92,0.81
0.22,"1,150",137,0.11,"39,085","141,160","2,799","31,026",0.18,0.92,0.80
0.23,"1,319",139,0.10,"40,404","139,841","2,938","30,887",0.18,0.91,0.80
0.24,"1,169",120,0.09,"41,573","138,672","3,058","30,767",0.18,0.91,0.79
0.25,"1,302",137,0.10,"42,875","137,370","3,195","30,630",0.18,0.91,0.78
0.26,"1,728",211,0.11,"44,603","135,642","3,406","30,419",0.18,0.90,0.78
0.27,"1,500",144,0.09,"46,103","134,142","3,550","30,275",0.18,0.90,0.77
0.28,"1,875",213,0.10,"47,978","132,267","3,763","30,062",0.19,0.89,0.76
0.29,"1,658",192,0.10,"49,636","130,609","3,955","29,870",0.19,0.88,0.75
0.3,"2,117",250,0.11,"51,753","128,492","4,205","29,620",0.19,0.88,0.74
0.31,"2,069",283,0.12,"53,822","126,423","4,488","29,337",0.19,0.87,0.73
0.32,"2,355",305,0.11,"56,177","124,068","4,793","29,032",0.19,0.86,0.72
0.33,"2,553",350,0.12,"58,730","121,515","5,143","28,682",0.19,0.85,0.70
0.34,"2,170",272,0.11,"60,900","119,345","5,415","28,410",0.19,0.84,0.69
0.35,"2,669",385,0.13,"63,569","116,676","5,800","28,025",0.19,0.83,0.68
0.36,"3,149",434,0.12,"66,718","113,527","6,234","27,591",0.20,0.82,0.66
0.37,"2,987",398,0.12,"69,705","110,540","6,632","27,193",0.20,0.80,0.64
0.38,"2,417",386,0.14,"72,122","108,123","7,018","26,807",0.20,0.79,0.63
0.39,"3,099",437,0.12,"75,221","105,024","7,455","26,370",0.20,0.78,0.61
0.4,"3,367",544,0.14,"78,588","101,657","7,999","25,826",0.20,0.76,0.60
0.41,"3,104",469,0.13,"81,692","98,553","8,468","25,357",0.20,0.75,0.58
0.42,"2,987",483,0.14,"84,679","95,566","8,951","24,874",0.21,0.74,0.56
0.43,"2,868",465,0.14,"87,547","92,698","9,416","24,409",0.21,0.72,0.55
0.44,"3,125",485,0.13,"90,672","89,573","9,901","23,924",0.21,0.71,0.53
0.45,"2,853",486,0.15,"93,525","86,720","10,387","23,438",0.21,0.69,0.51
0.46,"3,217",528,0.14,"96,742","83,503","10,915","22,910",0.22,0.68,0.50
0.47,"2,831",461,0.14,"99,573","80,672","11,376","22,449",0.22,0.66,0.48
0.48,"2,609",527,0.17,"102,182","78,063","11,903","21,922",0.22,0.65,0.47
0.49,"2,953",525,0.15,"105,135","75,110","12,428","21,397",0.22,0.63,0.45
0.5,"2,864",516,0.15,"107,999","72,246","12,944","20,881",0.22,0.62,0.44
0.51,"2,780",530,0.16,"110,779","69,466","13,474","20,351",0.23,0.60,0.42
0.52,"3,022",568,0.16,"113,801","66,444","14,042","19,783",0.23,0.58,0.40
0.53,"2,835",524,0.16,"116,636","63,609","14,566","19,259",0.23,0.57,0.39
0.54,"3,075",626,0.17,"119,711","60,534","15,192","18,633",0.24,0.55,0.37
0.55,"2,581",508,0.16,"122,292","57,953","15,700","18,125",0.24,0.54,0.36
0.56,"2,591",526,0.17,"124,883","55,362","16,226","17,599",0.24,0.52,0.34
0.57,"2,246",479,0.18,"127,129","53,116","16,705","17,120",0.24,0.51,0.33
0.58,"2,472",532,0.18,"129,601","50,644","17,237","16,588",0.25,0.49,0.31
0.59,"2,370",573,0.19,"131,971","48,274","17,810","16,015",0.25,0.47,0.30
0.6,"1,763",355,0.17,"133,734","46,511","18,165","15,660",0.25,0.46,0.29
0.61,"1,564",352,0.18,"135,298","44,947","18,517","15,308",0.25,0.45,0.28
0.62,"1,885",451,0.19,"137,183","43,062","18,968","14,857",0.26,0.44,0.27
0.63,"1,616",397,0.20,"138,799","41,446","19,365","14,460",0.26,0.43,0.26
0.64,"1,316",336,0.20,"140,115","40,130","19,701","14,124",0.26,0.42,0.25
0.65,"1,327",375,0.22,"141,442","38,803","20,076","13,749",0.26,0.41,0.25
0.66,"1,886",467,0.20,"143,328","36,917","20,543","13,282",0.26,0.39,0.23
0.67,"1,675",412,0.20,"145,003","35,242","20,955","12,870",0.27,0.38,0.22
0.68,"1,635",420,0.20,"146,638","33,607","21,375","12,450",0.27,0.37,0.22
0.69,"1,777",568,0.24,"148,415","31,830","21,943","11,882",0.27,0.35,0.20
0.7,"1,967",567,0.22,"150,382","29,863","22,510","11,315",0.27,0.33,0.19
0.71,"1,992",548,0.22,"152,374","27,871","23,058","10,767",0.28,0.32,0.18
0.72,"1,950",615,0.24,"154,324","25,921","23,673","10,152",0.28,0.30,0.17
0.73,"2,169",706,0.25,"156,493","23,752","24,379","9,446",0.28,0.28,0.16
0.74,"1,886",630,0.25,"158,379","21,866","25,009","8,816",0.29,0.26,0.14
0.75,"1,829",633,0.26,"160,208","20,037","25,642","8,183",0.29,0.24,0.13
0.76,"1,779",661,0.27,"161,987","18,258","26,303","7,522",0.29,0.22,0.12
0.77,"1,744",618,0.26,"163,731","16,514","26,921","6,904",0.29,0.20,0.11
0.78,"1,540",584,0.27,"165,271","14,974","27,505","6,320",0.30,0.19,0.10
0.79,"1,511",533,0.26,"166,782","13,463","28,038","5,787",0.30,0.17,0.09
0.8,"1,310",540,0.29,"168,092","12,153","28,578","5,247",0.30,0.16,0.08
0.81,"1,110",441,0.28,"169,202","11,043","29,019","4,806",0.30,0.14,0.07
0.82,"1,052",412,0.28,"170,254","9,991","29,431","4,394",0.31,0.13,0.07
0.83,"1,109",408,0.27,"171,363","8,882","29,839","3,986",0.31,0.12,0.06
0.84,775,309,0.29,"172,138","8,107","30,148","3,677",0.31,0.11,0.06
0.85,833,357,0.30,"172,971","7,274","30,505","3,320",0.31,0.10,0.05
0.86,777,310,0.29,"173,748","6,497","30,815","3,010",0.32,0.09,0.04
0.87,634,275,0.30,"174,382","5,863","31,090","2,735",0.32,0.08,0.04
0.88,667,279,0.29,"175,049","5,196","31,369","2,456",0.32,0.07,0.04
0.89,620,243,0.28,"175,669","4,576","31,612","2,213",0.33,0.07,0.03
0.9,495,204,0.29,"176,164","4,081","31,816","2,009",0.33,0.06,0.03
0.91,496,208,0.30,"176,660","3,585","32,024","1,801",0.33,0.05,0.03
0.92,365,190,0.34,"177,025","3,220","32,214","1,611",0.33,0.05,0.02
0.93,242,124,0.34,"177,267","2,978","32,338","1,487",0.33,0.04,0.02
0.94,343,176,0.34,"177,610","2,635","32,514","1,311",0.33,0.04,0.02
0.95,261,138,0.35,"177,871","2,374","32,652","1,173",0.33,0.03,0.02
0.96,298,133,0.31,"178,169","2,076","32,785","1,040",0.33,0.03,0.01
0.97,262,126,0.32,"178,431","1,814","32,911",914,0.34,0.03,0.01
0.98,250,117,0.32,"178,681","1,564","33,028",797,0.34,0.02,0.01
0.99,315,134,0.30,"178,996","1,249","33,162",663,0.35,0.02,0.01
1.0,"1,249",663,0.35,"180,245",0,"33,825",0,nan,0.00,0.00
