p,Neg,Pos,mPrec,TN,FP,FN,TP,Prec,Rec,$\hat{p}$
0.0,3,0,0.00,3,"420,567",0,"78,926",0.16,1.00,1.00
0.01,126,0,0.00,129,"420,441",0,"78,926",0.16,1.00,1.00
0.02,412,25,0.06,541,"420,029",25,"78,901",0.16,1.00,1.00
0.03,"2,834",149,0.05,"3,375","417,195",174,"78,752",0.16,1.00,0.99
0.04,"9,418",492,0.05,"12,793","407,777",666,"78,260",0.16,0.99,0.97
0.05,"16,159",917,0.05,"28,952","391,618","1,583","77,343",0.16,0.98,0.94
0.06,"18,048","1,161",0.06,"47,000","373,570","2,744","76,182",0.17,0.97,0.90
0.07,"14,523",993,0.06,"61,523","359,047","3,737","75,189",0.17,0.95,0.87
0.08,"9,798",801,0.08,"71,321","349,249","4,538","74,388",0.18,0.94,0.85
0.09,"6,503",512,0.07,"77,824","342,746","5,050","73,876",0.18,0.94,0.83
0.1,"5,576",518,0.09,"83,400","337,170","5,568","73,358",0.18,0.93,0.82
0.11,"5,680",555,0.09,"89,080","331,490","6,123","72,803",0.18,0.92,0.81
0.12,"6,314",685,0.10,"95,394","325,176","6,808","72,118",0.18,0.91,0.80
0.13,"7,377",860,0.10,"102,771","317,799","7,668","71,258",0.18,0.90,0.78
0.14,"8,167",920,0.10,"110,938","309,632","8,588","70,338",0.19,0.89,0.76
0.15,"9,086","1,108",0.11,"120,024","300,546","9,696","69,230",0.19,0.88,0.74
0.16,"10,643","1,288",0.11,"130,667","289,903","10,984","67,942",0.19,0.86,0.72
0.17,"10,407","1,348",0.11,"141,074","279,496","12,332","66,594",0.19,0.84,0.69
0.18,"12,172","1,559",0.11,"153,246","267,324","13,891","65,035",0.20,0.82,0.67
0.19,"13,214","1,825",0.12,"166,460","254,110","15,716","63,210",0.20,0.80,0.64
0.2,"12,176","1,824",0.13,"178,636","241,934","17,540","61,386",0.20,0.78,0.61
0.21,"13,455","2,075",0.13,"192,091","228,479","19,615","59,311",0.21,0.75,0.58
0.22,"12,379","1,885",0.13,"204,470","216,100","21,500","57,426",0.21,0.73,0.55
0.23,"11,863","2,040",0.15,"216,333","204,237","23,540","55,386",0.21,0.70,0.52
0.24,"12,255","2,055",0.14,"228,588","191,982","25,595","53,331",0.22,0.68,0.49
0.25,"9,658","1,793",0.16,"238,246","182,324","27,388","51,538",0.22,0.65,0.47
0.26,"11,728","2,104",0.15,"249,974","170,596","29,492","49,434",0.22,0.63,0.44
0.27,"9,892","1,899",0.16,"259,866","160,704","31,391","47,535",0.23,0.60,0.42
0.28,"11,024","2,056",0.16,"270,890","149,680","33,447","45,479",0.23,0.58,0.39
0.29,"9,322","1,815",0.16,"280,212","140,358","35,262","43,664",0.24,0.55,0.37
0.3,"8,866","1,914",0.18,"289,078","131,492","37,176","41,750",0.24,0.53,0.35
0.31,"8,501","1,766",0.17,"297,579","122,991","38,942","39,984",0.25,0.51,0.33
0.32,"7,666","1,746",0.19,"305,245","115,325","40,688","38,238",0.25,0.48,0.31
0.33,"6,512","1,423",0.18,"311,757","108,813","42,111","36,815",0.25,0.47,0.29
0.34,"4,731","1,177",0.20,"316,488","104,082","43,288","35,638",0.26,0.45,0.28
0.35,"6,008","1,421",0.19,"322,496","98,074","44,709","34,217",0.26,0.43,0.26
0.36,"4,569","1,083",0.19,"327,065","93,505","45,792","33,134",0.26,0.42,0.25
0.37,"4,564","1,204",0.21,"331,629","88,941","46,996","31,930",0.26,0.40,0.24
0.38,"4,674","1,319",0.22,"336,303","84,267","48,315","30,611",0.27,0.39,0.23
0.39,"4,317","1,279",0.23,"340,620","79,950","49,594","29,332",0.27,0.37,0.22
0.4,"5,064","1,450",0.22,"345,684","74,886","51,044","27,882",0.27,0.35,0.21
0.41,"5,351","1,524",0.22,"351,035","69,535","52,568","26,358",0.27,0.33,0.19
0.42,"4,976","1,495",0.23,"356,011","64,559","54,063","24,863",0.28,0.32,0.18
0.43,"5,750","1,722",0.23,"361,761","58,809","55,785","23,141",0.28,0.29,0.16
0.44,"4,781","1,528",0.24,"366,542","54,028","57,313","21,613",0.29,0.27,0.15
0.45,"3,995","1,334",0.25,"370,537","50,033","58,647","20,279",0.29,0.26,0.14
0.46,"5,211","1,715",0.25,"375,748","44,822","60,362","18,564",0.29,0.24,0.13
0.47,"3,994","1,364",0.25,"379,742","40,828","61,726","17,200",0.30,0.22,0.12
0.48,"3,614","1,303",0.26,"383,356","37,214","63,029","15,897",0.30,0.20,0.11
0.49,"4,206","1,511",0.26,"387,562","33,008","64,540","14,386",0.30,0.18,0.09
0.5,"3,079","1,211",0.28,"390,641","29,929","65,751","13,175",0.31,0.17,0.09
0.51,"2,621","1,057",0.29,"393,262","27,308","66,808","12,118",0.31,0.15,0.08
0.52,"2,658","1,040",0.28,"395,920","24,650","67,848","11,078",0.31,0.14,0.07
0.53,"2,469",987,0.29,"398,389","22,181","68,835","10,091",0.31,0.13,0.06
0.54,"2,071",862,0.29,"400,460","20,110","69,697","9,229",0.31,0.12,0.06
0.55,"1,795",736,0.29,"402,255","18,315","70,433","8,493",0.32,0.11,0.05
0.56,"1,889",805,0.30,"404,144","16,426","71,238","7,688",0.32,0.10,0.05
0.57,"1,408",531,0.27,"405,552","15,018","71,769","7,157",0.32,0.09,0.04
0.58,"1,308",551,0.30,"406,860","13,710","72,320","6,606",0.33,0.08,0.04
0.59,"1,510",662,0.30,"408,370","12,200","72,982","5,944",0.33,0.08,0.04
0.6,986,405,0.29,"409,356","11,214","73,387","5,539",0.33,0.07,0.03
0.61,933,420,0.31,"410,289","10,281","73,807","5,119",0.33,0.06,0.03
0.62,835,355,0.30,"411,124","9,446","74,162","4,764",0.34,0.06,0.03
0.63,"1,074",493,0.31,"412,198","8,372","74,655","4,271",0.34,0.05,0.03
0.64,477,209,0.30,"412,675","7,895","74,864","4,062",0.34,0.05,0.02
0.65,559,278,0.33,"413,234","7,336","75,142","3,784",0.34,0.05,0.02
0.66,671,330,0.33,"413,905","6,665","75,472","3,454",0.34,0.04,0.02
0.67,656,279,0.30,"414,561","6,009","75,751","3,175",0.35,0.04,0.02
0.68,519,273,0.34,"415,080","5,490","76,024","2,902",0.35,0.04,0.02
0.69,604,294,0.33,"415,684","4,886","76,318","2,608",0.35,0.03,0.02
0.7,392,198,0.34,"416,076","4,494","76,516","2,410",0.35,0.03,0.01
0.71,361,174,0.33,"416,437","4,133","76,690","2,236",0.35,0.03,0.01
0.72,353,200,0.36,"416,790","3,780","76,890","2,036",0.35,0.03,0.01
0.73,529,253,0.32,"417,319","3,251","77,143","1,783",0.35,0.02,0.01
0.74,408,179,0.30,"417,727","2,843","77,322","1,604",0.36,0.02,0.01
0.75,340,162,0.32,"418,067","2,503","77,484","1,442",0.37,0.02,0.01
0.76,323,164,0.34,"418,390","2,180","77,648","1,278",0.37,0.02,0.01
0.77,469,213,0.31,"418,859","1,711","77,861","1,065",0.38,0.01,0.01
0.78,148,76,0.34,"419,007","1,563","77,937",989,0.39,0.01,0.01
0.79,239,114,0.32,"419,246","1,324","78,051",875,0.40,0.01,0.00
0.8,213,133,0.38,"419,459","1,111","78,184",742,0.40,0.01,0.00
0.81,272,174,0.39,"419,731",839,"78,358",568,0.40,0.01,0.00
0.82,135,87,0.39,"419,866",704,"78,445",481,0.41,0.01,0.00
0.83,138,77,0.36,"420,004",566,"78,522",404,0.42,0.01,0.00
0.84,127,82,0.39,"420,131",439,"78,604",322,0.42,0.00,0.00
0.85,120,98,0.45,"420,251",319,"78,702",224,0.41,0.00,0.00
0.86,52,43,0.45,"420,303",267,"78,745",181,0.40,0.00,0.00
0.87,88,61,0.41,"420,391",179,"78,806",120,0.40,0.00,0.00
0.88,48,31,0.39,"420,439",131,"78,837",89,0.40,0.00,0.00
0.89,53,35,0.40,"420,492",78,"78,872",54,0.41,0.00,0.00
0.9,12,10,0.45,"420,504",66,"78,882",44,0.40,0.00,0.00
0.91,29,22,0.43,"420,533",37,"78,904",22,0.37,0.00,0.00
0.92,17,8,0.32,"420,550",20,"78,912",14,0.41,0.00,0.00
0.93,1,2,0.67,"420,551",19,"78,914",12,0.39,0.00,0.00
0.94,15,6,0.29,"420,566",4,"78,920",6,0.60,0.00,0.00
0.95,2,3,0.60,"420,568",2,"78,923",3,0.60,0.00,0.00
0.96,2,0,0.00,"420,570",0,"78,923",3,1.00,0.00,0.00
0.97,0,2,1.00,"420,570",0,"78,925",1,1.00,0.00,0.00
0.98,0,0,nan,"420,570",0,"78,925",1,1.00,0.00,0.00
0.99,0,0,nan,"420,570",0,"78,925",1,1.00,0.00,0.00
1.0,0,1,1.00,"420,570",0,"78,926",0,nan,0.00,0.00
