p,Neg,Pos,mPrec,TN,FP,FN,TP,Prec,Rec,$\hat{p}$
0.0,"1,918",24,0.01,"1,918","178,327",24,"33,801",0.16,1.00,0.99
0.01,924,14,0.01,"2,842","177,403",38,"33,787",0.16,1.00,0.99
0.02,"1,067",17,0.02,"3,909","176,336",55,"33,770",0.16,1.00,0.98
0.03,"1,255",21,0.02,"5,164","175,081",76,"33,749",0.16,1.00,0.98
0.04,"1,532",20,0.01,"6,696","173,549",96,"33,729",0.16,1.00,0.97
0.05,"1,597",33,0.02,"8,293","171,952",129,"33,696",0.16,1.00,0.96
0.06,"1,749",39,0.02,"10,042","170,203",168,"33,657",0.17,1.00,0.95
0.07,"1,943",36,0.02,"11,985","168,260",204,"33,621",0.17,0.99,0.94
0.08,"2,029",56,0.03,"14,014","166,231",260,"33,565",0.17,0.99,0.93
0.09,"2,248",60,0.03,"16,262","163,983",320,"33,505",0.17,0.99,0.92
0.1,"2,421",78,0.03,"18,683","161,562",398,"33,427",0.17,0.99,0.91
0.11,"2,444",82,0.03,"21,127","159,118",480,"33,345",0.17,0.99,0.90
0.12,"2,488",86,0.03,"23,615","156,630",566,"33,259",0.18,0.98,0.89
0.13,"2,676",101,0.04,"26,291","153,954",667,"33,158",0.18,0.98,0.87
0.14,"2,600",105,0.04,"28,891","151,354",772,"33,053",0.18,0.98,0.86
0.15,"2,702",103,0.04,"31,593","148,652",875,"32,950",0.18,0.97,0.85
0.16,"2,873",126,0.04,"34,466","145,779","1,001","32,824",0.18,0.97,0.83
0.17,"2,839",135,0.05,"37,305","142,940","1,136","32,689",0.19,0.97,0.82
0.18,"2,851",148,0.05,"40,156","140,089","1,284","32,541",0.19,0.96,0.81
0.19,"2,868",146,0.05,"43,024","137,221","1,430","32,395",0.19,0.96,0.79
0.2,"2,916",168,0.05,"45,940","134,305","1,598","32,227",0.19,0.95,0.78
0.21,"2,932",192,0.06,"48,872","131,373","1,790","32,035",0.20,0.95,0.76
0.22,"3,075",198,0.06,"51,947","128,298","1,988","31,837",0.20,0.94,0.75
0.23,"3,011",212,0.07,"54,958","125,287","2,200","31,625",0.20,0.93,0.73
0.24,"2,930",205,0.07,"57,888","122,357","2,405","31,420",0.20,0.93,0.72
0.25,"3,107",210,0.06,"60,995","119,250","2,615","31,210",0.21,0.92,0.70
0.26,"3,076",227,0.07,"64,071","116,174","2,842","30,983",0.21,0.92,0.69
0.27,"3,026",252,0.08,"67,097","113,148","3,094","30,731",0.21,0.91,0.67
0.28,"3,033",262,0.08,"70,130","110,115","3,356","30,469",0.22,0.90,0.66
0.29,"3,009",262,0.08,"73,139","107,106","3,618","30,207",0.22,0.89,0.64
0.3,"3,063",289,0.09,"76,202","104,043","3,907","29,918",0.22,0.88,0.63
0.31,"2,989",305,0.09,"79,191","101,054","4,212","29,613",0.23,0.88,0.61
0.32,"2,956",339,0.10,"82,147","98,098","4,551","29,274",0.23,0.87,0.60
0.33,"2,957",297,0.09,"85,104","95,141","4,848","28,977",0.23,0.86,0.58
0.34,"2,928",337,0.10,"88,032","92,213","5,185","28,640",0.24,0.85,0.56
0.35,"2,960",332,0.10,"90,992","89,253","5,517","28,308",0.24,0.84,0.55
0.36,"2,858",353,0.11,"93,850","86,395","5,870","27,955",0.24,0.83,0.53
0.37,"2,818",396,0.12,"96,668","83,577","6,266","27,559",0.25,0.81,0.52
0.38,"2,755",364,0.12,"99,423","80,822","6,630","27,195",0.25,0.80,0.50
0.39,"2,734",383,0.12,"102,157","78,088","7,013","26,812",0.26,0.79,0.49
0.4,"2,676",381,0.12,"104,833","75,412","7,394","26,431",0.26,0.78,0.48
0.41,"2,697",390,0.13,"107,530","72,715","7,784","26,041",0.26,0.77,0.46
0.42,"2,606",398,0.13,"110,136","70,109","8,182","25,643",0.27,0.76,0.45
0.43,"2,502",441,0.15,"112,638","67,607","8,623","25,202",0.27,0.75,0.43
0.44,"2,520",437,0.15,"115,158","65,087","9,060","24,765",0.28,0.73,0.42
0.45,"2,496",452,0.15,"117,654","62,591","9,512","24,313",0.28,0.72,0.41
0.46,"2,510",413,0.14,"120,164","60,081","9,925","23,900",0.28,0.71,0.39
0.47,"2,410",458,0.16,"122,574","57,671","10,383","23,442",0.29,0.69,0.38
0.48,"2,366",461,0.16,"124,940","55,305","10,844","22,981",0.29,0.68,0.37
0.49,"2,355",460,0.16,"127,295","52,950","11,304","22,521",0.30,0.67,0.35
0.5,"2,278",422,0.16,"129,573","50,672","11,726","22,099",0.30,0.65,0.34
0.51,"2,120",441,0.17,"131,693","48,552","12,167","21,658",0.31,0.64,0.33
0.52,"2,123",464,0.18,"133,816","46,429","12,631","21,194",0.31,0.63,0.32
0.53,"2,047",498,0.20,"135,863","44,382","13,129","20,696",0.32,0.61,0.30
0.54,"1,959",485,0.20,"137,822","42,423","13,614","20,211",0.32,0.60,0.29
0.55,"2,043",519,0.20,"139,865","40,380","14,133","19,692",0.33,0.58,0.28
0.56,"1,957",497,0.20,"141,822","38,423","14,630","19,195",0.33,0.57,0.27
0.57,"1,845",506,0.22,"143,667","36,578","15,136","18,689",0.34,0.55,0.26
0.58,"1,782",469,0.21,"145,449","34,796","15,605","18,220",0.34,0.54,0.25
0.59,"1,776",526,0.23,"147,225","33,020","16,131","17,694",0.35,0.52,0.24
0.6,"1,715",474,0.22,"148,940","31,305","16,605","17,220",0.35,0.51,0.23
0.61,"1,631",499,0.23,"150,571","29,674","17,104","16,721",0.36,0.49,0.22
0.62,"1,525",531,0.26,"152,096","28,149","17,635","16,190",0.37,0.48,0.21
0.63,"1,560",466,0.23,"153,656","26,589","18,101","15,724",0.37,0.46,0.20
0.64,"1,467",501,0.25,"155,123","25,122","18,602","15,223",0.38,0.45,0.19
0.65,"1,431",501,0.26,"156,554","23,691","19,103","14,722",0.38,0.44,0.18
0.66,"1,350",507,0.27,"157,904","22,341","19,610","14,215",0.39,0.42,0.17
0.67,"1,334",518,0.28,"159,238","21,007","20,128","13,697",0.39,0.40,0.16
0.68,"1,299",505,0.28,"160,537","19,708","20,633","13,192",0.40,0.39,0.15
0.69,"1,221",521,0.30,"161,758","18,487","21,154","12,671",0.41,0.37,0.15
0.7,"1,233",454,0.27,"162,991","17,254","21,608","12,217",0.41,0.36,0.14
0.71,"1,147",503,0.30,"164,138","16,107","22,111","11,714",0.42,0.35,0.13
0.72,"1,115",495,0.31,"165,253","14,992","22,606","11,219",0.43,0.33,0.12
0.73,"1,017",504,0.33,"166,270","13,975","23,110","10,715",0.43,0.32,0.12
0.74,955,500,0.34,"167,225","13,020","23,610","10,215",0.44,0.30,0.11
0.75,979,518,0.35,"168,204","12,041","24,128","9,697",0.45,0.29,0.10
0.76,896,502,0.36,"169,100","11,145","24,630","9,195",0.45,0.27,0.10
0.77,870,492,0.36,"169,970","10,275","25,122","8,703",0.46,0.26,0.09
0.78,799,454,0.36,"170,769","9,476","25,576","8,249",0.47,0.24,0.08
0.79,727,468,0.39,"171,496","8,749","26,044","7,781",0.47,0.23,0.08
0.8,800,478,0.37,"172,296","7,949","26,522","7,303",0.48,0.22,0.07
0.81,714,471,0.40,"173,010","7,235","26,993","6,832",0.49,0.20,0.07
0.82,644,462,0.42,"173,654","6,591","27,455","6,370",0.49,0.19,0.06
0.83,648,469,0.42,"174,302","5,943","27,924","5,901",0.50,0.17,0.06
0.84,635,435,0.41,"174,937","5,308","28,359","5,466",0.51,0.16,0.05
0.85,559,495,0.47,"175,496","4,749","28,854","4,971",0.51,0.15,0.05
0.86,556,424,0.43,"176,052","4,193","29,278","4,547",0.52,0.13,0.04
0.87,489,409,0.46,"176,541","3,704","29,687","4,138",0.53,0.12,0.04
0.88,461,422,0.48,"177,002","3,243","30,109","3,716",0.53,0.11,0.03
0.89,425,387,0.48,"177,427","2,818","30,496","3,329",0.54,0.10,0.03
0.9,418,359,0.46,"177,845","2,400","30,855","2,970",0.55,0.09,0.03
0.91,322,342,0.52,"178,167","2,078","31,197","2,628",0.56,0.08,0.02
0.92,341,354,0.51,"178,508","1,737","31,551","2,274",0.57,0.07,0.02
0.93,308,287,0.48,"178,816","1,429","31,838","1,987",0.58,0.06,0.02
0.94,287,283,0.50,"179,103","1,142","32,121","1,704",0.60,0.05,0.01
0.95,263,286,0.52,"179,366",879,"32,407","1,418",0.62,0.04,0.01
0.96,203,244,0.55,"179,569",676,"32,651","1,174",0.63,0.03,0.01
0.97,162,224,0.58,"179,731",514,"32,875",950,0.65,0.03,0.01
0.98,152,207,0.58,"179,883",362,"33,082",743,0.67,0.02,0.01
0.99,113,182,0.62,"179,996",249,"33,264",561,0.69,0.02,0.00
1.0,249,561,0.69,"180,245",0,"33,825",0,nan,0.00,0.00
