p,Neg,Pos,mPrec,TN,FP,FN,TP,Prec,Rec,$\hat{p}$
0.0,"5,194",163,0.03,"5,194","415,376",163,"78,763",0.16,1.00,0.99
0.01,"1,777",48,0.03,"6,971","413,599",211,"78,715",0.16,1.00,0.99
0.02,"2,315",85,0.04,"9,286","411,284",296,"78,630",0.16,1.00,0.98
0.03,"2,592",94,0.03,"11,878","408,692",390,"78,536",0.16,1.00,0.98
0.04,"2,996",125,0.04,"14,874","405,696",515,"78,411",0.16,0.99,0.97
0.05,"3,318",129,0.04,"18,192","402,378",644,"78,282",0.16,0.99,0.96
0.06,"3,503",168,0.05,"21,695","398,875",812,"78,114",0.16,0.99,0.95
0.07,"3,977",168,0.04,"25,672","394,898",980,"77,946",0.16,0.99,0.95
0.08,"4,037",210,0.05,"29,709","390,861","1,190","77,736",0.17,0.98,0.94
0.09,"4,305",212,0.05,"34,014","386,556","1,402","77,524",0.17,0.98,0.93
0.1,"4,478",237,0.05,"38,492","382,078","1,639","77,287",0.17,0.98,0.92
0.11,"4,875",259,0.05,"43,367","377,203","1,898","77,028",0.17,0.98,0.91
0.12,"4,752",264,0.05,"48,119","372,451","2,162","76,764",0.17,0.97,0.90
0.13,"4,949",298,0.06,"53,068","367,502","2,460","76,466",0.17,0.97,0.89
0.14,"4,978",312,0.06,"58,046","362,524","2,772","76,154",0.17,0.96,0.88
0.15,"5,110",339,0.06,"63,156","357,414","3,111","75,815",0.17,0.96,0.87
0.16,"5,327",344,0.06,"68,483","352,087","3,455","75,471",0.18,0.96,0.86
0.17,"5,810",386,0.06,"74,293","346,277","3,841","75,085",0.18,0.95,0.84
0.18,"5,902",413,0.07,"80,195","340,375","4,254","74,672",0.18,0.95,0.83
0.19,"5,986",459,0.07,"86,181","334,389","4,713","74,213",0.18,0.94,0.82
0.2,"5,954",483,0.08,"92,135","328,435","5,196","73,730",0.18,0.93,0.81
0.21,"6,273",538,0.08,"98,408","322,162","5,734","73,192",0.19,0.93,0.79
0.22,"6,278",561,0.08,"104,686","315,884","6,295","72,631",0.19,0.92,0.78
0.23,"6,400",531,0.08,"111,086","309,484","6,826","72,100",0.19,0.91,0.76
0.24,"6,312",577,0.08,"117,398","303,172","7,403","71,523",0.19,0.91,0.75
0.25,"6,925",628,0.08,"124,323","296,247","8,031","70,895",0.19,0.90,0.74
0.26,"6,748",671,0.09,"131,071","289,499","8,702","70,224",0.20,0.89,0.72
0.27,"7,028",701,0.09,"138,099","282,471","9,403","69,523",0.20,0.88,0.70
0.28,"7,015",820,0.10,"145,114","275,456","10,223","68,703",0.20,0.87,0.69
0.29,"7,152",774,0.10,"152,266","268,304","10,997","67,929",0.20,0.86,0.67
0.3,"7,339",719,0.09,"159,605","260,965","11,716","67,210",0.20,0.85,0.66
0.31,"7,282",825,0.10,"166,887","253,683","12,541","66,385",0.21,0.84,0.64
0.32,"7,383",873,0.11,"174,270","246,300","13,414","65,512",0.21,0.83,0.62
0.33,"7,523",917,0.11,"181,793","238,777","14,331","64,595",0.21,0.82,0.61
0.34,"7,640",949,0.11,"189,433","231,137","15,280","63,646",0.22,0.81,0.59
0.35,"7,488","1,014",0.12,"196,921","223,649","16,294","62,632",0.22,0.79,0.57
0.36,"7,422","1,025",0.12,"204,343","216,227","17,319","61,607",0.22,0.78,0.56
0.37,"7,653","1,121",0.13,"211,996","208,574","18,440","60,486",0.22,0.77,0.54
0.38,"7,580","1,120",0.13,"219,576","200,994","19,560","59,366",0.23,0.75,0.52
0.39,"7,578","1,170",0.13,"227,154","193,416","20,730","58,196",0.23,0.74,0.50
0.4,"7,371","1,144",0.13,"234,525","186,045","21,874","57,052",0.23,0.72,0.49
0.41,"7,383","1,172",0.14,"241,908","178,662","23,046","55,880",0.24,0.71,0.47
0.42,"7,607","1,173",0.13,"249,515","171,055","24,219","54,707",0.24,0.69,0.45
0.43,"7,109","1,212",0.15,"256,624","163,946","25,431","53,495",0.25,0.68,0.44
0.44,"6,889","1,207",0.15,"263,513","157,057","26,638","52,288",0.25,0.66,0.42
0.45,"7,023","1,184",0.14,"270,536","150,034","27,822","51,104",0.25,0.65,0.40
0.46,"6,608","1,229",0.16,"277,144","143,426","29,051","49,875",0.26,0.63,0.39
0.47,"6,628","1,268",0.16,"283,772","136,798","30,319","48,607",0.26,0.62,0.37
0.48,"6,544","1,304",0.17,"290,316","130,254","31,623","47,303",0.27,0.60,0.36
0.49,"6,342","1,332",0.17,"296,658","123,912","32,955","45,971",0.27,0.58,0.34
0.5,"6,108","1,279",0.17,"302,766","117,804","34,234","44,692",0.28,0.57,0.33
0.51,"6,060","1,359",0.18,"308,826","111,744","35,593","43,333",0.28,0.55,0.31
0.52,"5,881","1,297",0.18,"314,707","105,863","36,890","42,036",0.28,0.53,0.30
0.53,"5,705","1,349",0.19,"320,412","100,158","38,239","40,687",0.29,0.52,0.28
0.54,"5,444","1,288",0.19,"325,856","94,714","39,527","39,399",0.29,0.50,0.27
0.55,"5,352","1,246",0.19,"331,208","89,362","40,773","38,153",0.30,0.48,0.26
0.56,"5,019","1,288",0.20,"336,227","84,343","42,061","36,865",0.30,0.47,0.24
0.57,"4,693","1,218",0.21,"340,920","79,650","43,279","35,647",0.31,0.45,0.23
0.58,"4,754","1,245",0.21,"345,674","74,896","44,524","34,402",0.31,0.44,0.22
0.59,"4,352","1,218",0.22,"350,026","70,544","45,742","33,184",0.32,0.42,0.21
0.6,"4,294","1,224",0.22,"354,320","66,250","46,966","31,960",0.33,0.40,0.20
0.61,"3,941","1,126",0.22,"358,261","62,309","48,092","30,834",0.33,0.39,0.19
0.62,"3,865","1,211",0.24,"362,126","58,444","49,303","29,623",0.34,0.38,0.18
0.63,"3,614","1,167",0.24,"365,740","54,830","50,470","28,456",0.34,0.36,0.17
0.64,"3,511","1,081",0.24,"369,251","51,319","51,551","27,375",0.35,0.35,0.16
0.65,"3,333","1,098",0.25,"372,584","47,986","52,649","26,277",0.35,0.33,0.15
0.66,"3,061","1,037",0.25,"375,645","44,925","53,686","25,240",0.36,0.32,0.14
0.67,"3,080","1,050",0.25,"378,725","41,845","54,736","24,190",0.37,0.31,0.13
0.68,"2,869","1,043",0.27,"381,594","38,976","55,779","23,147",0.37,0.29,0.12
0.69,"2,666",949,0.26,"384,260","36,310","56,728","22,198",0.38,0.28,0.12
0.7,"2,447",989,0.29,"386,707","33,863","57,717","21,209",0.39,0.27,0.11
0.71,"2,321",915,0.28,"389,028","31,542","58,632","20,294",0.39,0.26,0.10
0.72,"2,108",904,0.30,"391,136","29,434","59,536","19,390",0.40,0.25,0.10
0.73,"1,982",894,0.31,"393,118","27,452","60,430","18,496",0.40,0.23,0.09
0.74,"1,870",835,0.31,"394,988","25,582","61,265","17,661",0.41,0.22,0.09
0.75,"1,769",822,0.32,"396,757","23,813","62,087","16,839",0.41,0.21,0.08
0.76,"1,629",818,0.33,"398,386","22,184","62,905","16,021",0.42,0.20,0.08
0.77,"1,549",757,0.33,"399,935","20,635","63,662","15,264",0.43,0.19,0.07
0.78,"1,491",757,0.34,"401,426","19,144","64,419","14,507",0.43,0.18,0.07
0.79,"1,393",702,0.34,"402,819","17,751","65,121","13,805",0.44,0.17,0.06
0.8,"1,328",768,0.37,"404,147","16,423","65,889","13,037",0.44,0.17,0.06
0.81,"1,220",684,0.36,"405,367","15,203","66,573","12,353",0.45,0.16,0.06
0.82,"1,122",681,0.38,"406,489","14,081","67,254","11,672",0.45,0.15,0.05
0.83,"1,146",704,0.38,"407,635","12,935","67,958","10,968",0.46,0.14,0.05
0.84,"1,085",688,0.39,"408,720","11,850","68,646","10,280",0.46,0.13,0.04
0.85,"1,054",636,0.38,"409,774","10,796","69,282","9,644",0.47,0.12,0.04
0.86,945,665,0.41,"410,719","9,851","69,947","8,979",0.48,0.11,0.04
0.87,891,669,0.43,"411,610","8,960","70,616","8,310",0.48,0.11,0.03
0.88,837,628,0.43,"412,447","8,123","71,244","7,682",0.49,0.10,0.03
0.89,913,598,0.40,"413,360","7,210","71,842","7,084",0.50,0.09,0.03
0.9,826,663,0.45,"414,186","6,384","72,505","6,421",0.50,0.08,0.03
0.91,755,666,0.47,"414,941","5,629","73,171","5,755",0.51,0.07,0.02
0.92,698,612,0.47,"415,639","4,931","73,783","5,143",0.51,0.07,0.02
0.93,732,615,0.46,"416,371","4,199","74,398","4,528",0.52,0.06,0.02
0.94,628,594,0.49,"416,999","3,571","74,992","3,934",0.52,0.05,0.02
0.95,639,620,0.49,"417,638","2,932","75,612","3,314",0.53,0.04,0.01
0.96,579,587,0.50,"418,217","2,353","76,199","2,727",0.54,0.03,0.01
0.97,508,525,0.51,"418,725","1,845","76,724","2,202",0.54,0.03,0.01
0.98,405,459,0.53,"419,130","1,440","77,183","1,743",0.55,0.02,0.01
0.99,358,411,0.53,"419,488","1,082","77,594","1,332",0.55,0.02,0.00
1.0,"1,082","1,332",0.55,"420,570",0,"78,926",0,nan,0.00,0.00
