p,Neg,Pos,mPrec,TN,FP,FN,TP,Prec,Rec,$\hat{p}$
0.0,"1,769",17,0.01,"1,769","178,476",17,"33,808",0.16,1.00,0.99
0.05,"6,567",100,0.01,"8,336","171,909",117,"33,708",0.16,1.00,0.96
0.1,"10,897",282,0.03,"19,233","161,012",399,"33,426",0.17,0.99,0.91
0.15,"13,110",506,0.04,"32,343","147,902",905,"32,920",0.18,0.97,0.84
0.2,"14,669",744,0.05,"47,012","133,233","1,649","32,176",0.19,0.95,0.77
0.25,"14,944","1,051",0.07,"61,956","118,289","2,700","31,125",0.21,0.92,0.70
0.3,"15,021","1,368",0.08,"76,977","103,268","4,068","29,757",0.22,0.88,0.62
0.35,"14,454","1,586",0.10,"91,431","88,814","5,654","28,171",0.24,0.83,0.55
0.4,"13,587","1,843",0.12,"105,018","75,227","7,497","26,328",0.26,0.78,0.47
0.45,"12,363","2,069",0.14,"117,381","62,864","9,566","24,259",0.28,0.72,0.41
0.5,"11,300","2,103",0.16,"128,681","51,564","11,669","22,156",0.30,0.66,0.34
0.55,"10,215","2,321",0.19,"138,896","41,349","13,990","19,835",0.32,0.59,0.29
0.6,"8,931","2,352",0.21,"147,827","32,418","16,342","17,483",0.35,0.52,0.23
0.65,"7,590","2,338",0.24,"155,417","24,828","18,680","15,145",0.38,0.45,0.19
0.7,"6,541","2,398",0.27,"161,958","18,287","21,078","12,747",0.41,0.38,0.14
0.75,"5,343","2,458",0.32,"167,301","12,944","23,536","10,289",0.44,0.30,0.11
0.8,"4,362","2,435",0.36,"171,663","8,582","25,971","7,854",0.48,0.23,0.08
0.85,"3,418","2,379",0.41,"175,081","5,164","28,350","5,475",0.51,0.16,0.05
0.9,"2,479","2,214",0.47,"177,560","2,685","30,564","3,261",0.55,0.10,0.03
0.95,"1,700","1,762",0.51,"179,260",985,"32,326","1,499",0.60,0.04,0.01
1.0,985,"1,499",0.60,"180,245",0,"33,825",0,nan,0.00,0.00
