p,Neg,Pos,mPrec,TN,FP,FN,TP,Prec,Rec,$\hat{p}$
0.0,0,0,nan,0,"180,245",0,"33,825",0.16,1.00,1.00
0.1,"65,043","4,740",0.07,"65,043","115,202","4,740","29,085",0.20,0.86,0.67
0.2,"79,704","13,504",0.14,"144,747","35,498","18,244","15,581",0.31,0.46,0.24
0.3,"24,082","7,915",0.25,"168,829","11,416","26,159","7,666",0.40,0.23,0.09
0.4,"6,815","3,677",0.35,"175,644","4,601","29,836","3,989",0.46,0.12,0.04
0.5,"2,933","2,276",0.44,"178,577","1,668","32,112","1,713",0.51,0.05,0.02
0.6,"1,314","1,244",0.49,"179,891",354,"33,356",469,0.57,0.01,0.00
0.7,326,435,0.57,"180,217",28,"33,791",34,0.55,0.00,0.00
0.8,28,34,0.55,"180,245",0,"33,825",0,nan,0.00,0.00
0.9,0,0,nan,"180,245",0,"33,825",0,nan,0.00,0.00
1.0,0,0,nan,"180,245",0,"33,825",0,nan,0.00,0.00
