p,Neg,Pos,mPrec,TN,FP,FN,TP,Prec,Rec,$\hat{p}$
0.0,"3,226",167,0.05,"3,226","417,344",167,"78,759",0.16,1.00,0.99
0.05,"21,204","1,138",0.05,"24,430","396,140","1,305","77,621",0.16,0.98,0.95
0.1,"31,001","1,997",0.06,"55,431","365,139","3,302","75,624",0.17,0.96,0.88
0.15,"18,900","1,468",0.07,"74,331","346,239","4,770","74,156",0.18,0.94,0.84
0.2,"11,837","1,062",0.08,"86,168","334,402","5,832","73,094",0.18,0.93,0.82
0.25,"13,688","1,463",0.10,"99,856","320,714","7,295","71,631",0.18,0.91,0.79
0.3,"20,977","2,455",0.10,"120,833","299,737","9,750","69,176",0.19,0.88,0.74
0.35,"27,518","3,463",0.11,"148,351","272,219","13,213","65,713",0.19,0.83,0.68
0.4,"34,928","5,039",0.13,"183,279","237,291","18,252","60,674",0.20,0.77,0.60
0.45,"35,677","5,683",0.14,"218,956","201,614","23,935","54,991",0.21,0.70,0.51
0.5,"33,197","5,924",0.15,"252,153","168,417","29,859","49,067",0.23,0.62,0.44
0.55,"33,083","6,497",0.16,"285,236","135,334","36,356","42,570",0.24,0.54,0.36
0.6,"26,674","5,840",0.18,"311,910","108,660","42,196","36,730",0.25,0.47,0.29
0.65,"18,224","4,452",0.20,"330,134","90,436","46,648","32,278",0.26,0.41,0.25
0.7,"21,504","6,148",0.22,"351,638","68,932","52,796","26,130",0.27,0.33,0.19
0.75,"22,876","7,224",0.24,"374,514","46,056","60,020","18,906",0.29,0.24,0.13
0.8,"18,388","6,682",0.27,"392,902","27,668","66,702","12,224",0.31,0.15,0.08
0.85,"11,467","4,699",0.29,"404,369","16,201","71,401","7,525",0.32,0.10,0.05
0.9,"6,927","2,861",0.29,"411,296","9,274","74,262","4,664",0.33,0.06,0.03
0.95,"4,109","1,931",0.32,"415,405","5,165","76,193","2,733",0.35,0.03,0.02
1.0,"5,165","2,733",0.35,"420,570",0,"78,926",0,nan,0.00,0.00
