p,Neg,Pos,mPrec,TN,FP,FN,TP,Prec,Rec,$\hat{p}$
0.0,"4,507",140,0.03,"4,507","175,738",140,"33,685",0.16,1.00,0.98
0.01,"3,511",138,0.04,"8,018","172,227",278,"33,547",0.16,0.99,0.96
0.02,"4,271",196,0.04,"12,289","167,956",474,"33,351",0.17,0.99,0.94
0.03,"4,782",237,0.05,"17,071","163,174",711,"33,114",0.17,0.98,0.92
0.04,"4,904",276,0.05,"21,975","158,270",987,"32,838",0.17,0.97,0.89
0.05,"5,005",357,0.07,"26,980","153,265","1,344","32,481",0.17,0.96,0.87
0.06,"5,308",330,0.06,"32,288","147,957","1,674","32,151",0.18,0.95,0.84
0.07,"5,377",432,0.07,"37,665","142,580","2,106","31,719",0.18,0.94,0.81
0.08,"5,540",446,0.07,"43,205","137,040","2,552","31,273",0.19,0.92,0.79
0.09,"5,333",485,0.08,"48,538","131,707","3,037","30,788",0.19,0.91,0.76
0.1,"5,693",531,0.09,"54,231","126,014","3,568","30,257",0.19,0.89,0.73
0.11,"5,733",630,0.10,"59,964","120,281","4,198","29,627",0.20,0.88,0.70
0.12,"5,660",607,0.10,"65,624","114,621","4,805","29,020",0.20,0.86,0.67
0.13,"5,571",634,0.10,"71,195","109,050","5,439","28,386",0.21,0.84,0.64
0.14,"5,563",645,0.10,"76,758","103,487","6,084","27,741",0.21,0.82,0.61
0.15,"5,371",672,0.11,"82,129","98,116","6,756","27,069",0.22,0.80,0.58
0.16,"5,266",720,0.12,"87,395","92,850","7,476","26,349",0.22,0.78,0.56
0.17,"5,206",723,0.12,"92,601","87,644","8,199","25,626",0.23,0.76,0.53
0.18,"5,136",753,0.13,"97,737","82,508","8,952","24,873",0.23,0.74,0.50
0.19,"4,910",764,0.13,"102,647","77,598","9,716","24,109",0.24,0.71,0.48
0.2,"4,675",755,0.14,"107,322","72,923","10,471","23,354",0.24,0.69,0.45
0.21,"4,328",748,0.15,"111,650","68,595","11,219","22,606",0.25,0.67,0.43
0.22,"4,148",744,0.15,"115,798","64,447","11,963","21,862",0.25,0.65,0.40
0.23,"3,874",733,0.16,"119,672","60,573","12,696","21,129",0.26,0.62,0.38
0.24,"3,722",722,0.16,"123,394","56,851","13,418","20,407",0.26,0.60,0.36
0.25,"3,505",743,0.17,"126,899","53,346","14,161","19,664",0.27,0.58,0.34
0.26,"3,402",684,0.17,"130,301","49,944","14,845","18,980",0.28,0.56,0.32
0.27,"3,161",697,0.18,"133,462","46,783","15,542","18,283",0.28,0.54,0.30
0.28,"2,934",701,0.19,"136,396","43,849","16,243","17,582",0.29,0.52,0.29
0.29,"2,774",671,0.19,"139,170","41,075","16,914","16,911",0.29,0.50,0.27
0.3,"2,642",630,0.19,"141,812","38,433","17,544","16,281",0.30,0.48,0.26
0.31,"2,368",631,0.21,"144,180","36,065","18,175","15,650",0.30,0.46,0.24
0.32,"2,330",606,0.21,"146,510","33,735","18,781","15,044",0.31,0.44,0.23
0.33,"2,070",550,0.21,"148,580","31,665","19,331","14,494",0.31,0.43,0.22
0.34,"1,904",575,0.23,"150,484","29,761","19,906","13,919",0.32,0.41,0.20
0.35,"1,808",519,0.22,"152,292","27,953","20,425","13,400",0.32,0.40,0.19
0.36,"1,759",490,0.22,"154,051","26,194","20,915","12,910",0.33,0.38,0.18
0.37,"1,565",503,0.24,"155,616","24,629","21,418","12,407",0.33,0.37,0.17
0.38,"1,450",447,0.24,"157,066","23,179","21,865","11,960",0.34,0.35,0.16
0.39,"1,381",448,0.24,"158,447","21,798","22,313","11,512",0.35,0.34,0.16
0.4,"1,256",408,0.25,"159,703","20,542","22,721","11,104",0.35,0.33,0.15
0.41,"1,212",418,0.26,"160,915","19,330","23,139","10,686",0.36,0.32,0.14
0.42,"1,134",376,0.25,"162,049","18,196","23,515","10,310",0.36,0.30,0.13
0.43,"1,069",351,0.25,"163,118","17,127","23,866","9,959",0.37,0.29,0.13
0.44,948,337,0.26,"164,066","16,179","24,203","9,622",0.37,0.28,0.12
0.45,939,341,0.27,"165,005","15,240","24,544","9,281",0.38,0.27,0.11
0.46,862,312,0.27,"165,867","14,378","24,856","8,969",0.38,0.27,0.11
0.47,753,289,0.28,"166,620","13,625","25,145","8,680",0.39,0.26,0.10
0.48,751,276,0.27,"167,371","12,874","25,421","8,404",0.39,0.25,0.10
0.49,643,269,0.29,"168,014","12,231","25,690","8,135",0.40,0.24,0.10
0.5,612,295,0.33,"168,626","11,619","25,985","7,840",0.40,0.23,0.09
0.51,532,255,0.32,"169,158","11,087","26,240","7,585",0.41,0.22,0.09
0.52,514,250,0.33,"169,672","10,573","26,490","7,335",0.41,0.22,0.08
0.53,506,270,0.35,"170,178","10,067","26,760","7,065",0.41,0.21,0.08
0.54,457,238,0.34,"170,635","9,610","26,998","6,827",0.42,0.20,0.08
0.55,465,235,0.34,"171,100","9,145","27,233","6,592",0.42,0.19,0.07
0.56,495,213,0.30,"171,595","8,650","27,446","6,379",0.42,0.19,0.07
0.57,404,207,0.34,"171,999","8,246","27,653","6,172",0.43,0.18,0.07
0.58,398,177,0.31,"172,397","7,848","27,830","5,995",0.43,0.18,0.06
0.59,334,194,0.37,"172,731","7,514","28,024","5,801",0.44,0.17,0.06
0.6,306,203,0.40,"173,037","7,208","28,227","5,598",0.44,0.17,0.06
0.61,330,181,0.35,"173,367","6,878","28,408","5,417",0.44,0.16,0.06
0.62,305,168,0.36,"173,672","6,573","28,576","5,249",0.44,0.16,0.06
0.63,303,157,0.34,"173,975","6,270","28,733","5,092",0.45,0.15,0.05
0.64,242,189,0.44,"174,217","6,028","28,922","4,903",0.45,0.14,0.05
0.65,278,159,0.36,"174,495","5,750","29,081","4,744",0.45,0.14,0.05
0.66,255,149,0.37,"174,750","5,495","29,230","4,595",0.46,0.14,0.05
0.67,242,152,0.39,"174,992","5,253","29,382","4,443",0.46,0.13,0.05
0.68,230,148,0.39,"175,222","5,023","29,530","4,295",0.46,0.13,0.04
0.69,267,142,0.35,"175,489","4,756","29,672","4,153",0.47,0.12,0.04
0.7,189,129,0.41,"175,678","4,567","29,801","4,024",0.47,0.12,0.04
0.71,192,135,0.41,"175,870","4,375","29,936","3,889",0.47,0.11,0.04
0.72,217,158,0.42,"176,087","4,158","30,094","3,731",0.47,0.11,0.04
0.73,183,133,0.42,"176,270","3,975","30,227","3,598",0.48,0.11,0.04
0.74,184,125,0.40,"176,454","3,791","30,352","3,473",0.48,0.10,0.03
0.75,178,127,0.42,"176,632","3,613","30,479","3,346",0.48,0.10,0.03
0.76,183,124,0.40,"176,815","3,430","30,603","3,222",0.48,0.10,0.03
0.77,179,124,0.41,"176,994","3,251","30,727","3,098",0.49,0.09,0.03
0.78,185,117,0.39,"177,179","3,066","30,844","2,981",0.49,0.09,0.03
0.79,155,120,0.44,"177,334","2,911","30,964","2,861",0.50,0.08,0.03
0.8,134,146,0.52,"177,468","2,777","31,110","2,715",0.49,0.08,0.03
0.81,169,107,0.39,"177,637","2,608","31,217","2,608",0.50,0.08,0.02
0.82,118,119,0.50,"177,755","2,490","31,336","2,489",0.50,0.07,0.02
0.83,115,124,0.52,"177,870","2,375","31,460","2,365",0.50,0.07,0.02
0.84,126,92,0.42,"177,996","2,249","31,552","2,273",0.50,0.07,0.02
0.85,113,112,0.50,"178,109","2,136","31,664","2,161",0.50,0.06,0.02
0.86,138,108,0.44,"178,247","1,998","31,772","2,053",0.51,0.06,0.02
0.87,126,100,0.44,"178,373","1,872","31,872","1,953",0.51,0.06,0.02
0.88,114,103,0.47,"178,487","1,758","31,975","1,850",0.51,0.05,0.02
0.89,112,86,0.43,"178,599","1,646","32,061","1,764",0.52,0.05,0.02
0.9,85,85,0.50,"178,684","1,561","32,146","1,679",0.52,0.05,0.02
0.91,84,94,0.53,"178,768","1,477","32,240","1,585",0.52,0.05,0.01
0.92,94,102,0.52,"178,862","1,383","32,342","1,483",0.52,0.04,0.01
0.93,87,94,0.52,"178,949","1,296","32,436","1,389",0.52,0.04,0.01
0.94,99,91,0.48,"179,048","1,197","32,527","1,298",0.52,0.04,0.01
0.95,84,87,0.51,"179,132","1,113","32,614","1,211",0.52,0.04,0.01
0.96,77,83,0.52,"179,209","1,036","32,697","1,128",0.52,0.03,0.01
0.97,67,69,0.51,"179,276",969,"32,766","1,059",0.52,0.03,0.01
0.98,75,69,0.48,"179,351",894,"32,835",990,0.53,0.03,0.01
0.99,88,64,0.42,"179,439",806,"32,899",926,0.53,0.03,0.01
1.0,806,926,0.53,"180,245",0,"33,825",0,nan,0.00,0.00
