p,Neg,Pos,mPrec,TN,FP,FN,TP,Prec,Rec,$\hat{p}$
0.0,0,0,nan,0,"420,570",0,"78,926",0.16,1.00,1.00
0.05,"30,234","1,221",0.04,"30,234","390,336","1,221","77,705",0.17,0.98,0.94
0.1,"120,183","9,584",0.07,"150,417","270,153","10,805","68,121",0.20,0.86,0.68
0.15,"114,172","16,123",0.12,"264,589","155,981","26,928","51,998",0.25,0.66,0.42
0.2,"72,945","15,401",0.17,"337,534","83,036","42,329","36,597",0.31,0.46,0.24
0.25,"37,574","11,072",0.23,"375,108","45,462","53,401","25,525",0.36,0.32,0.14
0.3,"18,872","7,462",0.28,"393,980","26,590","60,863","18,063",0.40,0.23,0.09
0.35,"9,902","4,813",0.33,"403,882","16,688","65,676","13,250",0.44,0.17,0.06
0.4,"5,948","3,656",0.38,"409,830","10,740","69,332","9,594",0.47,0.12,0.04
0.45,"4,053","2,888",0.42,"413,883","6,687","72,220","6,706",0.50,0.08,0.03
0.5,"2,830","2,482",0.47,"416,713","3,857","74,702","4,224",0.52,0.05,0.02
0.55,"1,970","1,908",0.49,"418,683","1,887","76,610","2,316",0.55,0.03,0.01
0.6,"1,076","1,257",0.54,"419,759",811,"77,867","1,059",0.57,0.01,0.00
0.65,578,696,0.55,"420,337",233,"78,563",363,0.61,0.00,0.00
0.7,171,267,0.61,"420,508",62,"78,830",96,0.61,0.00,0.00
0.75,56,84,0.60,"420,564",6,"78,914",12,0.67,0.00,0.00
0.8,6,11,0.65,"420,570",0,"78,925",1,1.00,0.00,0.00
0.85,0,1,1.00,"420,570",0,"78,926",0,nan,0.00,0.00
0.9,0,0,nan,"420,570",0,"78,926",0,nan,0.00,0.00
0.95,0,0,nan,"420,570",0,"78,926",0,nan,0.00,0.00
1.0,0,0,nan,"420,570",0,"78,926",0,nan,0.00,0.00
