p,Neg,Pos,mPrec,TN,FP,FN,TP,Prec,Rec,$\hat{p}$
0.0,"3,970",46,0.01,"3,970","398,749",46,"78,880",0.17,1.00,0.99
0.05,"15,063",276,0.02,"19,033","383,686",322,"78,604",0.17,1.00,0.96
0.1,"24,674",661,0.03,"43,707","359,012",983,"77,943",0.18,0.99,0.91
0.15,"30,008","1,192",0.04,"73,715","329,004","2,175","76,751",0.19,0.97,0.84
0.2,"32,828","1,761",0.05,"106,543","296,176","3,936","74,990",0.20,0.95,0.77
0.25,"34,399","2,325",0.06,"140,942","261,777","6,261","72,665",0.22,0.92,0.69
0.3,"34,276","2,989",0.08,"175,218","227,501","9,250","69,676",0.23,0.88,0.62
0.35,"32,670","3,643",0.10,"207,888","194,831","12,893","66,033",0.25,0.84,0.54
0.4,"30,592","4,243",0.12,"238,480","164,239","17,136","61,790",0.27,0.78,0.47
0.45,"27,907","4,653",0.14,"266,387","136,332","21,789","57,137",0.30,0.72,0.40
0.5,"25,631","5,085",0.17,"292,018","110,701","26,874","52,052",0.32,0.66,0.34
0.55,"22,399","5,425",0.19,"314,417","88,302","32,299","46,627",0.35,0.59,0.28
0.6,"19,666","5,702",0.22,"334,083","68,636","38,001","40,925",0.37,0.52,0.23
0.65,"16,607","5,894",0.26,"350,690","52,029","43,895","35,031",0.40,0.44,0.18
0.7,"14,157","5,806",0.29,"364,847","37,872","49,701","29,225",0.44,0.37,0.14
0.75,"11,538","5,701",0.33,"376,385","26,334","55,402","23,524",0.47,0.30,0.10
0.8,"9,057","5,621",0.38,"385,442","17,277","61,023","17,903",0.51,0.23,0.07
0.85,"7,045","5,526",0.44,"392,487","10,232","66,549","12,377",0.55,0.16,0.05
0.9,"5,142","4,952",0.49,"397,629","5,090","71,501","7,425",0.59,0.09,0.03
0.95,"3,286","3,933",0.54,"400,915","1,804","75,434","3,492",0.66,0.04,0.01
1.0,"1,804","3,492",0.66,"402,719",0,"78,926",0,nan,0.00,0.00
