p,Neg,Pos,mPrec,TN,FP,FN,TP,Prec,Rec,$\hat{p}$
0.0,"4,531",232,0.05,"4,531","175,714",232,"33,593",0.16,0.99,0.98
0.01,"2,011",111,0.05,"6,542","173,703",343,"33,482",0.16,0.99,0.97
0.02,"2,655",161,0.06,"9,197","171,048",504,"33,321",0.16,0.99,0.95
0.03,"1,970",126,0.06,"11,167","169,078",630,"33,195",0.16,0.98,0.94
0.04,"2,816",168,0.06,"13,983","166,262",798,"33,027",0.17,0.98,0.93
0.05,"2,683",198,0.07,"16,666","163,579",996,"32,829",0.17,0.97,0.92
0.06,"2,557",173,0.06,"19,223","161,022","1,169","32,656",0.17,0.97,0.90
0.07,"2,233",166,0.07,"21,456","158,789","1,335","32,490",0.17,0.96,0.89
0.08,"2,373",188,0.07,"23,829","156,416","1,523","32,302",0.17,0.95,0.88
0.09,"1,801",135,0.07,"25,630","154,615","1,658","32,167",0.17,0.95,0.87
0.1,"1,838",115,0.06,"27,468","152,777","1,773","32,052",0.17,0.95,0.86
0.11,"1,567",110,0.07,"29,035","151,210","1,883","31,942",0.17,0.94,0.86
0.12,"1,275",105,0.08,"30,310","149,935","1,988","31,837",0.18,0.94,0.85
0.13,"1,215",87,0.07,"31,525","148,720","2,075","31,750",0.18,0.94,0.84
0.14,"1,118",91,0.08,"32,643","147,602","2,166","31,659",0.18,0.94,0.84
0.15,985,89,0.08,"33,628","146,617","2,255","31,570",0.18,0.93,0.83
0.16,873,80,0.08,"34,501","145,744","2,335","31,490",0.18,0.93,0.83
0.17,"1,036",92,0.08,"35,537","144,708","2,427","31,398",0.18,0.93,0.82
0.18,"1,046",112,0.10,"36,583","143,662","2,539","31,286",0.18,0.92,0.82
0.19,911,81,0.08,"37,494","142,751","2,620","31,205",0.18,0.92,0.81
0.2,"1,144",120,0.09,"38,638","141,607","2,740","31,085",0.18,0.92,0.81
0.21,"1,060",132,0.11,"39,698","140,547","2,872","30,953",0.18,0.92,0.80
0.22,"1,185",116,0.09,"40,883","139,362","2,988","30,837",0.18,0.91,0.80
0.23,"1,189",118,0.09,"42,072","138,173","3,106","30,719",0.18,0.91,0.79
0.24,"1,439",167,0.10,"43,511","136,734","3,273","30,552",0.18,0.90,0.78
0.25,"1,539",167,0.10,"45,050","135,195","3,440","30,385",0.18,0.90,0.77
0.26,"1,509",159,0.10,"46,559","133,686","3,599","30,226",0.18,0.89,0.77
0.27,"1,564",181,0.10,"48,123","132,122","3,780","30,045",0.19,0.89,0.76
0.28,"1,804",207,0.10,"49,927","130,318","3,987","29,838",0.19,0.88,0.75
0.29,"2,057",252,0.11,"51,984","128,261","4,239","29,586",0.19,0.87,0.74
0.3,"1,838",249,0.12,"53,822","126,423","4,488","29,337",0.19,0.87,0.73
0.31,"2,252",301,0.12,"56,074","124,171","4,789","29,036",0.19,0.86,0.72
0.32,"2,377",309,0.12,"58,451","121,794","5,098","28,727",0.19,0.85,0.70
0.33,"2,016",256,0.11,"60,467","119,778","5,354","28,471",0.19,0.84,0.69
0.34,"2,610",389,0.13,"63,077","117,168","5,743","28,082",0.19,0.83,0.68
0.35,"2,834",380,0.12,"65,911","114,334","6,123","27,702",0.20,0.82,0.66
0.36,"2,861",372,0.12,"68,772","111,473","6,495","27,330",0.20,0.81,0.65
0.37,"2,404",361,0.13,"71,176","109,069","6,856","26,969",0.20,0.80,0.64
0.38,"2,839",417,0.13,"74,015","106,230","7,273","26,552",0.20,0.78,0.62
0.39,"3,022",470,0.13,"77,037","103,208","7,743","26,082",0.20,0.77,0.60
0.4,"3,132",501,0.14,"80,169","100,076","8,244","25,581",0.20,0.76,0.59
0.41,"2,790",446,0.14,"82,959","97,286","8,690","25,135",0.21,0.74,0.57
0.42,"2,795",458,0.14,"85,754","94,491","9,148","24,677",0.21,0.73,0.56
0.43,"3,007",446,0.13,"88,761","91,484","9,594","24,231",0.21,0.72,0.54
0.44,"2,819",458,0.14,"91,580","88,665","10,052","23,773",0.21,0.70,0.53
0.45,"2,720",470,0.15,"94,300","85,945","10,522","23,303",0.21,0.69,0.51
0.46,"3,038",486,0.14,"97,338","82,907","11,008","22,817",0.22,0.67,0.49
0.47,"2,590",428,0.14,"99,928","80,317","11,436","22,389",0.22,0.66,0.48
0.48,"2,446",513,0.17,"102,374","77,871","11,949","21,876",0.22,0.65,0.47
0.49,"2,898",506,0.15,"105,272","74,973","12,455","21,370",0.22,0.63,0.45
0.5,"2,727",489,0.15,"107,999","72,246","12,944","20,881",0.22,0.62,0.44
0.51,"2,671",503,0.16,"110,670","69,575","13,447","20,378",0.23,0.60,0.42
0.52,"2,833",538,0.16,"113,503","66,742","13,985","19,840",0.23,0.59,0.40
0.53,"2,743",515,0.16,"116,246","63,999","14,500","19,325",0.23,0.57,0.39
0.54,"2,780",559,0.17,"119,026","61,219","15,059","18,766",0.23,0.55,0.37
0.55,"2,744",530,0.16,"121,770","58,475","15,589","18,236",0.24,0.54,0.36
0.56,"2,330",473,0.17,"124,100","56,145","16,062","17,763",0.24,0.53,0.35
0.57,"2,367",473,0.17,"126,467","53,778","16,535","17,290",0.24,0.51,0.33
0.58,"2,225",486,0.18,"128,692","51,553","17,021","16,804",0.25,0.50,0.32
0.59,"2,213",551,0.20,"130,905","49,340","17,572","16,253",0.25,0.48,0.31
0.6,"1,932",403,0.17,"132,837","47,408","17,975","15,850",0.25,0.47,0.30
0.61,"1,564",333,0.18,"134,401","45,844","18,308","15,517",0.25,0.46,0.29
0.62,"1,612",374,0.19,"136,013","44,232","18,682","15,143",0.26,0.45,0.28
0.63,"1,685",412,0.20,"137,698","42,547","19,094","14,731",0.26,0.44,0.27
0.64,"1,514",378,0.20,"139,212","41,033","19,472","14,353",0.26,0.42,0.26
0.65,"1,326",334,0.20,"140,538","39,707","19,806","14,019",0.26,0.41,0.25
0.66,"1,205",327,0.21,"141,743","38,502","20,133","13,692",0.26,0.40,0.24
0.67,"1,891",474,0.20,"143,634","36,611","20,607","13,218",0.27,0.39,0.23
0.68,"1,574",412,0.21,"145,208","35,037","21,019","12,806",0.27,0.38,0.22
0.69,"1,457",360,0.20,"146,665","33,580","21,379","12,446",0.27,0.37,0.22
0.7,"1,750",564,0.24,"148,415","31,830","21,943","11,882",0.27,0.35,0.20
0.71,"1,923",551,0.22,"150,338","29,907","22,494","11,331",0.27,0.33,0.19
0.72,"1,862",503,0.21,"152,200","28,045","22,997","10,828",0.28,0.32,0.18
0.73,"1,976",626,0.24,"154,176","26,069","23,623","10,202",0.28,0.30,0.17
0.74,"1,925",622,0.24,"156,101","24,144","24,245","9,580",0.28,0.28,0.16
0.75,"1,839",599,0.25,"157,940","22,305","24,844","8,981",0.29,0.27,0.15
0.76,"1,717",583,0.25,"159,657","20,588","25,427","8,398",0.29,0.25,0.14
0.77,"1,721",665,0.28,"161,378","18,867","26,092","7,733",0.29,0.23,0.12
0.78,"1,590",570,0.26,"162,968","17,277","26,662","7,163",0.29,0.21,0.11
0.79,"1,592",587,0.27,"164,560","15,685","27,249","6,576",0.30,0.19,0.10
0.8,"1,524",555,0.27,"166,084","14,161","27,804","6,021",0.30,0.18,0.09
0.81,"1,335",497,0.27,"167,419","12,826","28,301","5,524",0.30,0.16,0.09
0.82,"1,177",469,0.28,"168,596","11,649","28,770","5,055",0.30,0.15,0.08
0.83,946,390,0.29,"169,542","10,703","29,160","4,665",0.30,0.14,0.07
0.84,"1,073",428,0.29,"170,615","9,630","29,588","4,237",0.31,0.13,0.06
0.85,937,328,0.26,"171,552","8,693","29,916","3,909",0.31,0.12,0.06
0.86,728,295,0.29,"172,280","7,965","30,211","3,614",0.31,0.11,0.05
0.87,843,351,0.29,"173,123","7,122","30,562","3,263",0.31,0.10,0.05
0.88,683,279,0.29,"173,806","6,439","30,841","2,984",0.32,0.09,0.04
0.89,616,260,0.30,"174,422","5,823","31,101","2,724",0.32,0.08,0.04
0.9,627,268,0.30,"175,049","5,196","31,369","2,456",0.32,0.07,0.04
0.91,609,236,0.28,"175,658","4,587","31,605","2,220",0.33,0.07,0.03
0.92,481,201,0.29,"176,139","4,106","31,806","2,019",0.33,0.06,0.03
0.93,400,173,0.30,"176,539","3,706","31,979","1,846",0.33,0.05,0.03
0.94,397,180,0.31,"176,936","3,309","32,159","1,666",0.33,0.05,0.02
0.95,282,146,0.34,"177,218","3,027","32,305","1,520",0.33,0.04,0.02
0.96,303,163,0.35,"177,521","2,724","32,468","1,357",0.33,0.04,0.02
0.97,286,139,0.33,"177,807","2,438","32,607","1,218",0.33,0.04,0.02
0.98,237,124,0.34,"178,044","2,201","32,731","1,094",0.33,0.03,0.02
0.99,298,124,0.29,"178,342","1,903","32,855",970,0.34,0.03,0.01
1.0,"1,903",970,0.34,"180,245",0,"33,825",0,nan,0.00,0.00
