p,Neg,Pos,mPrec,TN,FP,FN,TP,Prec,Rec,$\hat{p}$
0.0,"4,402",214,0.05,"4,402","416,168",214,"78,712",0.16,1.00,0.99
0.01,"3,095",175,0.05,"7,497","413,073",389,"78,537",0.16,1.00,0.98
0.02,"3,335",147,0.04,"10,832","409,738",536,"78,390",0.16,0.99,0.98
0.03,"5,410",312,0.05,"16,242","404,328",848,"78,078",0.16,0.99,0.97
0.04,"5,779",323,0.05,"22,021","398,549","1,171","77,755",0.16,0.99,0.95
0.05,"5,957",337,0.05,"27,978","392,592","1,508","77,418",0.16,0.98,0.94
0.06,"6,270",360,0.05,"34,248","386,322","1,868","77,058",0.17,0.98,0.93
0.07,"6,967",424,0.06,"41,215","379,355","2,292","76,634",0.17,0.97,0.91
0.08,"6,607",486,0.07,"47,822","372,748","2,778","76,148",0.17,0.96,0.90
0.09,"5,538",395,0.07,"53,360","367,210","3,173","75,753",0.17,0.96,0.89
0.1,"5,704",372,0.06,"59,064","361,506","3,545","75,381",0.17,0.96,0.87
0.11,"4,248",319,0.07,"63,312","357,258","3,864","75,062",0.17,0.95,0.87
0.12,"3,957",318,0.07,"67,269","353,301","4,182","74,744",0.17,0.95,0.86
0.13,"3,427",282,0.08,"70,696","349,874","4,464","74,462",0.18,0.94,0.85
0.14,"2,975",250,0.08,"73,671","346,899","4,714","74,212",0.18,0.94,0.84
0.15,"2,721",235,0.08,"76,392","344,178","4,949","73,977",0.18,0.94,0.84
0.16,"2,439",172,0.07,"78,831","341,739","5,121","73,805",0.18,0.94,0.83
0.17,"2,271",221,0.09,"81,102","339,468","5,342","73,584",0.18,0.93,0.83
0.18,"2,582",243,0.09,"83,684","336,886","5,585","73,341",0.18,0.93,0.82
0.19,"2,186",219,0.09,"85,870","334,700","5,804","73,122",0.18,0.93,0.82
0.2,"2,203",224,0.09,"88,073","332,497","6,028","72,898",0.18,0.92,0.81
0.21,"2,921",288,0.09,"90,994","329,576","6,316","72,610",0.18,0.92,0.81
0.22,"3,018",305,0.09,"94,012","326,558","6,621","72,305",0.18,0.92,0.80
0.23,"2,602",291,0.10,"96,614","323,956","6,912","72,014",0.18,0.91,0.79
0.24,"2,950",357,0.11,"99,564","321,006","7,269","71,657",0.18,0.91,0.79
0.25,"3,866",448,0.10,"103,430","317,140","7,717","71,209",0.18,0.90,0.78
0.26,"3,770",403,0.10,"107,200","313,370","8,120","70,806",0.18,0.90,0.77
0.27,"4,343",511,0.11,"111,543","309,027","8,631","70,295",0.19,0.89,0.76
0.28,"3,874",486,0.11,"115,417","305,153","9,117","69,809",0.19,0.88,0.75
0.29,"5,271",621,0.11,"120,688","299,882","9,738","69,188",0.19,0.88,0.74
0.3,"4,554",581,0.11,"125,242","295,328","10,319","68,607",0.19,0.87,0.73
0.31,"5,820",688,0.11,"131,062","289,508","11,007","67,919",0.19,0.86,0.72
0.32,"5,763",712,0.11,"136,825","283,745","11,719","67,207",0.19,0.85,0.70
0.33,"5,245",686,0.12,"142,070","278,500","12,405","66,521",0.19,0.84,0.69
0.34,"6,439",822,0.11,"148,509","272,061","13,227","65,699",0.19,0.83,0.68
0.35,"7,050",969,0.12,"155,559","265,011","14,196","64,730",0.20,0.82,0.66
0.36,"7,105",991,0.12,"162,664","257,906","15,187","63,739",0.20,0.81,0.64
0.37,"6,164",888,0.13,"168,828","251,742","16,075","62,851",0.20,0.80,0.63
0.38,"7,303","1,078",0.13,"176,131","244,439","17,153","61,773",0.20,0.78,0.61
0.39,"8,351","1,278",0.13,"184,482","236,088","18,431","60,495",0.20,0.77,0.59
0.4,"7,194","1,046",0.13,"191,676","228,894","19,477","59,449",0.21,0.75,0.58
0.41,"7,275","1,190",0.14,"198,951","221,619","20,667","58,259",0.21,0.74,0.56
0.42,"7,397","1,035",0.12,"206,348","214,222","21,702","57,224",0.21,0.73,0.54
0.43,"6,989","1,222",0.15,"213,337","207,233","22,924","56,002",0.21,0.71,0.53
0.44,"6,557","1,183",0.15,"219,894","200,676","24,107","54,819",0.21,0.69,0.51
0.45,"7,823","1,360",0.15,"227,717","192,853","25,467","53,459",0.22,0.68,0.49
0.46,"6,357","1,108",0.15,"234,074","186,496","26,575","52,351",0.22,0.66,0.48
0.47,"6,415","1,160",0.15,"240,489","180,081","27,735","51,191",0.22,0.65,0.46
0.48,"6,845","1,208",0.15,"247,334","173,236","28,943","49,983",0.22,0.63,0.45
0.49,"6,964","1,313",0.16,"254,298","166,272","30,256","48,670",0.23,0.62,0.43
0.5,"7,172","1,398",0.16,"261,470","159,100","31,654","47,272",0.23,0.60,0.41
0.51,"6,623","1,252",0.16,"268,093","152,477","32,906","46,020",0.23,0.58,0.40
0.52,"7,162","1,309",0.15,"275,255","145,315","34,215","44,711",0.24,0.57,0.38
0.53,"6,226","1,303",0.17,"281,481","139,089","35,518","43,408",0.24,0.55,0.37
0.54,"6,025","1,345",0.18,"287,506","133,064","36,863","42,063",0.24,0.53,0.35
0.55,"6,527","1,316",0.17,"294,033","126,537","38,179","40,747",0.24,0.52,0.33
0.56,"5,422","1,137",0.17,"299,455","121,115","39,316","39,610",0.25,0.50,0.32
0.57,"5,302","1,301",0.20,"304,757","115,813","40,617","38,309",0.25,0.49,0.31
0.58,"4,677",998,0.18,"309,434","111,136","41,615","37,311",0.25,0.47,0.30
0.59,"4,235",949,0.18,"313,669","106,901","42,564","36,362",0.25,0.46,0.29
0.6,"4,132",999,0.19,"317,801","102,769","43,563","35,363",0.26,0.45,0.28
0.61,"3,856",979,0.20,"321,657","98,913","44,542","34,384",0.26,0.44,0.27
0.62,"3,724",882,0.19,"325,381","95,189","45,424","33,502",0.26,0.42,0.26
0.63,"3,162",780,0.20,"328,543","92,027","46,204","32,722",0.26,0.41,0.25
0.64,"3,838","1,103",0.22,"332,381","88,189","47,307","31,619",0.26,0.40,0.24
0.65,"4,075","1,088",0.21,"336,456","84,114","48,395","30,531",0.27,0.39,0.23
0.66,"3,879","1,124",0.22,"340,335","80,235","49,519","29,407",0.27,0.37,0.22
0.67,"4,438","1,302",0.23,"344,773","75,797","50,821","28,105",0.27,0.36,0.21
0.68,"4,646","1,345",0.22,"349,419","71,151","52,166","26,760",0.27,0.34,0.20
0.69,"5,043","1,494",0.23,"354,462","66,108","53,660","25,266",0.28,0.32,0.18
0.7,"4,898","1,373",0.22,"359,360","61,210","55,033","23,893",0.28,0.30,0.17
0.71,"4,923","1,605",0.25,"364,283","56,287","56,638","22,288",0.28,0.28,0.16
0.72,"4,556","1,449",0.24,"368,839","51,731","58,087","20,839",0.29,0.26,0.15
0.73,"4,319","1,488",0.26,"373,158","47,412","59,575","19,351",0.29,0.25,0.13
0.74,"4,537","1,477",0.25,"377,695","42,875","61,052","17,874",0.29,0.23,0.12
0.75,"4,135","1,448",0.26,"381,830","38,740","62,500","16,426",0.30,0.21,0.11
0.76,"3,608","1,359",0.27,"385,438","35,132","63,859","15,067",0.30,0.19,0.10
0.77,"3,632","1,312",0.27,"389,070","31,500","65,171","13,755",0.30,0.17,0.09
0.78,"3,227","1,325",0.29,"392,297","28,273","66,496","12,430",0.31,0.16,0.08
0.79,"2,663",986,0.27,"394,960","25,610","67,482","11,444",0.31,0.14,0.07
0.8,"2,577","1,061",0.29,"397,537","23,033","68,543","10,383",0.31,0.13,0.07
0.81,"2,544","1,013",0.28,"400,081","20,489","69,556","9,370",0.31,0.12,0.06
0.82,"1,932",843,0.30,"402,013","18,557","70,399","8,527",0.31,0.11,0.05
0.83,"1,955",872,0.31,"403,968","16,602","71,271","7,655",0.32,0.10,0.05
0.84,"1,888",662,0.26,"405,856","14,714","71,933","6,993",0.32,0.09,0.04
0.85,"1,412",647,0.31,"407,268","13,302","72,580","6,346",0.32,0.08,0.04
0.86,"1,561",624,0.29,"408,829","11,741","73,204","5,722",0.33,0.07,0.03
0.87,"1,391",575,0.29,"410,220","10,350","73,779","5,147",0.33,0.07,0.03
0.88,952,421,0.31,"411,172","9,398","74,200","4,726",0.33,0.06,0.03
0.89,"1,116",529,0.32,"412,288","8,282","74,729","4,197",0.34,0.05,0.02
0.9,874,369,0.30,"413,162","7,408","75,098","3,828",0.34,0.05,0.02
0.91,686,349,0.34,"413,848","6,722","75,447","3,479",0.34,0.04,0.02
0.92,871,417,0.32,"414,719","5,851","75,864","3,062",0.34,0.04,0.02
0.93,686,329,0.32,"415,405","5,165","76,193","2,733",0.35,0.03,0.02
0.94,667,348,0.34,"416,072","4,498","76,541","2,385",0.35,0.03,0.01
0.95,516,246,0.32,"416,588","3,982","76,787","2,139",0.35,0.03,0.01
0.96,640,332,0.34,"417,228","3,342","77,119","1,807",0.35,0.02,0.01
0.97,671,307,0.31,"417,899","2,671","77,426","1,500",0.36,0.02,0.01
0.98,565,263,0.32,"418,464","2,106","77,689","1,237",0.37,0.02,0.01
0.99,541,238,0.31,"419,005","1,565","77,927",999,0.39,0.01,0.01
1.0,"1,565",999,0.39,"420,570",0,"78,926",0,nan,0.00,0.00
