p,Neg,Pos,Neg/Pos,TN,FP,FN,TP,FP/TP,Prec.,Rec.,$\hat{p}$
0.0,0,0,nan,0,"420,570",0,"78,926",5.33,0.16,1.00,1.00
0.05,0,0,nan,0,"420,570",0,"78,926",5.33,0.16,1.00,1.00
0.1,"3,424",175,19.57,"3,424","417,146",175,"78,751",5.30,0.16,1.00,0.99
0.15,"76,329","5,100",14.97,"79,753","340,817","5,275","73,651",4.63,0.18,0.93,0.83
0.2,"48,960","5,578",8.78,"128,713","291,857","10,853","68,073",4.29,0.19,0.86,0.72
0.25,"87,106","12,746",6.83,"215,819","204,751","23,599","55,327",3.70,0.21,0.70,0.52
0.3,"77,098","14,428",5.34,"292,917","127,653","38,027","40,899",3.12,0.24,0.52,0.34
0.35,"44,641","10,634",4.20,"337,558","83,012","48,661","30,265",2.74,0.27,0.38,0.23
0.4,"40,348","12,453",3.24,"377,906","42,664","61,114","17,812",2.40,0.29,0.23,0.12
0.45,"25,028","9,619",2.60,"402,934","17,636","70,733","8,193",2.15,0.32,0.10,0.05
0.5,"10,332","4,433",2.33,"413,266","7,304","75,166","3,760",1.94,0.34,0.05,0.02
0.55,"4,515","2,194",2.06,"417,781","2,789","77,360","1,566",1.78,0.36,0.02,0.01
0.6,"2,443","1,299",1.88,"420,224",346,"78,659",267,1.30,0.44,0.00,0.00
0.65,340,261,1.30,"420,564",6,"78,920",6,1.00,0.50,0.00,0.00
0.7,6,6,1.00,"420,570",0,"78,926",0,nan,nan,0.00,0.00
0.75,0,0,nan,"420,570",0,"78,926",0,nan,nan,0.00,0.00
0.8,0,0,nan,"420,570",0,"78,926",0,nan,nan,0.00,0.00
0.85,0,0,nan,"420,570",0,"78,926",0,nan,nan,0.00,0.00
0.9,0,0,nan,"420,570",0,"78,926",0,nan,nan,0.00,0.00
0.95,0,0,nan,"420,570",0,"78,926",0,nan,nan,0.00,0.00
1.0,0,0,nan,"420,570",0,"78,926",0,nan,nan,0.00,0.00
