p,Neg,Pos,mPrec,TN,FP,FN,TP,Prec,Rec,$\hat{p}$
0.0,"4,206",52,0.01,"4,206","416,364",52,"78,874",0.16,1.00,0.99
0.01,"10,071",191,0.02,"14,277","406,293",243,"78,683",0.16,1.00,0.97
0.02,"14,963",339,0.02,"29,240","391,330",582,"78,344",0.17,0.99,0.94
0.03,"18,300",595,0.03,"47,540","373,030","1,177","77,749",0.17,0.99,0.90
0.04,"19,474",728,0.04,"67,014","353,556","1,905","77,021",0.18,0.98,0.86
0.05,"20,297",937,0.04,"87,311","333,259","2,842","76,084",0.19,0.96,0.82
0.06,"20,038","1,139",0.05,"107,349","313,221","3,981","74,945",0.19,0.95,0.78
0.07,"19,775","1,289",0.06,"127,124","293,446","5,270","73,656",0.20,0.93,0.73
0.08,"19,570","1,377",0.07,"146,694","273,876","6,647","72,279",0.21,0.92,0.69
0.09,"18,340","1,503",0.08,"165,034","255,536","8,150","70,776",0.22,0.90,0.65
0.1,"17,259","1,663",0.09,"182,293","238,277","9,813","69,113",0.22,0.88,0.62
0.11,"16,507","1,765",0.10,"198,800","221,770","11,578","67,348",0.23,0.85,0.58
0.12,"15,209","1,779",0.10,"214,009","206,561","13,357","65,569",0.24,0.83,0.54
0.13,"14,452","1,860",0.11,"228,461","192,109","15,217","63,709",0.25,0.81,0.51
0.14,"13,341","1,762",0.12,"241,802","178,768","16,979","61,947",0.26,0.78,0.48
0.15,"12,264","1,910",0.13,"254,066","166,504","18,889","60,037",0.27,0.76,0.45
0.16,"11,416","1,813",0.14,"265,482","155,088","20,702","58,224",0.27,0.74,0.43
0.17,"10,760","1,781",0.14,"276,242","144,328","22,483","56,443",0.28,0.72,0.40
0.18,"10,030","1,776",0.15,"286,272","134,298","24,259","54,667",0.29,0.69,0.38
0.19,"9,219","1,781",0.16,"295,491","125,079","26,040","52,886",0.30,0.67,0.36
0.2,"8,483","1,761",0.17,"303,974","116,596","27,801","51,125",0.30,0.65,0.34
0.21,"7,919","1,772",0.18,"311,893","108,677","29,573","49,353",0.31,0.63,0.32
0.22,"7,191","1,700",0.19,"319,084","101,486","31,273","47,653",0.32,0.60,0.30
0.23,"6,740","1,590",0.19,"325,824","94,746","32,863","46,063",0.33,0.58,0.28
0.24,"6,313","1,619",0.20,"332,137","88,433","34,482","44,444",0.33,0.56,0.27
0.25,"5,823","1,634",0.22,"337,960","82,610","36,116","42,810",0.34,0.54,0.25
0.26,"5,473","1,459",0.21,"343,433","77,137","37,575","41,351",0.35,0.52,0.24
0.27,"4,969","1,497",0.23,"348,402","72,168","39,072","39,854",0.36,0.50,0.22
0.28,"4,687","1,510",0.24,"353,089","67,481","40,582","38,344",0.36,0.49,0.21
0.29,"4,312","1,392",0.24,"357,401","63,169","41,974","36,952",0.37,0.47,0.20
0.3,"4,104","1,295",0.24,"361,505","59,065","43,269","35,657",0.38,0.45,0.19
0.31,"3,673","1,321",0.26,"365,178","55,392","44,590","34,336",0.38,0.44,0.18
0.32,"3,510","1,261",0.26,"368,688","51,882","45,851","33,075",0.39,0.42,0.17
0.33,"3,311","1,254",0.27,"371,999","48,571","47,105","31,821",0.40,0.40,0.16
0.34,"3,076","1,214",0.28,"375,075","45,495","48,319","30,607",0.40,0.39,0.15
0.35,"2,885","1,144",0.28,"377,960","42,610","49,463","29,463",0.41,0.37,0.14
0.36,"2,615","1,095",0.30,"380,575","39,995","50,558","28,368",0.41,0.36,0.14
0.37,"2,615","1,024",0.28,"383,190","37,380","51,582","27,344",0.42,0.35,0.13
0.38,"2,318","1,076",0.32,"385,508","35,062","52,658","26,268",0.43,0.33,0.12
0.39,"2,165",993,0.31,"387,673","32,897","53,651","25,275",0.43,0.32,0.12
0.4,"2,020",953,0.32,"389,693","30,877","54,604","24,322",0.44,0.31,0.11
0.41,"1,834",954,0.34,"391,527","29,043","55,558","23,368",0.45,0.30,0.10
0.42,"1,764",848,0.32,"393,291","27,279","56,406","22,520",0.45,0.29,0.10
0.43,"1,712",943,0.36,"395,003","25,567","57,349","21,577",0.46,0.27,0.09
0.44,"1,595",761,0.32,"396,598","23,972","58,110","20,816",0.46,0.26,0.09
0.45,"1,417",840,0.37,"398,015","22,555","58,950","19,976",0.47,0.25,0.09
0.46,"1,381",824,0.37,"399,396","21,174","59,774","19,152",0.47,0.24,0.08
0.47,"1,258",741,0.37,"400,654","19,916","60,515","18,411",0.48,0.23,0.08
0.48,"1,197",759,0.39,"401,851","18,719","61,274","17,652",0.49,0.22,0.07
0.49,"1,123",760,0.40,"402,974","17,596","62,034","16,892",0.49,0.21,0.07
0.5,"1,108",680,0.38,"404,082","16,488","62,714","16,212",0.50,0.21,0.07
0.51,"1,031",752,0.42,"405,113","15,457","63,466","15,460",0.50,0.20,0.06
0.52,952,694,0.42,"406,065","14,505","64,160","14,766",0.50,0.19,0.06
0.53,845,681,0.45,"406,910","13,660","64,841","14,085",0.51,0.18,0.06
0.54,842,603,0.42,"407,752","12,818","65,444","13,482",0.51,0.17,0.05
0.55,840,573,0.41,"408,592","11,978","66,017","12,909",0.52,0.16,0.05
0.56,708,576,0.45,"409,300","11,270","66,593","12,333",0.52,0.16,0.05
0.57,705,598,0.46,"410,005","10,565","67,191","11,735",0.53,0.15,0.04
0.58,692,553,0.44,"410,697","9,873","67,744","11,182",0.53,0.14,0.04
0.59,640,519,0.45,"411,337","9,233","68,263","10,663",0.54,0.14,0.04
0.6,528,507,0.49,"411,865","8,705","68,770","10,156",0.54,0.13,0.04
0.61,586,455,0.44,"412,451","8,119","69,225","9,701",0.54,0.12,0.04
0.62,509,466,0.48,"412,960","7,610","69,691","9,235",0.55,0.12,0.03
0.63,484,444,0.48,"413,444","7,126","70,135","8,791",0.55,0.11,0.03
0.64,469,411,0.47,"413,913","6,657","70,546","8,380",0.56,0.11,0.03
0.65,445,422,0.49,"414,358","6,212","70,968","7,958",0.56,0.10,0.03
0.66,400,394,0.50,"414,758","5,812","71,362","7,564",0.57,0.10,0.03
0.67,401,358,0.47,"415,159","5,411","71,720","7,206",0.57,0.09,0.03
0.68,359,335,0.48,"415,518","5,052","72,055","6,871",0.58,0.09,0.02
0.69,347,352,0.50,"415,865","4,705","72,407","6,519",0.58,0.08,0.02
0.7,349,304,0.47,"416,214","4,356","72,711","6,215",0.59,0.08,0.02
0.71,288,360,0.56,"416,502","4,068","73,071","5,855",0.59,0.07,0.02
0.72,285,293,0.51,"416,787","3,783","73,364","5,562",0.60,0.07,0.02
0.73,254,288,0.53,"417,041","3,529","73,652","5,274",0.60,0.07,0.02
0.74,250,277,0.53,"417,291","3,279","73,929","4,997",0.60,0.06,0.02
0.75,215,282,0.57,"417,506","3,064","74,211","4,715",0.61,0.06,0.02
0.76,235,256,0.52,"417,741","2,829","74,467","4,459",0.61,0.06,0.01
0.77,206,231,0.53,"417,947","2,623","74,698","4,228",0.62,0.05,0.01
0.78,208,260,0.56,"418,155","2,415","74,958","3,968",0.62,0.05,0.01
0.79,194,225,0.54,"418,349","2,221","75,183","3,743",0.63,0.05,0.01
0.8,182,216,0.54,"418,531","2,039","75,399","3,527",0.63,0.04,0.01
0.81,168,192,0.53,"418,699","1,871","75,591","3,335",0.64,0.04,0.01
0.82,143,197,0.58,"418,842","1,728","75,788","3,138",0.64,0.04,0.01
0.83,128,187,0.59,"418,970","1,600","75,975","2,951",0.65,0.04,0.01
0.84,136,173,0.56,"419,106","1,464","76,148","2,778",0.65,0.04,0.01
0.85,126,157,0.55,"419,232","1,338","76,305","2,621",0.66,0.03,0.01
0.86,89,158,0.64,"419,321","1,249","76,463","2,463",0.66,0.03,0.01
0.87,103,162,0.61,"419,424","1,146","76,625","2,301",0.67,0.03,0.01
0.88,91,144,0.61,"419,515","1,055","76,769","2,157",0.67,0.03,0.01
0.89,94,149,0.61,"419,609",961,"76,918","2,008",0.68,0.03,0.01
0.9,88,153,0.63,"419,697",873,"77,071","1,855",0.68,0.02,0.01
0.91,92,109,0.54,"419,789",781,"77,180","1,746",0.69,0.02,0.01
0.92,63,103,0.62,"419,852",718,"77,283","1,643",0.70,0.02,0.00
0.93,85,122,0.59,"419,937",633,"77,405","1,521",0.71,0.02,0.00
0.94,43,119,0.73,"419,980",590,"77,524","1,402",0.70,0.02,0.00
0.95,62,108,0.64,"420,042",528,"77,632","1,294",0.71,0.02,0.00
0.96,54,109,0.67,"420,096",474,"77,741","1,185",0.71,0.02,0.00
0.97,56,111,0.66,"420,152",418,"77,852","1,074",0.72,0.01,0.00
0.98,49,100,0.67,"420,201",369,"77,952",974,0.73,0.01,0.00
0.99,49,96,0.66,"420,250",320,"78,048",878,0.73,0.01,0.00
1.0,320,878,0.73,"420,570",0,"78,926",0,nan,0.00,0.00
