p,Neg,Pos,mPrec,TN,FP,FN,TP,Prec,Rec,$\hat{p}$
0.0,1,0,0.00,1,"420,569",0,"78,926",0.16,1.00,1.00
0.01,90,1,0.01,91,"420,479",1,"78,925",0.16,1.00,1.00
0.02,"1,149",25,0.02,"1,240","419,330",26,"78,900",0.16,1.00,1.00
0.03,"5,341",181,0.03,"6,581","413,989",207,"78,719",0.16,1.00,0.99
0.04,"12,008",479,0.04,"18,589","401,981",686,"78,240",0.16,0.99,0.96
0.05,"16,412",786,0.05,"35,001","385,569","1,472","77,454",0.17,0.98,0.93
0.06,"18,438","1,060",0.05,"53,439","367,131","2,532","76,394",0.17,0.97,0.89
0.07,"19,584","1,240",0.06,"73,023","347,547","3,772","75,154",0.18,0.95,0.85
0.08,"20,573","1,598",0.07,"93,596","326,974","5,370","73,556",0.18,0.93,0.80
0.09,"20,524","1,791",0.08,"114,120","306,450","7,161","71,765",0.19,0.91,0.76
0.1,"21,111","2,041",0.09,"135,231","285,339","9,202","69,724",0.20,0.88,0.71
0.11,"21,106","2,262",0.10,"156,337","264,233","11,464","67,462",0.20,0.85,0.66
0.12,"20,830","2,392",0.10,"177,167","243,403","13,856","65,070",0.21,0.82,0.62
0.13,"20,293","2,606",0.11,"197,460","223,110","16,462","62,464",0.22,0.79,0.57
0.14,"19,452","2,758",0.12,"216,912","203,658","19,220","59,706",0.23,0.76,0.53
0.15,"18,630","2,864",0.13,"235,542","185,028","22,084","56,842",0.24,0.72,0.48
0.16,"17,451","2,720",0.13,"252,993","167,577","24,804","54,122",0.24,0.69,0.44
0.17,"15,867","2,819",0.15,"268,860","151,710","27,623","51,303",0.25,0.65,0.41
0.18,"14,337","2,697",0.16,"283,197","137,373","30,320","48,606",0.26,0.62,0.37
0.19,"13,470","2,630",0.16,"296,667","123,903","32,950","45,976",0.27,0.58,0.34
0.2,"12,216","2,630",0.18,"308,883","111,687","35,580","43,346",0.28,0.55,0.31
0.21,"11,150","2,555",0.19,"320,033","100,537","38,135","40,791",0.29,0.52,0.28
0.22,"10,005","2,373",0.19,"330,038","90,532","40,508","38,418",0.30,0.49,0.26
0.23,"8,861","2,278",0.20,"338,899","81,671","42,786","36,140",0.31,0.46,0.24
0.24,"7,988","2,035",0.20,"346,887","73,683","44,821","34,105",0.32,0.43,0.22
0.25,"7,082","2,026",0.22,"353,969","66,601","46,847","32,079",0.33,0.41,0.20
0.26,"6,428","1,859",0.22,"360,397","60,173","48,706","30,220",0.33,0.38,0.18
0.27,"5,533","1,754",0.24,"365,930","54,640","50,460","28,466",0.34,0.36,0.17
0.28,"5,095","1,600",0.24,"371,025","49,545","52,060","26,866",0.35,0.34,0.15
0.29,"4,548","1,519",0.25,"375,573","44,997","53,579","25,347",0.36,0.32,0.14
0.3,"4,115","1,445",0.26,"379,688","40,882","55,024","23,902",0.37,0.30,0.13
0.31,"3,698","1,374",0.27,"383,386","37,184","56,398","22,528",0.38,0.29,0.12
0.32,"3,269","1,235",0.27,"386,655","33,915","57,633","21,293",0.39,0.27,0.11
0.33,"2,835","1,111",0.28,"389,490","31,080","58,744","20,182",0.39,0.26,0.10
0.34,"2,478","1,107",0.31,"391,968","28,602","59,851","19,075",0.40,0.24,0.10
0.35,"2,231",988,0.31,"394,199","26,371","60,839","18,087",0.41,0.23,0.09
0.36,"2,100",907,0.30,"396,299","24,271","61,746","17,180",0.41,0.22,0.08
0.37,"1,760",911,0.34,"398,059","22,511","62,657","16,269",0.42,0.21,0.08
0.38,"1,729",804,0.32,"399,788","20,782","63,461","15,465",0.43,0.20,0.07
0.39,"1,525",820,0.35,"401,313","19,257","64,281","14,645",0.43,0.19,0.07
0.4,"1,430",727,0.34,"402,743","17,827","65,008","13,918",0.44,0.18,0.06
0.41,"1,286",697,0.35,"404,029","16,541","65,705","13,221",0.44,0.17,0.06
0.42,"1,158",628,0.35,"405,187","15,383","66,333","12,593",0.45,0.16,0.06
0.43,"1,061",657,0.38,"406,248","14,322","66,990","11,936",0.45,0.15,0.05
0.44,952,614,0.39,"407,200","13,370","67,604","11,322",0.46,0.14,0.05
0.45,"1,020",605,0.37,"408,220","12,350","68,209","10,717",0.46,0.14,0.05
0.46,833,524,0.39,"409,053","11,517","68,733","10,193",0.47,0.13,0.04
0.47,828,521,0.39,"409,881","10,689","69,254","9,672",0.48,0.12,0.04
0.48,750,533,0.42,"410,631","9,939","69,787","9,139",0.48,0.12,0.04
0.49,680,536,0.44,"411,311","9,259","70,323","8,603",0.48,0.11,0.04
0.5,702,501,0.42,"412,013","8,557","70,824","8,102",0.49,0.10,0.03
0.51,629,404,0.39,"412,642","7,928","71,228","7,698",0.49,0.10,0.03
0.52,631,451,0.42,"413,273","7,297","71,679","7,247",0.50,0.09,0.03
0.53,613,471,0.43,"413,886","6,684","72,150","6,776",0.50,0.09,0.03
0.54,559,420,0.43,"414,445","6,125","72,570","6,356",0.51,0.08,0.02
0.55,440,462,0.51,"414,885","5,685","73,032","5,894",0.51,0.07,0.02
0.56,465,394,0.46,"415,350","5,220","73,426","5,500",0.51,0.07,0.02
0.57,455,399,0.47,"415,805","4,765","73,825","5,101",0.52,0.06,0.02
0.58,424,379,0.47,"416,229","4,341","74,204","4,722",0.52,0.06,0.02
0.59,420,370,0.47,"416,649","3,921","74,574","4,352",0.53,0.06,0.02
0.6,393,364,0.48,"417,042","3,528","74,938","3,988",0.53,0.05,0.02
0.61,343,344,0.50,"417,385","3,185","75,282","3,644",0.53,0.05,0.01
0.62,342,370,0.52,"417,727","2,843","75,652","3,274",0.54,0.04,0.01
0.63,327,297,0.48,"418,054","2,516","75,949","2,977",0.54,0.04,0.01
0.64,304,315,0.51,"418,358","2,212","76,264","2,662",0.55,0.03,0.01
0.65,255,275,0.52,"418,613","1,957","76,539","2,387",0.55,0.03,0.01
0.66,231,263,0.53,"418,844","1,726","76,802","2,124",0.55,0.03,0.01
0.67,216,246,0.53,"419,060","1,510","77,048","1,878",0.55,0.02,0.01
0.68,169,212,0.56,"419,229","1,341","77,260","1,666",0.55,0.02,0.01
0.69,175,198,0.53,"419,404","1,166","77,458","1,468",0.56,0.02,0.01
0.7,163,184,0.53,"419,567","1,003","77,642","1,284",0.56,0.02,0.00
0.71,146,155,0.51,"419,713",857,"77,797","1,129",0.57,0.01,0.00
0.72,124,159,0.56,"419,837",733,"77,956",970,0.57,0.01,0.00
0.73,127,132,0.51,"419,964",606,"78,088",838,0.58,0.01,0.00
0.74,88,130,0.60,"420,052",518,"78,218",708,0.58,0.01,0.00
0.75,89,117,0.57,"420,141",429,"78,335",591,0.58,0.01,0.00
0.76,78,99,0.56,"420,219",351,"78,434",492,0.58,0.01,0.00
0.77,78,80,0.51,"420,297",273,"78,514",412,0.60,0.01,0.00
0.78,54,62,0.53,"420,351",219,"78,576",350,0.62,0.00,0.00
0.79,51,80,0.61,"420,402",168,"78,656",270,0.62,0.00,0.00
0.8,34,53,0.61,"420,436",134,"78,709",217,0.62,0.00,0.00
0.81,20,38,0.66,"420,456",114,"78,747",179,0.61,0.00,0.00
0.82,24,30,0.56,"420,480",90,"78,777",149,0.62,0.00,0.00
0.83,18,25,0.58,"420,498",72,"78,802",124,0.63,0.00,0.00
0.84,22,31,0.58,"420,520",50,"78,833",93,0.65,0.00,0.00
0.85,6,31,0.84,"420,526",44,"78,864",62,0.58,0.00,0.00
0.86,5,11,0.69,"420,531",39,"78,875",51,0.57,0.00,0.00
0.87,15,12,0.44,"420,546",24,"78,887",39,0.62,0.00,0.00
0.88,9,12,0.57,"420,555",15,"78,899",27,0.64,0.00,0.00
0.89,6,8,0.57,"420,561",9,"78,907",19,0.68,0.00,0.00
0.9,5,7,0.58,"420,566",4,"78,914",12,0.75,0.00,0.00
0.91,3,4,0.57,"420,569",1,"78,918",8,0.89,0.00,0.00
0.92,0,5,1.00,"420,569",1,"78,923",3,0.75,0.00,0.00
0.93,0,0,nan,"420,569",1,"78,923",3,0.75,0.00,0.00
0.94,1,2,0.67,"420,570",0,"78,925",1,1.00,0.00,0.00
0.95,0,0,nan,"420,570",0,"78,925",1,1.00,0.00,0.00
0.96,0,0,nan,"420,570",0,"78,925",1,1.00,0.00,0.00
0.97,0,0,nan,"420,570",0,"78,925",1,1.00,0.00,0.00
0.98,0,0,nan,"420,570",0,"78,925",1,1.00,0.00,0.00
0.99,0,0,nan,"420,570",0,"78,925",1,1.00,0.00,0.00
1.0,0,1,1.00,"420,570",0,"78,926",0,nan,0.00,0.00
