p,Neg,Pos,mPrec,TN,FP,FN,TP,Prec,Rec,$\hat{p}$
0.0,"1,875",19,0.01,"1,875","178,370",19,"33,806",0.16,1.00,0.99
0.05,"6,317",96,0.01,"8,192","172,053",115,"33,710",0.16,1.00,0.96
0.1,"10,531",266,0.02,"18,723","161,522",381,"33,444",0.17,0.99,0.91
0.15,"12,949",485,0.04,"31,672","148,573",866,"32,959",0.18,0.97,0.85
0.2,"14,566",741,0.05,"46,238","134,007","1,607","32,218",0.19,0.95,0.78
0.25,"15,110","1,056",0.07,"61,348","118,897","2,663","31,162",0.21,0.92,0.70
0.3,"15,212","1,363",0.08,"76,560","103,685","4,026","29,799",0.22,0.88,0.62
0.35,"14,840","1,625",0.10,"91,400","88,845","5,651","28,174",0.24,0.83,0.55
0.4,"13,914","1,908",0.12,"105,314","74,931","7,559","26,266",0.26,0.78,0.47
0.45,"12,704","2,121",0.14,"118,018","62,227","9,680","24,145",0.28,0.71,0.40
0.5,"11,462","2,174",0.16,"129,480","50,765","11,854","21,971",0.30,0.65,0.34
0.55,"10,382","2,363",0.19,"139,862","40,383","14,217","19,608",0.33,0.58,0.28
0.6,"8,973","2,454",0.21,"148,835","31,410","16,671","17,154",0.35,0.51,0.23
0.65,"7,666","2,354",0.23,"156,501","23,744","19,025","14,800",0.38,0.44,0.18
0.7,"6,467","2,493",0.28,"162,968","17,277","21,518","12,307",0.42,0.36,0.14
0.75,"5,163","2,461",0.32,"168,131","12,114","23,979","9,846",0.45,0.29,0.10
0.8,"4,190","2,417",0.37,"172,321","7,924","26,396","7,429",0.48,0.22,0.07
0.85,"3,211","2,317",0.42,"175,532","4,713","28,713","5,112",0.52,0.15,0.05
0.9,"2,282","2,085",0.48,"177,814","2,431","30,798","3,027",0.55,0.09,0.03
0.95,"1,514","1,588",0.51,"179,328",917,"32,386","1,439",0.61,0.04,0.01
1.0,917,"1,439",0.61,"180,245",0,"33,825",0,nan,0.00,0.00
