p,Neg,Pos,mPrec,TN,FP,FN,TP,Prec,Rec,$\hat{p}$
0.0,1,0,0.00,1,"420,569",0,"78,926",0.16,1.00,1.00
0.1,"3,353",104,0.03,"3,354","417,216",104,"78,822",0.16,1.00,0.99
0.2,"40,176","1,804",0.04,"43,530","377,040","1,908","77,018",0.17,0.98,0.91
0.3,"69,700","5,094",0.07,"113,230","307,340","7,002","71,924",0.19,0.91,0.76
0.4,"88,725","9,995",0.10,"201,955","218,615","16,997","61,929",0.22,0.78,0.56
0.5,"88,313","14,617",0.14,"290,268","130,302","31,614","47,312",0.27,0.60,0.36
0.6,"65,292","15,717",0.19,"355,560","65,010","47,331","31,595",0.33,0.40,0.19
0.7,"36,786","12,766",0.26,"392,346","28,224","60,097","18,829",0.40,0.24,0.09
0.8,"17,373","9,145",0.34,"409,719","10,851","69,242","9,684",0.47,0.12,0.04
0.9,"9,110","7,603",0.45,"418,829","1,741","76,845","2,081",0.54,0.03,0.01
1.0,"1,741","2,081",0.54,"420,570",0,"78,926",0,nan,0.00,0.00
