p,Neg,Pos,mPrec,TN,FP,FN,TP,Prec,Rec,$\hat{p}$
0.0,1,0,0.00,1,"180,244",0,"33,825",0.16,1.00,1.00
0.01,6,0,0.00,7,"180,238",0,"33,825",0.16,1.00,1.00
0.02,19,0,0.00,26,"180,219",0,"33,825",0.16,1.00,1.00
0.03,25,0,0.00,51,"180,194",0,"33,825",0.16,1.00,1.00
0.04,60,3,0.05,111,"180,134",3,"33,822",0.16,1.00,1.00
0.05,89,5,0.05,200,"180,045",8,"33,817",0.16,1.00,1.00
0.06,294,12,0.04,494,"179,751",20,"33,805",0.16,1.00,1.00
0.07,432,22,0.05,926,"179,319",42,"33,783",0.16,1.00,1.00
0.08,733,44,0.06,"1,659","178,586",86,"33,739",0.16,1.00,0.99
0.09,"1,579",82,0.05,"3,238","177,007",168,"33,657",0.16,1.00,0.98
0.1,"1,756",89,0.05,"4,994","175,251",257,"33,568",0.16,0.99,0.98
0.11,"2,919",175,0.06,"7,913","172,332",432,"33,393",0.16,0.99,0.96
0.12,"2,720",163,0.06,"10,633","169,612",595,"33,230",0.16,0.98,0.95
0.13,"3,457",217,0.06,"14,090","166,155",812,"33,013",0.17,0.98,0.93
0.14,"3,374",234,0.06,"17,464","162,781","1,046","32,779",0.17,0.97,0.91
0.15,"3,197",228,0.07,"20,661","159,584","1,274","32,551",0.17,0.96,0.90
0.16,"2,892",226,0.07,"23,553","156,692","1,500","32,325",0.17,0.96,0.88
0.17,"2,416",174,0.07,"25,969","154,276","1,674","32,151",0.17,0.95,0.87
0.18,"2,148",147,0.06,"28,117","152,128","1,821","32,004",0.17,0.95,0.86
0.19,"1,811",133,0.07,"29,928","150,317","1,954","31,871",0.17,0.94,0.85
0.2,"1,555",113,0.07,"31,483","148,762","2,067","31,758",0.18,0.94,0.84
0.21,"1,456",124,0.08,"32,939","147,306","2,191","31,634",0.18,0.94,0.84
0.22,"1,065",98,0.08,"34,004","146,241","2,289","31,536",0.18,0.93,0.83
0.23,"1,342",129,0.09,"35,346","144,899","2,418","31,407",0.18,0.93,0.82
0.24,"1,250",122,0.09,"36,596","143,649","2,540","31,285",0.18,0.92,0.82
0.25,"1,140",106,0.09,"37,736","142,509","2,646","31,179",0.18,0.92,0.81
0.26,"1,405",161,0.10,"39,141","141,104","2,807","31,018",0.18,0.92,0.80
0.27,"1,630",173,0.10,"40,771","139,474","2,980","30,845",0.18,0.91,0.80
0.28,"1,525",138,0.08,"42,296","137,949","3,118","30,707",0.18,0.91,0.79
0.29,"1,724",215,0.11,"44,020","136,225","3,333","30,492",0.18,0.90,0.78
0.3,"1,902",195,0.09,"45,922","134,323","3,528","30,297",0.18,0.90,0.77
0.31,"2,125",242,0.10,"48,047","132,198","3,770","30,055",0.19,0.89,0.76
0.32,"2,154",261,0.11,"50,201","130,044","4,031","29,794",0.19,0.88,0.75
0.33,"2,481",302,0.11,"52,682","127,563","4,333","29,492",0.19,0.87,0.73
0.34,"2,663",359,0.12,"55,345","124,900","4,692","29,133",0.19,0.86,0.72
0.35,"3,101",405,0.12,"58,446","121,799","5,097","28,728",0.19,0.85,0.70
0.36,"2,709",355,0.12,"61,155","119,090","5,452","28,373",0.19,0.84,0.69
0.37,"3,182",442,0.12,"64,337","115,908","5,894","27,931",0.19,0.83,0.67
0.38,"3,819",529,0.12,"68,156","112,089","6,423","27,402",0.20,0.81,0.65
0.39,"3,273",485,0.13,"71,429","108,816","6,908","26,917",0.20,0.80,0.63
0.4,"3,588",523,0.13,"75,017","105,228","7,431","26,394",0.20,0.78,0.61
0.41,"3,824",602,0.14,"78,841","101,404","8,033","25,792",0.20,0.76,0.59
0.42,"3,620",567,0.14,"82,461","97,784","8,600","25,225",0.21,0.75,0.57
0.43,"3,600",593,0.14,"86,061","94,184","9,193","24,632",0.21,0.73,0.56
0.44,"3,901",588,0.13,"89,962","90,283","9,781","24,044",0.21,0.71,0.53
0.45,"3,486",594,0.15,"93,448","86,797","10,375","23,450",0.21,0.69,0.52
0.46,"3,801",625,0.14,"97,249","82,996","11,000","22,825",0.22,0.67,0.49
0.47,"3,310",556,0.14,"100,559","79,686","11,556","22,269",0.22,0.66,0.48
0.48,"3,337",649,0.16,"103,896","76,349","12,205","21,620",0.22,0.64,0.46
0.49,"3,434",643,0.16,"107,330","72,915","12,848","20,977",0.22,0.62,0.44
0.5,"3,379",612,0.15,"110,709","69,536","13,460","20,365",0.23,0.60,0.42
0.51,"3,700",694,0.16,"114,409","65,836","14,154","19,671",0.23,0.58,0.40
0.52,"3,579",674,0.16,"117,988","62,257","14,828","18,997",0.23,0.56,0.38
0.53,"3,198",639,0.17,"121,186","59,059","15,467","18,358",0.24,0.54,0.36
0.54,"3,234",668,0.17,"124,420","55,825","16,135","17,690",0.24,0.52,0.34
0.55,"2,722",572,0.17,"127,142","53,103","16,707","17,118",0.24,0.51,0.33
0.56,"2,895",653,0.18,"130,037","50,208","17,360","16,465",0.25,0.49,0.31
0.57,"2,646",588,0.18,"132,683","47,562","17,948","15,877",0.25,0.47,0.30
0.58,"2,048",433,0.17,"134,731","45,514","18,381","15,444",0.25,0.46,0.28
0.59,"2,154",506,0.19,"136,885","43,360","18,887","14,938",0.26,0.44,0.27
0.6,"1,975",496,0.20,"138,860","41,385","19,383","14,442",0.26,0.43,0.26
0.61,"1,676",420,0.20,"140,536","39,709","19,803","14,022",0.26,0.41,0.25
0.62,"1,675",451,0.21,"142,211","38,034","20,254","13,571",0.26,0.40,0.24
0.63,"2,218",544,0.20,"144,429","35,816","20,798","13,027",0.27,0.39,0.23
0.64,"1,997",521,0.21,"146,426","33,819","21,319","12,506",0.27,0.37,0.22
0.65,"2,133",672,0.24,"148,559","31,686","21,991","11,834",0.27,0.35,0.20
0.66,"2,449",684,0.22,"151,008","29,237","22,675","11,150",0.28,0.33,0.19
0.67,"2,238",672,0.23,"153,246","26,999","23,347","10,478",0.28,0.31,0.18
0.68,"2,595",808,0.24,"155,841","24,404","24,155","9,670",0.28,0.29,0.16
0.69,"2,358",777,0.25,"158,199","22,046","24,932","8,893",0.29,0.26,0.14
0.7,"2,157",768,0.26,"160,356","19,889","25,700","8,125",0.29,0.24,0.13
0.71,"2,151",797,0.27,"162,507","17,738","26,497","7,328",0.29,0.22,0.12
0.72,"1,964",723,0.27,"164,471","15,774","27,220","6,605",0.30,0.20,0.10
0.73,"1,974",701,0.26,"166,445","13,800","27,921","5,904",0.30,0.17,0.09
0.74,"1,545",617,0.29,"167,990","12,255","28,538","5,287",0.30,0.16,0.08
0.75,"1,371",529,0.28,"169,361","10,884","29,067","4,758",0.30,0.14,0.07
0.76,"1,286",530,0.29,"170,647","9,598","29,597","4,228",0.31,0.12,0.06
0.77,"1,116",407,0.27,"171,763","8,482","30,004","3,821",0.31,0.11,0.06
0.78,967,412,0.30,"172,730","7,515","30,416","3,409",0.31,0.10,0.05
0.79,992,394,0.28,"173,722","6,523","30,810","3,015",0.32,0.09,0.04
0.8,754,312,0.29,"174,476","5,769","31,122","2,703",0.32,0.08,0.04
0.81,834,341,0.29,"175,310","4,935","31,463","2,362",0.32,0.07,0.03
0.82,685,274,0.29,"175,995","4,250","31,737","2,088",0.33,0.06,0.03
0.83,521,222,0.30,"176,516","3,729","31,959","1,866",0.33,0.06,0.03
0.84,501,245,0.33,"177,017","3,228","32,204","1,621",0.33,0.05,0.02
0.85,337,164,0.33,"177,354","2,891","32,368","1,457",0.34,0.04,0.02
0.86,406,218,0.35,"177,760","2,485","32,586","1,239",0.33,0.04,0.02
0.87,279,143,0.34,"178,039","2,206","32,729","1,096",0.33,0.03,0.02
0.88,349,157,0.31,"178,388","1,857","32,886",939,0.34,0.03,0.01
0.89,293,142,0.33,"178,681","1,564","33,028",797,0.34,0.02,0.01
0.9,360,153,0.30,"179,041","1,204","33,181",644,0.35,0.02,0.01
0.91,307,149,0.33,"179,348",897,"33,330",495,0.36,0.01,0.01
0.92,261,131,0.33,"179,609",636,"33,461",364,0.36,0.01,0.00
0.93,179,106,0.37,"179,788",457,"33,567",258,0.36,0.01,0.00
0.94,192,103,0.35,"179,980",265,"33,670",155,0.37,0.00,0.00
0.95,130,61,0.32,"180,110",135,"33,731",94,0.41,0.00,0.00
0.96,80,59,0.42,"180,190",55,"33,790",35,0.39,0.00,0.00
0.97,29,23,0.44,"180,219",26,"33,813",12,0.32,0.00,0.00
0.98,16,9,0.36,"180,235",10,"33,822",3,0.23,0.00,0.00
0.99,8,1,0.11,"180,243",2,"33,823",2,0.50,0.00,0.00
1.0,2,2,0.50,"180,245",0,"33,825",0,nan,0.00,0.00
