p,Neg,Pos,mPrec,TN,FP,FN,TP,Prec,Rec,$\hat{p}$
0.0,575,28,0.05,575,"419,995",28,"78,898",0.16,1.00,1.00
0.01,"1,772",88,0.05,"2,347","418,223",116,"78,810",0.16,1.00,1.00
0.02,"5,223",291,0.05,"7,570","413,000",407,"78,519",0.16,0.99,0.98
0.03,"8,108",423,0.05,"15,678","404,892",830,"78,096",0.16,0.99,0.97
0.04,"12,651",704,0.05,"28,329","392,241","1,534","77,392",0.16,0.98,0.94
0.05,"11,588",732,0.06,"39,917","380,653","2,266","76,660",0.17,0.97,0.92
0.06,"12,658",863,0.06,"52,575","367,995","3,129","75,797",0.17,0.96,0.89
0.07,"10,223",706,0.06,"62,798","357,772","3,835","75,091",0.17,0.95,0.87
0.08,"6,294",536,0.08,"69,092","351,478","4,371","74,555",0.17,0.94,0.85
0.09,"6,169",479,0.07,"75,261","345,309","4,850","74,076",0.18,0.94,0.84
0.1,"4,355",337,0.07,"79,616","340,954","5,187","73,739",0.18,0.93,0.83
0.11,"3,750",376,0.09,"83,366","337,204","5,563","73,363",0.18,0.93,0.82
0.12,"4,189",416,0.09,"87,555","333,015","5,979","72,947",0.18,0.92,0.81
0.13,"4,063",410,0.09,"91,618","328,952","6,389","72,537",0.18,0.92,0.80
0.14,"4,652",520,0.10,"96,270","324,300","6,909","72,017",0.18,0.91,0.79
0.15,"5,036",575,0.10,"101,306","319,264","7,484","71,442",0.18,0.91,0.78
0.16,"5,995",674,0.10,"107,301","313,269","8,158","70,768",0.18,0.90,0.77
0.17,"6,481",761,0.11,"113,782","306,788","8,919","70,007",0.19,0.89,0.75
0.18,"6,489",808,0.11,"120,271","300,299","9,727","69,199",0.19,0.88,0.74
0.19,"7,082",857,0.11,"127,353","293,217","10,584","68,342",0.19,0.87,0.72
0.2,"7,698",967,0.11,"135,051","285,519","11,551","67,375",0.19,0.85,0.71
0.21,"7,982","1,002",0.11,"143,033","277,537","12,553","66,373",0.19,0.84,0.69
0.22,"8,836","1,158",0.12,"151,869","268,701","13,711","65,215",0.20,0.83,0.67
0.23,"9,529","1,323",0.12,"161,398","259,172","15,034","63,892",0.20,0.81,0.65
0.24,"8,534","1,210",0.12,"169,932","250,638","16,244","62,682",0.20,0.79,0.63
0.25,"9,480","1,431",0.13,"179,412","241,158","17,675","61,251",0.20,0.78,0.61
0.26,"9,761","1,480",0.13,"189,173","231,397","19,155","59,771",0.21,0.76,0.58
0.27,"9,869","1,526",0.13,"199,042","221,528","20,681","58,245",0.21,0.74,0.56
0.28,"7,835","1,174",0.13,"206,877","213,693","21,855","57,071",0.21,0.72,0.54
0.29,"8,657","1,530",0.15,"215,534","205,036","23,385","55,541",0.21,0.70,0.52
0.3,"9,009","1,531",0.15,"224,543","196,027","24,916","54,010",0.22,0.68,0.50
0.31,"7,313","1,286",0.15,"231,856","188,714","26,202","52,724",0.22,0.67,0.48
0.32,"7,408","1,325",0.15,"239,264","181,306","27,527","51,399",0.22,0.65,0.47
0.33,"9,072","1,646",0.15,"248,336","172,234","29,173","49,753",0.22,0.63,0.44
0.34,"6,876","1,260",0.15,"255,212","165,358","30,433","48,493",0.23,0.61,0.43
0.35,"7,274","1,442",0.17,"262,486","158,084","31,875","47,051",0.23,0.60,0.41
0.36,"8,248","1,542",0.16,"270,734","149,836","33,417","45,509",0.23,0.58,0.39
0.37,"6,594","1,264",0.16,"277,328","143,242","34,681","44,245",0.24,0.56,0.38
0.38,"7,174","1,544",0.18,"284,502","136,068","36,225","42,701",0.24,0.54,0.36
0.39,"6,127","1,297",0.17,"290,629","129,941","37,522","41,404",0.24,0.52,0.34
0.4,"5,856","1,224",0.17,"296,485","124,085","38,746","40,180",0.24,0.51,0.33
0.41,"5,453","1,134",0.17,"301,938","118,632","39,880","39,046",0.25,0.49,0.32
0.42,"5,150","1,227",0.19,"307,088","113,482","41,107","37,819",0.25,0.48,0.30
0.43,"4,721","1,017",0.18,"311,809","108,761","42,124","36,802",0.25,0.47,0.29
0.44,"3,340",831,0.20,"315,149","105,421","42,955","35,971",0.25,0.46,0.28
0.45,"4,124",981,0.19,"319,273","101,297","43,936","34,990",0.26,0.44,0.27
0.46,"4,230","1,013",0.19,"323,503","97,067","44,949","33,977",0.26,0.43,0.26
0.47,"3,100",709,0.19,"326,603","93,967","45,658","33,268",0.26,0.42,0.25
0.48,"2,609",653,0.20,"329,212","91,358","46,311","32,615",0.26,0.41,0.25
0.49,"3,663","1,071",0.23,"332,875","87,695","47,382","31,544",0.26,0.40,0.24
0.5,"3,642",992,0.21,"336,517","84,053","48,374","30,552",0.27,0.39,0.23
0.51,"3,272",948,0.22,"339,789","80,781","49,322","29,604",0.27,0.38,0.22
0.52,"3,554","1,061",0.23,"343,343","77,227","50,383","28,543",0.27,0.36,0.21
0.53,"3,396",948,0.22,"346,739","73,831","51,331","27,595",0.27,0.35,0.20
0.54,"4,006","1,126",0.22,"350,745","69,825","52,457","26,469",0.27,0.34,0.19
0.55,"3,471","1,023",0.23,"354,216","66,354","53,480","25,446",0.28,0.32,0.18
0.56,"3,884","1,180",0.23,"358,100","62,470","54,660","24,266",0.28,0.31,0.17
0.57,"3,959","1,206",0.23,"362,059","58,511","55,866","23,060",0.28,0.29,0.16
0.58,"3,586","1,130",0.24,"365,645","54,925","56,996","21,930",0.29,0.28,0.15
0.59,"2,937",997,0.25,"368,582","51,988","57,993","20,933",0.29,0.27,0.15
0.6,"3,266","1,058",0.24,"371,848","48,722","59,051","19,875",0.29,0.25,0.14
0.61,"3,870","1,294",0.25,"375,718","44,852","60,345","18,581",0.29,0.24,0.13
0.62,"2,952","1,025",0.26,"378,670","41,900","61,370","17,556",0.30,0.22,0.12
0.63,"2,568",885,0.26,"381,238","39,332","62,255","16,671",0.30,0.21,0.11
0.64,"2,624",966,0.27,"383,862","36,708","63,221","15,705",0.30,0.20,0.10
0.65,"3,173","1,123",0.26,"387,035","33,535","64,344","14,582",0.30,0.18,0.10
0.66,"2,351",918,0.28,"389,386","31,184","65,262","13,664",0.30,0.17,0.09
0.67,"2,013",817,0.29,"391,399","29,171","66,079","12,847",0.31,0.16,0.08
0.68,"1,863",729,0.28,"393,262","27,308","66,808","12,118",0.31,0.15,0.08
0.69,"1,869",752,0.29,"395,131","25,439","67,560","11,366",0.31,0.14,0.07
0.7,"2,149",803,0.27,"397,280","23,290","68,363","10,563",0.31,0.13,0.07
0.71,"1,544",628,0.29,"398,824","21,746","68,991","9,935",0.31,0.13,0.06
0.72,"1,432",611,0.30,"400,256","20,314","69,602","9,324",0.31,0.12,0.06
0.73,"1,361",559,0.29,"401,617","18,953","70,161","8,765",0.32,0.11,0.06
0.74,"1,225",579,0.32,"402,842","17,728","70,740","8,186",0.32,0.10,0.05
0.75,"1,345",510,0.27,"404,187","16,383","71,250","7,676",0.32,0.10,0.05
0.76,934,350,0.27,"405,121","15,449","71,600","7,326",0.32,0.09,0.05
0.77,"1,006",407,0.29,"406,127","14,443","72,007","6,919",0.32,0.09,0.04
0.78,977,427,0.30,"407,104","13,466","72,434","6,492",0.33,0.08,0.04
0.79,"1,005",437,0.30,"408,109","12,461","72,871","6,055",0.33,0.08,0.04
0.8,877,349,0.28,"408,986","11,584","73,220","5,706",0.33,0.07,0.03
0.81,777,339,0.30,"409,763","10,807","73,559","5,367",0.33,0.07,0.03
0.82,607,282,0.32,"410,370","10,200","73,841","5,085",0.33,0.06,0.03
0.83,627,256,0.29,"410,997","9,573","74,097","4,829",0.34,0.06,0.03
0.84,718,329,0.31,"411,715","8,855","74,426","4,500",0.34,0.06,0.03
0.85,568,259,0.31,"412,283","8,287","74,685","4,241",0.34,0.05,0.03
0.86,383,177,0.32,"412,666","7,904","74,862","4,064",0.34,0.05,0.02
0.87,396,183,0.32,"413,062","7,508","75,045","3,881",0.34,0.05,0.02
0.88,424,226,0.35,"413,486","7,084","75,271","3,655",0.34,0.05,0.02
0.89,474,225,0.32,"413,960","6,610","75,496","3,430",0.34,0.04,0.02
0.9,553,232,0.30,"414,513","6,057","75,728","3,198",0.35,0.04,0.02
0.91,356,181,0.34,"414,869","5,701","75,909","3,017",0.35,0.04,0.02
0.92,326,151,0.32,"415,195","5,375","76,060","2,866",0.35,0.04,0.02
0.93,489,258,0.35,"415,684","4,886","76,318","2,608",0.35,0.03,0.02
0.94,282,133,0.32,"415,966","4,604","76,451","2,475",0.35,0.03,0.01
0.95,282,152,0.35,"416,248","4,322","76,603","2,323",0.35,0.03,0.01
0.96,219,104,0.32,"416,467","4,103","76,707","2,219",0.35,0.03,0.01
0.97,285,147,0.34,"416,752","3,818","76,854","2,072",0.35,0.03,0.01
0.98,345,204,0.37,"417,097","3,473","77,058","1,868",0.35,0.02,0.01
0.99,358,135,0.27,"417,455","3,115","77,193","1,733",0.36,0.02,0.01
1.0,"3,115","1,733",0.36,"420,570",0,"78,926",0,nan,0.00,0.00
