p,Neg,Pos,Neg/Pos,TN,FP,FN,TP,FP/TP,Prec.,Rec.,$\hat{p}$
0.0,0,0,nan,0,"180,245",0,"33,825",5.33,0.16,1.00,1.00
0.05,0,0,nan,0,"180,245",0,"33,825",5.33,0.16,1.00,1.00
0.1,75,3,25.00,75,"180,170",3,"33,822",5.33,0.16,1.00,1.00
0.15,"1,577",48,32.85,"1,652","178,593",51,"33,774",5.29,0.16,1.00,0.99
0.2,"7,519",271,27.75,"9,171","171,074",322,"33,503",5.11,0.16,0.99,0.96
0.25,"12,640",685,18.45,"21,811","158,434","1,007","32,818",4.83,0.17,0.97,0.89
0.3,"16,120","1,119",14.41,"37,931","142,314","2,126","31,699",4.49,0.18,0.94,0.81
0.35,"19,035","1,697",11.22,"56,966","123,279","3,823","30,002",4.11,0.20,0.89,0.72
0.4,"21,011","2,398",8.76,"77,977","102,268","6,221","27,604",3.70,0.21,0.82,0.61
0.45,"21,889","2,975",7.36,"99,866","80,379","9,196","24,629",3.26,0.23,0.73,0.49
0.5,"20,348","3,689",5.52,"120,214","60,031","12,885","20,940",2.87,0.26,0.62,0.38
0.55,"17,781","3,711",4.79,"137,995","42,250","16,596","17,229",2.45,0.29,0.51,0.28
0.6,"13,896","3,630",3.83,"151,891","28,354","20,226","13,599",2.09,0.32,0.40,0.20
0.65,"10,252","3,257",3.15,"162,143","18,102","23,483","10,342",1.75,0.36,0.31,0.13
0.7,"6,759","2,781",2.43,"168,902","11,343","26,264","7,561",1.50,0.40,0.22,0.09
0.75,"4,442","2,224",2.00,"173,344","6,901","28,488","5,337",1.29,0.44,0.16,0.06
0.8,"3,134","1,940",1.62,"176,478","3,767","30,428","3,397",1.11,0.47,0.10,0.03
0.85,"2,217","1,829",1.21,"178,695","1,550","32,257","1,568",0.99,0.50,0.05,0.01
0.9,"1,305","1,242",1.05,"180,000",245,"33,499",326,0.75,0.57,0.01,0.00
0.95,245,325,0.75,"180,245",0,"33,824",1,0.00,1.00,0.00,0.00
1.0,0,1,0.00,"180,245",0,"33,825",0,nan,nan,0.00,0.00
