p,Neg,Pos,mPrec,TN,FP,FN,TP,Prec,Rec,$\hat{p}$
0.0,"1,440",72,0.05,"1,440","178,805",72,"33,753",0.16,1.00,0.99
0.05,"8,878",501,0.05,"10,318","169,927",573,"33,252",0.16,0.98,0.95
0.1,"13,235",927,0.07,"23,553","156,692","1,500","32,325",0.17,0.96,0.88
0.15,"8,155",591,0.07,"31,708","148,537","2,091","31,734",0.18,0.94,0.84
0.2,"5,144",473,0.08,"36,852","143,393","2,564","31,261",0.18,0.92,0.82
0.25,"6,023",631,0.09,"42,875","137,370","3,195","30,630",0.18,0.91,0.78
0.3,"8,878","1,010",0.10,"51,753","128,492","4,205","29,620",0.19,0.88,0.74
0.35,"11,816","1,595",0.12,"63,569","116,676","5,800","28,025",0.19,0.83,0.68
0.4,"15,019","2,199",0.13,"78,588","101,657","7,999","25,826",0.20,0.76,0.60
0.45,"14,937","2,388",0.14,"93,525","86,720","10,387","23,438",0.21,0.69,0.51
0.5,"14,474","2,557",0.15,"107,999","72,246","12,944","20,881",0.22,0.62,0.44
0.55,"14,293","2,756",0.16,"122,292","57,953","15,700","18,125",0.24,0.54,0.36
0.6,"11,442","2,465",0.18,"133,734","46,511","18,165","15,660",0.25,0.46,0.29
0.65,"7,708","1,911",0.20,"141,442","38,803","20,076","13,749",0.26,0.41,0.25
0.7,"8,940","2,434",0.21,"150,382","29,863","22,510","11,315",0.27,0.33,0.19
0.75,"9,826","3,132",0.24,"160,208","20,037","25,642","8,183",0.29,0.24,0.13
0.8,"7,884","2,936",0.27,"168,092","12,153","28,578","5,247",0.30,0.16,0.08
0.85,"4,879","1,927",0.28,"172,971","7,274","30,505","3,320",0.31,0.10,0.05
0.9,"3,193","1,311",0.29,"176,164","4,081","31,816","2,009",0.33,0.06,0.03
0.95,"1,707",836,0.33,"177,871","2,374","32,652","1,173",0.33,0.03,0.02
1.0,"2,374","1,173",0.33,"180,245",0,"33,825",0,nan,0.00,0.00
