p,Neg,Pos,mPrec,TN,FP,FN,TP,Prec,Rec,$\hat{p}$
0.0,"1,769",17,0.01,"1,769","178,476",17,"33,808",0.16,1.00,0.99
0.01,909,5,0.01,"2,678","177,567",22,"33,803",0.16,1.00,0.99
0.02,"1,208",14,0.01,"3,886","176,359",36,"33,789",0.16,1.00,0.98
0.03,"1,318",27,0.02,"5,204","175,041",63,"33,762",0.16,1.00,0.98
0.04,"1,466",25,0.02,"6,670","173,575",88,"33,737",0.16,1.00,0.97
0.05,"1,666",29,0.02,"8,336","171,909",117,"33,708",0.16,1.00,0.96
0.06,"1,904",27,0.01,"10,240","170,005",144,"33,681",0.17,1.00,0.95
0.07,"2,108",50,0.02,"12,348","167,897",194,"33,631",0.17,0.99,0.94
0.08,"2,167",51,0.02,"14,515","165,730",245,"33,580",0.17,0.99,0.93
0.09,"2,244",79,0.03,"16,759","163,486",324,"33,501",0.17,0.99,0.92
0.1,"2,474",75,0.03,"19,233","161,012",399,"33,426",0.17,0.99,0.91
0.11,"2,476",87,0.03,"21,709","158,536",486,"33,339",0.17,0.99,0.90
0.12,"2,580",85,0.03,"24,289","155,956",571,"33,254",0.18,0.98,0.88
0.13,"2,679",104,0.04,"26,968","153,277",675,"33,150",0.18,0.98,0.87
0.14,"2,677",108,0.04,"29,645","150,600",783,"33,042",0.18,0.98,0.86
0.15,"2,698",122,0.04,"32,343","147,902",905,"32,920",0.18,0.97,0.84
0.16,"2,871",121,0.04,"35,214","145,031","1,026","32,799",0.18,0.97,0.83
0.17,"2,836",116,0.04,"38,050","142,195","1,142","32,683",0.19,0.97,0.82
0.18,"2,949",159,0.05,"40,999","139,246","1,301","32,524",0.19,0.96,0.80
0.19,"3,048",168,0.05,"44,047","136,198","1,469","32,356",0.19,0.96,0.79
0.2,"2,965",180,0.06,"47,012","133,233","1,649","32,176",0.19,0.95,0.77
0.21,"2,958",186,0.06,"49,970","130,275","1,835","31,990",0.20,0.95,0.76
0.22,"2,929",210,0.07,"52,899","127,346","2,045","31,780",0.20,0.94,0.74
0.23,"2,965",220,0.07,"55,864","124,381","2,265","31,560",0.20,0.93,0.73
0.24,"3,077",208,0.06,"58,941","121,304","2,473","31,352",0.21,0.93,0.71
0.25,"3,015",227,0.07,"61,956","118,289","2,700","31,125",0.21,0.92,0.70
0.26,"2,987",274,0.08,"64,943","115,302","2,974","30,851",0.21,0.91,0.68
0.27,"3,106",280,0.08,"68,049","112,196","3,254","30,571",0.21,0.90,0.67
0.28,"3,028",251,0.08,"71,077","109,168","3,505","30,320",0.22,0.90,0.65
0.29,"2,920",286,0.09,"73,997","106,248","3,791","30,034",0.22,0.89,0.64
0.3,"2,980",277,0.09,"76,977","103,268","4,068","29,757",0.22,0.88,0.62
0.31,"3,090",280,0.08,"80,067","100,178","4,348","29,477",0.23,0.87,0.61
0.32,"2,819",272,0.09,"82,886","97,359","4,620","29,205",0.23,0.86,0.59
0.33,"2,890",316,0.10,"85,776","94,469","4,936","28,889",0.23,0.85,0.58
0.34,"2,804",362,0.11,"88,580","91,665","5,298","28,527",0.24,0.84,0.56
0.35,"2,851",356,0.11,"91,431","88,814","5,654","28,171",0.24,0.83,0.55
0.36,"2,877",368,0.11,"94,308","85,937","6,022","27,803",0.24,0.82,0.53
0.37,"2,720",354,0.12,"97,028","83,217","6,376","27,449",0.25,0.81,0.52
0.38,"2,743",382,0.12,"99,771","80,474","6,758","27,067",0.25,0.80,0.50
0.39,"2,695",368,0.12,"102,466","77,779","7,126","26,699",0.26,0.79,0.49
0.4,"2,552",371,0.13,"105,018","75,227","7,497","26,328",0.26,0.78,0.47
0.41,"2,510",389,0.13,"107,528","72,717","7,886","25,939",0.26,0.77,0.46
0.42,"2,525",427,0.14,"110,053","70,192","8,313","25,512",0.27,0.75,0.45
0.43,"2,437",403,0.14,"112,490","67,755","8,716","25,109",0.27,0.74,0.43
0.44,"2,447",436,0.15,"114,937","65,308","9,152","24,673",0.27,0.73,0.42
0.45,"2,444",414,0.14,"117,381","62,864","9,566","24,259",0.28,0.72,0.41
0.46,"2,387",397,0.14,"119,768","60,477","9,963","23,862",0.28,0.71,0.39
0.47,"2,291",397,0.15,"122,059","58,186","10,360","23,465",0.29,0.69,0.38
0.48,"2,292",454,0.17,"124,351","55,894","10,814","23,011",0.29,0.68,0.37
0.49,"2,169",439,0.17,"126,520","53,725","11,253","22,572",0.30,0.67,0.36
0.5,"2,161",416,0.16,"128,681","51,564","11,669","22,156",0.30,0.66,0.34
0.51,"2,175",449,0.17,"130,856","49,389","12,118","21,707",0.31,0.64,0.33
0.52,"2,162",462,0.18,"133,018","47,227","12,580","21,245",0.31,0.63,0.32
0.53,"2,010",475,0.19,"135,028","45,217","13,055","20,770",0.31,0.61,0.31
0.54,"1,916",471,0.20,"136,944","43,301","13,526","20,299",0.32,0.60,0.30
0.55,"1,952",464,0.19,"138,896","41,349","13,990","19,835",0.32,0.59,0.29
0.56,"1,884",445,0.19,"140,780","39,465","14,435","19,390",0.33,0.57,0.27
0.57,"1,884",466,0.20,"142,664","37,581","14,901","18,924",0.33,0.56,0.26
0.58,"1,822",503,0.22,"144,486","35,759","15,404","18,421",0.34,0.54,0.25
0.59,"1,715",479,0.22,"146,201","34,044","15,883","17,942",0.35,0.53,0.24
0.6,"1,626",459,0.22,"147,827","32,418","16,342","17,483",0.35,0.52,0.23
0.61,"1,583",489,0.24,"149,410","30,835","16,831","16,994",0.36,0.50,0.22
0.62,"1,602",451,0.22,"151,012","29,233","17,282","16,543",0.36,0.49,0.21
0.63,"1,491",447,0.23,"152,503","27,742","17,729","16,096",0.37,0.48,0.20
0.64,"1,561",483,0.24,"154,064","26,181","18,212","15,613",0.37,0.46,0.20
0.65,"1,353",468,0.26,"155,417","24,828","18,680","15,145",0.38,0.45,0.19
0.66,"1,461",479,0.25,"156,878","23,367","19,159","14,666",0.39,0.43,0.18
0.67,"1,321",444,0.25,"158,199","22,046","19,603","14,222",0.39,0.42,0.17
0.68,"1,277",516,0.29,"159,476","20,769","20,119","13,706",0.40,0.41,0.16
0.69,"1,263",486,0.28,"160,739","19,506","20,605","13,220",0.40,0.39,0.15
0.7,"1,219",473,0.28,"161,958","18,287","21,078","12,747",0.41,0.38,0.14
0.71,"1,202",491,0.29,"163,160","17,085","21,569","12,256",0.42,0.36,0.14
0.72,"1,068",500,0.32,"164,228","16,017","22,069","11,756",0.42,0.35,0.13
0.73,"1,131",497,0.31,"165,359","14,886","22,566","11,259",0.43,0.33,0.12
0.74,992,498,0.33,"166,351","13,894","23,064","10,761",0.44,0.32,0.12
0.75,950,472,0.33,"167,301","12,944","23,536","10,289",0.44,0.30,0.11
0.76,947,491,0.34,"168,248","11,997","24,027","9,798",0.45,0.29,0.10
0.77,934,488,0.34,"169,182","11,063","24,515","9,310",0.46,0.28,0.10
0.78,877,486,0.36,"170,059","10,186","25,001","8,824",0.46,0.26,0.09
0.79,824,482,0.37,"170,883","9,362","25,483","8,342",0.47,0.25,0.08
0.8,780,488,0.38,"171,663","8,582","25,971","7,854",0.48,0.23,0.08
0.81,770,496,0.39,"172,433","7,812","26,467","7,358",0.49,0.22,0.07
0.82,722,503,0.41,"173,155","7,090","26,970","6,855",0.49,0.20,0.07
0.83,649,472,0.42,"173,804","6,441","27,442","6,383",0.50,0.19,0.06
0.84,650,438,0.40,"174,454","5,791","27,880","5,945",0.51,0.18,0.05
0.85,627,470,0.43,"175,081","5,164","28,350","5,475",0.51,0.16,0.05
0.86,599,468,0.44,"175,680","4,565","28,818","5,007",0.52,0.15,0.04
0.87,492,446,0.48,"176,172","4,073","29,264","4,561",0.53,0.13,0.04
0.88,461,439,0.49,"176,633","3,612","29,703","4,122",0.53,0.12,0.04
0.89,470,423,0.47,"177,103","3,142","30,126","3,699",0.54,0.11,0.03
0.9,457,438,0.49,"177,560","2,685","30,564","3,261",0.55,0.10,0.03
0.91,432,407,0.49,"177,992","2,253","30,971","2,854",0.56,0.08,0.02
0.92,362,379,0.51,"178,354","1,891","31,350","2,475",0.57,0.07,0.02
0.93,332,344,0.51,"178,686","1,559","31,694","2,131",0.58,0.06,0.02
0.94,306,338,0.52,"178,992","1,253","32,032","1,793",0.59,0.05,0.01
0.95,268,294,0.52,"179,260",985,"32,326","1,499",0.60,0.04,0.01
0.96,239,299,0.56,"179,499",746,"32,625","1,200",0.62,0.04,0.01
0.97,203,241,0.54,"179,702",543,"32,866",959,0.64,0.03,0.01
0.98,175,215,0.55,"179,877",368,"33,081",744,0.67,0.02,0.01
0.99,117,202,0.63,"179,994",251,"33,283",542,0.68,0.02,0.00
1.0,251,542,0.68,"180,245",0,"33,825",0,nan,0.00,0.00
