p,Neg,Pos,mPrec,TN,FP,FN,TP,Prec,Rec,$\hat{p}$
0.0,0,0,nan,0,"180,245",0,"33,825",0.16,1.00,1.00
0.01,306,5,0.02,306,"179,939",5,"33,820",0.16,1.00,1.00
0.02,"2,164",19,0.01,"2,470","177,775",24,"33,801",0.16,1.00,0.99
0.03,"4,477",75,0.02,"6,947","173,298",99,"33,726",0.16,1.00,0.97
0.04,"6,242",133,0.02,"13,189","167,056",232,"33,593",0.17,0.99,0.94
0.05,"7,265",230,0.03,"20,454","159,791",462,"33,363",0.17,0.99,0.90
0.06,"7,867",305,0.04,"28,321","151,924",767,"33,058",0.18,0.98,0.86
0.07,"8,119",339,0.04,"36,440","143,805","1,106","32,719",0.19,0.97,0.82
0.08,"8,181",451,0.05,"44,621","135,624","1,557","32,268",0.19,0.95,0.78
0.09,"7,934",498,0.06,"52,555","127,690","2,055","31,770",0.20,0.94,0.74
0.1,"7,875",593,0.07,"60,430","119,815","2,648","31,177",0.21,0.92,0.71
0.11,"7,389",642,0.08,"67,819","112,426","3,290","30,535",0.21,0.90,0.67
0.12,"7,174",659,0.08,"74,993","105,252","3,949","29,876",0.22,0.88,0.63
0.13,"6,814",645,0.09,"81,807","98,438","4,594","29,231",0.23,0.86,0.60
0.14,"6,402",721,0.10,"88,209","92,036","5,315","28,510",0.24,0.84,0.56
0.15,"5,970",779,0.12,"94,179","86,066","6,094","27,731",0.24,0.82,0.53
0.16,"5,696",747,0.12,"99,875","80,370","6,841","26,984",0.25,0.80,0.50
0.17,"5,116",754,0.13,"104,991","75,254","7,595","26,230",0.26,0.78,0.47
0.18,"4,766",764,0.14,"109,757","70,488","8,359","25,466",0.27,0.75,0.45
0.19,"4,561",779,0.15,"114,318","65,927","9,138","24,687",0.27,0.73,0.42
0.2,"4,237",730,0.15,"118,555","61,690","9,868","23,957",0.28,0.71,0.40
0.21,"4,080",688,0.14,"122,635","57,610","10,556","23,269",0.29,0.69,0.38
0.22,"3,600",707,0.16,"126,235","54,010","11,263","22,562",0.29,0.67,0.36
0.23,"3,481",703,0.17,"129,716","50,529","11,966","21,859",0.30,0.65,0.34
0.24,"3,209",674,0.17,"132,925","47,320","12,640","21,185",0.31,0.63,0.32
0.25,"2,992",689,0.19,"135,917","44,328","13,329","20,496",0.32,0.61,0.30
0.26,"2,712",632,0.19,"138,629","41,616","13,961","19,864",0.32,0.59,0.29
0.27,"2,640",602,0.19,"141,269","38,976","14,563","19,262",0.33,0.57,0.27
0.28,"2,415",664,0.22,"143,684","36,561","15,227","18,598",0.34,0.55,0.26
0.29,"2,227",575,0.21,"145,911","34,334","15,802","18,023",0.34,0.53,0.24
0.3,"2,122",591,0.22,"148,033","32,212","16,393","17,432",0.35,0.52,0.23
0.31,"1,940",559,0.22,"149,973","30,272","16,952","16,873",0.36,0.50,0.22
0.32,"1,828",513,0.22,"151,801","28,444","17,465","16,360",0.37,0.48,0.21
0.33,"1,776",548,0.24,"153,577","26,668","18,013","15,812",0.37,0.47,0.20
0.34,"1,637",528,0.24,"155,214","25,031","18,541","15,284",0.38,0.45,0.19
0.35,"1,407",492,0.26,"156,621","23,624","19,033","14,792",0.39,0.44,0.18
0.36,"1,387",429,0.24,"158,008","22,237","19,462","14,363",0.39,0.42,0.17
0.37,"1,267",504,0.28,"159,275","20,970","19,966","13,859",0.40,0.41,0.16
0.38,"1,213",482,0.28,"160,488","19,757","20,448","13,377",0.40,0.40,0.15
0.39,"1,253",449,0.26,"161,741","18,504","20,897","12,928",0.41,0.38,0.15
0.4,"1,092",445,0.29,"162,833","17,412","21,342","12,483",0.42,0.37,0.14
0.41,"1,006",438,0.30,"163,839","16,406","21,780","12,045",0.42,0.36,0.13
0.42,970,435,0.31,"164,809","15,436","22,215","11,610",0.43,0.34,0.13
0.43,857,396,0.32,"165,666","14,579","22,611","11,214",0.43,0.33,0.12
0.44,817,401,0.33,"166,483","13,762","23,012","10,813",0.44,0.32,0.11
0.45,771,360,0.32,"167,254","12,991","23,372","10,453",0.45,0.31,0.11
0.46,738,393,0.35,"167,992","12,253","23,765","10,060",0.45,0.30,0.10
0.47,691,388,0.36,"168,683","11,562","24,153","9,672",0.46,0.29,0.10
0.48,658,354,0.35,"169,341","10,904","24,507","9,318",0.46,0.28,0.09
0.49,594,343,0.37,"169,935","10,310","24,850","8,975",0.47,0.27,0.09
0.5,580,309,0.35,"170,515","9,730","25,159","8,666",0.47,0.26,0.09
0.51,602,296,0.33,"171,117","9,128","25,455","8,370",0.48,0.25,0.08
0.52,494,326,0.40,"171,611","8,634","25,781","8,044",0.48,0.24,0.08
0.53,499,332,0.40,"172,110","8,135","26,113","7,712",0.49,0.23,0.07
0.54,431,269,0.38,"172,541","7,704","26,382","7,443",0.49,0.22,0.07
0.55,430,291,0.40,"172,971","7,274","26,673","7,152",0.50,0.21,0.07
0.56,409,306,0.43,"173,380","6,865","26,979","6,846",0.50,0.20,0.06
0.57,384,286,0.43,"173,764","6,481","27,265","6,560",0.50,0.19,0.06
0.58,382,265,0.41,"174,146","6,099","27,530","6,295",0.51,0.19,0.06
0.59,339,243,0.42,"174,485","5,760","27,773","6,052",0.51,0.18,0.06
0.6,341,221,0.39,"174,826","5,419","27,994","5,831",0.52,0.17,0.05
0.61,340,241,0.41,"175,166","5,079","28,235","5,590",0.52,0.17,0.05
0.62,287,229,0.44,"175,453","4,792","28,464","5,361",0.53,0.16,0.05
0.63,287,249,0.46,"175,740","4,505","28,713","5,112",0.53,0.15,0.04
0.64,270,203,0.43,"176,010","4,235","28,916","4,909",0.54,0.15,0.04
0.65,249,191,0.43,"176,259","3,986","29,107","4,718",0.54,0.14,0.04
0.66,224,201,0.47,"176,483","3,762","29,308","4,517",0.55,0.13,0.04
0.67,216,212,0.50,"176,699","3,546","29,520","4,305",0.55,0.13,0.04
0.68,224,200,0.47,"176,923","3,322","29,720","4,105",0.55,0.12,0.03
0.69,189,170,0.47,"177,112","3,133","29,890","3,935",0.56,0.12,0.03
0.7,164,197,0.55,"177,276","2,969","30,087","3,738",0.56,0.11,0.03
0.71,194,183,0.49,"177,470","2,775","30,270","3,555",0.56,0.11,0.03
0.72,168,186,0.53,"177,638","2,607","30,456","3,369",0.56,0.10,0.03
0.73,144,163,0.53,"177,782","2,463","30,619","3,206",0.57,0.09,0.03
0.74,131,160,0.55,"177,913","2,332","30,779","3,046",0.57,0.09,0.03
0.75,155,134,0.46,"178,068","2,177","30,913","2,912",0.57,0.09,0.02
0.76,131,154,0.54,"178,199","2,046","31,067","2,758",0.57,0.08,0.02
0.77,133,135,0.50,"178,332","1,913","31,202","2,623",0.58,0.08,0.02
0.78,114,117,0.51,"178,446","1,799","31,319","2,506",0.58,0.07,0.02
0.79,109,137,0.56,"178,555","1,690","31,456","2,369",0.58,0.07,0.02
0.8,116,117,0.50,"178,671","1,574","31,573","2,252",0.59,0.07,0.02
0.81,108,121,0.53,"178,779","1,466","31,694","2,131",0.59,0.06,0.02
0.82,94,112,0.54,"178,873","1,372","31,806","2,019",0.60,0.06,0.02
0.83,94,93,0.50,"178,967","1,278","31,899","1,926",0.60,0.06,0.01
0.84,82,94,0.53,"179,049","1,196","31,993","1,832",0.61,0.05,0.01
0.85,77,113,0.59,"179,126","1,119","32,106","1,719",0.61,0.05,0.01
0.86,83,75,0.47,"179,209","1,036","32,181","1,644",0.61,0.05,0.01
0.87,67,87,0.56,"179,276",969,"32,268","1,557",0.62,0.05,0.01
0.88,86,78,0.48,"179,362",883,"32,346","1,479",0.63,0.04,0.01
0.89,56,78,0.58,"179,418",827,"32,424","1,401",0.63,0.04,0.01
0.9,69,70,0.50,"179,487",758,"32,494","1,331",0.64,0.04,0.01
0.91,49,72,0.60,"179,536",709,"32,566","1,259",0.64,0.04,0.01
0.92,51,63,0.55,"179,587",658,"32,629","1,196",0.65,0.04,0.01
0.93,61,63,0.51,"179,648",597,"32,692","1,133",0.65,0.03,0.01
0.94,45,79,0.64,"179,693",552,"32,771","1,054",0.66,0.03,0.01
0.95,40,62,0.61,"179,733",512,"32,833",992,0.66,0.03,0.01
0.96,47,58,0.55,"179,780",465,"32,891",934,0.67,0.03,0.01
0.97,29,64,0.69,"179,809",436,"32,955",870,0.67,0.03,0.01
0.98,39,45,0.54,"179,848",397,"33,000",825,0.68,0.02,0.01
0.99,25,57,0.70,"179,873",372,"33,057",768,0.67,0.02,0.01
1.0,372,768,0.67,"180,245",0,"33,825",0,nan,0.00,0.00
