p,Neg,Pos,mPrec,TN,FP,FN,TP,Prec,Rec,$\hat{p}$
0.0,0,0,nan,0,"420,570",0,"78,926",0.16,1.00,1.00
0.1,"150,417","10,805",0.07,"150,417","270,153","10,805","68,121",0.20,0.86,0.68
0.2,"187,117","31,524",0.14,"337,534","83,036","42,329","36,597",0.31,0.46,0.24
0.3,"56,446","18,534",0.25,"393,980","26,590","60,863","18,063",0.40,0.23,0.09
0.4,"15,850","8,469",0.35,"409,830","10,740","69,332","9,594",0.47,0.12,0.04
0.5,"6,883","5,370",0.44,"416,713","3,857","74,702","4,224",0.52,0.05,0.02
0.6,"3,046","3,165",0.51,"419,759",811,"77,867","1,059",0.57,0.01,0.00
0.7,749,963,0.56,"420,508",62,"78,830",96,0.61,0.00,0.00
0.8,62,95,0.61,"420,570",0,"78,925",1,1.00,0.00,0.00
0.9,0,1,1.00,"420,570",0,"78,926",0,nan,0.00,0.00
1.0,0,0,nan,"420,570",0,"78,926",0,nan,0.00,0.00
