p,Neg,Pos,mPrec,TN,FP,FN,TP,Prec,Rec,$\hat{p}$
0.0,"3,245",145,0.04,"3,245","177,000",145,"33,680",0.16,1.00,0.98
0.01,198,11,0.05,"3,443","176,802",156,"33,669",0.16,1.00,0.98
0.02,883,47,0.05,"4,326","175,919",203,"33,622",0.16,0.99,0.98
0.03,585,32,0.05,"4,911","175,334",235,"33,590",0.16,0.99,0.98
0.04,827,43,0.05,"5,738","174,507",278,"33,547",0.16,0.99,0.97
0.05,"1,151",61,0.05,"6,889","173,356",339,"33,486",0.16,0.99,0.97
0.06,"1,190",57,0.05,"8,079","172,166",396,"33,429",0.16,0.99,0.96
0.07,"1,110",70,0.06,"9,189","171,056",466,"33,359",0.16,0.99,0.95
0.08,570,24,0.04,"9,759","170,486",490,"33,335",0.16,0.99,0.95
0.09,"1,072",65,0.06,"10,831","169,414",555,"33,270",0.16,0.98,0.95
0.1,"1,523",96,0.06,"12,354","167,891",651,"33,174",0.16,0.98,0.94
0.11,984,49,0.05,"13,338","166,907",700,"33,125",0.17,0.98,0.93
0.12,"1,303",90,0.06,"14,641","165,604",790,"33,035",0.17,0.98,0.93
0.13,"1,826",107,0.06,"16,467","163,778",897,"32,928",0.17,0.97,0.92
0.14,"1,548",90,0.05,"18,015","162,230",987,"32,838",0.17,0.97,0.91
0.15,"1,509",83,0.05,"19,524","160,721","1,070","32,755",0.17,0.97,0.90
0.16,911,55,0.06,"20,435","159,810","1,125","32,700",0.17,0.97,0.90
0.17,"1,502",110,0.07,"21,937","158,308","1,235","32,590",0.17,0.96,0.89
0.18,"2,178",165,0.07,"24,115","156,130","1,400","32,425",0.17,0.96,0.88
0.19,"1,459",113,0.07,"25,574","154,671","1,513","32,312",0.17,0.96,0.87
0.2,"1,238",90,0.07,"26,812","153,433","1,603","32,222",0.17,0.95,0.87
0.21,"1,617",122,0.07,"28,429","151,816","1,725","32,100",0.17,0.95,0.86
0.22,"1,345",97,0.07,"29,774","150,471","1,822","32,003",0.18,0.95,0.85
0.23,"1,272",96,0.07,"31,046","149,199","1,918","31,907",0.18,0.94,0.85
0.24,"1,546",103,0.06,"32,592","147,653","2,021","31,804",0.18,0.94,0.84
0.25,"1,181",121,0.09,"33,773","146,472","2,142","31,683",0.18,0.94,0.83
0.26,973,83,0.08,"34,746","145,499","2,225","31,600",0.18,0.93,0.83
0.27,"1,367",125,0.08,"36,113","144,132","2,350","31,475",0.18,0.93,0.82
0.28,"1,506",133,0.08,"37,619","142,626","2,483","31,342",0.18,0.93,0.81
0.29,"1,485",168,0.10,"39,104","141,141","2,651","31,174",0.18,0.92,0.80
0.3,"1,655",195,0.11,"40,759","139,486","2,846","30,979",0.18,0.92,0.80
0.31,"1,305",139,0.10,"42,064","138,181","2,985","30,840",0.18,0.91,0.79
0.32,"1,969",199,0.09,"44,033","136,212","3,184","30,641",0.18,0.91,0.78
0.33,"1,863",198,0.10,"45,896","134,349","3,382","30,443",0.18,0.90,0.77
0.34,"2,074",263,0.11,"47,970","132,275","3,645","30,180",0.19,0.89,0.76
0.35,"1,977",231,0.10,"49,947","130,298","3,876","29,949",0.19,0.89,0.75
0.36,"2,190",252,0.10,"52,137","128,108","4,128","29,697",0.19,0.88,0.74
0.37,"2,759",327,0.11,"54,896","125,349","4,455","29,370",0.19,0.87,0.72
0.38,"2,540",301,0.11,"57,436","122,809","4,756","29,069",0.19,0.86,0.71
0.39,"2,761",344,0.11,"60,197","120,048","5,100","28,725",0.19,0.85,0.69
0.4,"2,672",317,0.11,"62,869","117,376","5,417","28,408",0.19,0.84,0.68
0.41,"3,188",431,0.12,"66,057","114,188","5,848","27,977",0.20,0.83,0.66
0.42,"3,208",457,0.12,"69,265","110,980","6,305","27,520",0.20,0.81,0.65
0.43,"3,538",556,0.14,"72,803","107,442","6,861","26,964",0.20,0.80,0.63
0.44,"3,493",458,0.12,"76,296","103,949","7,319","26,506",0.20,0.78,0.61
0.45,"3,832",622,0.14,"80,128","100,117","7,941","25,884",0.21,0.77,0.59
0.46,"3,599",589,0.14,"83,727","96,518","8,530","25,295",0.21,0.75,0.57
0.47,"3,484",499,0.13,"87,211","93,034","9,029","24,796",0.21,0.73,0.55
0.48,"3,408",545,0.14,"90,619","89,626","9,574","24,251",0.21,0.72,0.53
0.49,"3,093",519,0.14,"93,712","86,533","10,093","23,732",0.22,0.70,0.52
0.5,"3,599",582,0.14,"97,311","82,934","10,675","23,150",0.22,0.68,0.50
0.51,"4,097",771,0.16,"101,408","78,837","11,446","22,379",0.22,0.66,0.47
0.52,"3,583",618,0.15,"104,991","75,254","12,064","21,761",0.22,0.64,0.45
0.53,"3,004",581,0.16,"107,995","72,250","12,645","21,180",0.23,0.63,0.44
0.54,"3,676",679,0.16,"111,671","68,574","13,324","20,501",0.23,0.61,0.42
0.55,"3,210",640,0.17,"114,881","65,364","13,964","19,861",0.23,0.59,0.40
0.56,"2,954",578,0.16,"117,835","62,410","14,542","19,283",0.24,0.57,0.38
0.57,"2,290",452,0.16,"120,125","60,120","14,994","18,831",0.24,0.56,0.37
0.58,"2,626",495,0.16,"122,751","57,494","15,489","18,336",0.24,0.54,0.35
0.59,"2,508",518,0.17,"125,259","54,986","16,007","17,818",0.24,0.53,0.34
0.6,"2,313",512,0.18,"127,572","52,673","16,519","17,306",0.25,0.51,0.33
0.61,"2,166",500,0.19,"129,738","50,507","17,019","16,806",0.25,0.50,0.31
0.62,"2,759",638,0.19,"132,497","47,748","17,657","16,168",0.25,0.48,0.30
0.63,"2,150",537,0.20,"134,647","45,598","18,194","15,631",0.26,0.46,0.29
0.64,"2,320",610,0.21,"136,967","43,278","18,804","15,021",0.26,0.44,0.27
0.65,"1,867",437,0.19,"138,834","41,411","19,241","14,584",0.26,0.43,0.26
0.66,"1,756",425,0.19,"140,590","39,655","19,666","14,159",0.26,0.42,0.25
0.67,"2,046",541,0.21,"142,636","37,609","20,207","13,618",0.27,0.40,0.24
0.68,"1,783",452,0.20,"144,419","35,826","20,659","13,166",0.27,0.39,0.23
0.69,"2,305",683,0.23,"146,724","33,521","21,342","12,483",0.27,0.37,0.21
0.7,"1,898",539,0.22,"148,622","31,623","21,881","11,944",0.27,0.35,0.20
0.71,"1,878",526,0.22,"150,500","29,745","22,407","11,418",0.28,0.34,0.19
0.72,"1,634",497,0.23,"152,134","28,111","22,904","10,921",0.28,0.32,0.18
0.73,"1,663",518,0.24,"153,797","26,448","23,422","10,403",0.28,0.31,0.17
0.74,"1,388",479,0.26,"155,185","25,060","23,901","9,924",0.28,0.29,0.16
0.75,"1,625",497,0.23,"156,810","23,435","24,398","9,427",0.29,0.28,0.15
0.76,"1,397",420,0.23,"158,207","22,038","24,818","9,007",0.29,0.27,0.15
0.77,"1,555",490,0.24,"159,762","20,483","25,308","8,517",0.29,0.25,0.14
0.78,"1,358",454,0.25,"161,120","19,125","25,762","8,063",0.30,0.24,0.13
0.79,"1,788",580,0.24,"162,908","17,337","26,342","7,483",0.30,0.22,0.12
0.8,"1,452",508,0.26,"164,360","15,885","26,850","6,975",0.31,0.21,0.11
0.81,"1,463",523,0.26,"165,823","14,422","27,373","6,452",0.31,0.19,0.10
0.82,"1,488",481,0.24,"167,311","12,934","27,854","5,971",0.32,0.18,0.09
0.83,"1,308",550,0.30,"168,619","11,626","28,404","5,421",0.32,0.16,0.08
0.84,"1,080",436,0.29,"169,699","10,546","28,840","4,985",0.32,0.15,0.07
0.85,"1,153",455,0.28,"170,852","9,393","29,295","4,530",0.33,0.13,0.07
0.86,"1,163",446,0.28,"172,015","8,230","29,741","4,084",0.33,0.12,0.06
0.87,"1,013",480,0.32,"173,028","7,217","30,221","3,604",0.33,0.11,0.05
0.88,752,312,0.29,"173,780","6,465","30,533","3,292",0.34,0.10,0.05
0.89,782,321,0.29,"174,562","5,683","30,854","2,971",0.34,0.09,0.04
0.9,776,345,0.31,"175,338","4,907","31,199","2,626",0.35,0.08,0.04
0.91,705,337,0.32,"176,043","4,202","31,536","2,289",0.35,0.07,0.03
0.92,599,318,0.35,"176,642","3,603","31,854","1,971",0.35,0.06,0.03
0.93,499,264,0.35,"177,141","3,104","32,118","1,707",0.35,0.05,0.02
0.94,543,246,0.31,"177,684","2,561","32,364","1,461",0.36,0.04,0.02
0.95,440,241,0.35,"178,124","2,121","32,605","1,220",0.37,0.04,0.02
0.96,357,160,0.31,"178,481","1,764","32,765","1,060",0.38,0.03,0.01
0.97,261,143,0.35,"178,742","1,503","32,908",917,0.38,0.03,0.01
0.98,259,161,0.38,"179,001","1,244","33,069",756,0.38,0.02,0.01
0.99,229,98,0.30,"179,230","1,015","33,167",658,0.39,0.02,0.01
1.0,"1,015",658,0.39,"180,245",0,"33,825",0,nan,0.00,0.00
