p,Neg,Pos,mPrec,TN,FP,FN,TP,Prec,Rec,$\hat{p}$
0.0,0,0,nan,0,"420,570",0,"78,926",0.16,1.00,1.00
0.1,0,0,nan,0,"420,570",0,"78,926",0.16,1.00,1.00
0.2,413,8,0.02,413,"420,157",8,"78,918",0.16,1.00,1.00
0.3,"32,138","1,420",0.04,"32,551","388,019","1,428","77,498",0.17,0.98,0.93
0.4,"79,997","6,543",0.08,"112,548","308,022","7,971","70,955",0.19,0.90,0.76
0.5,"167,668","25,614",0.13,"280,216","140,354","33,585","45,341",0.24,0.57,0.37
0.6,"106,522","29,172",0.21,"386,738","33,832","62,757","16,169",0.32,0.20,0.10
0.7,"32,976","15,447",0.32,"419,714",856,"78,204",722,0.46,0.01,0.00
0.8,852,722,0.46,"420,566",4,"78,926",0,0.00,0.00,0.00
0.9,4,0,0.00,"420,570",0,"78,926",0,nan,0.00,0.00
1.0,0,0,nan,"420,570",0,"78,926",0,nan,0.00,0.00
