p,Neg,Pos,mPrec,TN,FP,FN,TP,Prec,Rec,$\hat{p}$
0.0,2,1,0.33,2,"180,243",1,"33,824",0.16,1.00,1.00
0.1,266,7,0.03,268,"179,977",8,"33,817",0.16,1.00,1.00
0.2,"5,327",240,0.04,"5,595","174,650",248,"33,577",0.16,0.99,0.97
0.3,"19,551","1,202",0.06,"25,146","155,099","1,450","32,375",0.17,0.96,0.88
0.4,"23,922","2,275",0.09,"49,068","131,177","3,725","30,100",0.19,0.89,0.75
0.5,"44,547","6,343",0.12,"93,615","86,630","10,068","23,757",0.22,0.70,0.52
0.6,"44,409","8,916",0.17,"138,024","42,221","18,984","14,841",0.26,0.44,0.27
0.7,"27,228","8,164",0.23,"165,252","14,993","27,148","6,677",0.31,0.20,0.10
0.8,"13,248","5,621",0.30,"178,500","1,745","32,769","1,056",0.38,0.03,0.01
0.9,"1,654",988,0.37,"180,154",91,"33,757",68,0.43,0.00,0.00
1.0,91,68,0.43,"180,245",0,"33,825",0,nan,0.00,0.00
