p,Neg,Pos,mPrec,TN,FP,FN,TP,Prec,Rec,$\hat{p}$
0.0,"10,515",144,0.01,"10,515","410,055",144,"78,782",0.16,1.00,0.98
0.01,"1,358",34,0.02,"11,873","408,697",178,"78,748",0.16,1.00,0.98
0.02,"1,403",29,0.02,"13,276","407,294",207,"78,719",0.16,1.00,0.97
0.03,"1,591",27,0.02,"14,867","405,703",234,"78,692",0.16,1.00,0.97
0.04,"1,744",43,0.02,"16,611","403,959",277,"78,649",0.16,1.00,0.97
0.05,"1,875",38,0.02,"18,486","402,084",315,"78,611",0.16,1.00,0.96
0.06,"2,082",55,0.03,"20,568","400,002",370,"78,556",0.16,1.00,0.96
0.07,"2,053",48,0.02,"22,621","397,949",418,"78,508",0.16,0.99,0.95
0.08,"2,141",53,0.02,"24,762","395,808",471,"78,455",0.17,0.99,0.95
0.09,"2,420",71,0.03,"27,182","393,388",542,"78,384",0.17,0.99,0.94
0.1,"2,625",80,0.03,"29,807","390,763",622,"78,304",0.17,0.99,0.94
0.11,"2,669",95,0.03,"32,476","388,094",717,"78,209",0.17,0.99,0.93
0.12,"2,939",116,0.04,"35,415","385,155",833,"78,093",0.17,0.99,0.93
0.13,"3,025",110,0.04,"38,440","382,130",943,"77,983",0.17,0.99,0.92
0.14,"3,136",108,0.03,"41,576","378,994","1,051","77,875",0.17,0.99,0.91
0.15,"3,456",119,0.03,"45,032","375,538","1,170","77,756",0.17,0.99,0.91
0.16,"3,638",150,0.04,"48,670","371,900","1,320","77,606",0.17,0.98,0.90
0.17,"3,687",184,0.05,"52,357","368,213","1,504","77,422",0.17,0.98,0.89
0.18,"3,873",182,0.04,"56,230","364,340","1,686","77,240",0.17,0.98,0.88
0.19,"4,356",200,0.04,"60,586","359,984","1,886","77,040",0.18,0.98,0.87
0.2,"4,501",230,0.05,"65,087","355,483","2,116","76,810",0.18,0.97,0.87
0.21,"4,620",222,0.05,"69,707","350,863","2,338","76,588",0.18,0.97,0.86
0.22,"4,907",266,0.05,"74,614","345,956","2,604","76,322",0.18,0.97,0.85
0.23,"5,034",258,0.05,"79,648","340,922","2,862","76,064",0.18,0.96,0.83
0.24,"5,130",302,0.06,"84,778","335,792","3,164","75,762",0.18,0.96,0.82
0.25,"5,478",334,0.06,"90,256","330,314","3,498","75,428",0.19,0.96,0.81
0.26,"5,665",383,0.06,"95,921","324,649","3,881","75,045",0.19,0.95,0.80
0.27,"5,965",407,0.06,"101,886","318,684","4,288","74,638",0.19,0.95,0.79
0.28,"5,856",409,0.07,"107,742","312,828","4,697","74,229",0.19,0.94,0.77
0.29,"6,223",475,0.07,"113,965","306,605","5,172","73,754",0.19,0.93,0.76
0.3,"6,554",501,0.07,"120,519","300,051","5,673","73,253",0.20,0.93,0.75
0.31,"6,675",579,0.08,"127,194","293,376","6,252","72,674",0.20,0.92,0.73
0.32,"6,711",607,0.08,"133,905","286,665","6,859","72,067",0.20,0.91,0.72
0.33,"6,889",602,0.08,"140,794","279,776","7,461","71,465",0.20,0.91,0.70
0.34,"7,233",675,0.09,"148,027","272,543","8,136","70,790",0.21,0.90,0.69
0.35,"7,091",659,0.09,"155,118","265,452","8,795","70,131",0.21,0.89,0.67
0.36,"7,338",757,0.09,"162,456","258,114","9,552","69,374",0.21,0.88,0.66
0.37,"7,321",743,0.09,"169,777","250,793","10,295","68,631",0.21,0.87,0.64
0.38,"7,683",819,0.10,"177,460","243,110","11,114","67,812",0.22,0.86,0.62
0.39,"7,724",850,0.10,"185,184","235,386","11,964","66,962",0.22,0.85,0.61
0.4,"7,610",852,0.10,"192,794","227,776","12,816","66,110",0.22,0.84,0.59
0.41,"7,602",938,0.11,"200,396","220,174","13,754","65,172",0.23,0.83,0.57
0.42,"7,699","1,020",0.12,"208,095","212,475","14,774","64,152",0.23,0.81,0.55
0.43,"7,773","1,006",0.11,"215,868","204,702","15,780","63,146",0.24,0.80,0.54
0.44,"7,783","1,116",0.13,"223,651","196,919","16,896","62,030",0.24,0.79,0.52
0.45,"7,805","1,109",0.12,"231,456","189,114","18,005","60,921",0.24,0.77,0.50
0.46,"7,690","1,173",0.13,"239,146","181,424","19,178","59,748",0.25,0.76,0.48
0.47,"7,764","1,180",0.13,"246,910","173,660","20,358","58,568",0.25,0.74,0.46
0.48,"7,504","1,240",0.14,"254,414","166,156","21,598","57,328",0.26,0.73,0.45
0.49,"7,584","1,261",0.14,"261,998","158,572","22,859","56,067",0.26,0.71,0.43
0.5,"7,309","1,295",0.15,"269,307","151,263","24,154","54,772",0.27,0.69,0.41
0.51,"7,144","1,314",0.16,"276,451","144,119","25,468","53,458",0.27,0.68,0.40
0.52,"6,911","1,329",0.16,"283,362","137,208","26,797","52,129",0.28,0.66,0.38
0.53,"6,792","1,346",0.17,"290,154","130,416","28,143","50,783",0.28,0.64,0.36
0.54,"6,672","1,384",0.17,"296,826","123,744","29,527","49,399",0.29,0.63,0.35
0.55,"6,617","1,386",0.17,"303,443","117,127","30,913","48,013",0.29,0.61,0.33
0.56,"6,361","1,322",0.17,"309,804","110,766","32,235","46,691",0.30,0.59,0.32
0.57,"6,430","1,438",0.18,"316,234","104,336","33,673","45,253",0.30,0.57,0.30
0.58,"5,926","1,413",0.19,"322,160","98,410","35,086","43,840",0.31,0.56,0.28
0.59,"6,034","1,413",0.19,"328,194","92,376","36,499","42,427",0.31,0.54,0.27
0.6,"5,761","1,447",0.20,"333,955","86,615","37,946","40,980",0.32,0.52,0.26
0.61,"5,506","1,455",0.21,"339,461","81,109","39,401","39,525",0.33,0.50,0.24
0.62,"5,232","1,367",0.21,"344,693","75,877","40,768","38,158",0.33,0.48,0.23
0.63,"4,911","1,460",0.23,"349,604","70,966","42,228","36,698",0.34,0.46,0.22
0.64,"4,708","1,429",0.23,"354,312","66,258","43,657","35,269",0.35,0.45,0.20
0.65,"4,614","1,402",0.23,"358,926","61,644","45,059","33,867",0.35,0.43,0.19
0.66,"4,148","1,461",0.26,"363,074","57,496","46,520","32,406",0.36,0.41,0.18
0.67,"4,175","1,344",0.24,"367,249","53,321","47,864","31,062",0.37,0.39,0.17
0.68,"3,862","1,315",0.25,"371,111","49,459","49,179","29,747",0.38,0.38,0.16
0.69,"3,444","1,291",0.27,"374,555","46,015","50,470","28,456",0.38,0.36,0.15
0.7,"3,398","1,277",0.27,"377,953","42,617","51,747","27,179",0.39,0.34,0.14
0.71,"3,261","1,263",0.28,"381,214","39,356","53,010","25,916",0.40,0.33,0.13
0.72,"2,997","1,252",0.29,"384,211","36,359","54,262","24,664",0.40,0.31,0.12
0.73,"2,774","1,212",0.30,"386,985","33,585","55,474","23,452",0.41,0.30,0.11
0.74,"2,605","1,171",0.31,"389,590","30,980","56,645","22,281",0.42,0.28,0.11
0.75,"2,454","1,106",0.31,"392,044","28,526","57,751","21,175",0.43,0.27,0.10
0.76,"2,310","1,052",0.31,"394,354","26,216","58,803","20,123",0.43,0.25,0.09
0.77,"2,192","1,002",0.31,"396,546","24,024","59,805","19,121",0.44,0.24,0.09
0.78,"2,029","1,094",0.35,"398,575","21,995","60,899","18,027",0.45,0.23,0.08
0.79,"1,854",985,0.35,"400,429","20,141","61,884","17,042",0.46,0.22,0.07
0.8,"1,826","1,009",0.36,"402,255","18,315","62,893","16,033",0.47,0.20,0.07
0.81,"1,639",931,0.36,"403,894","16,676","63,824","15,102",0.48,0.19,0.06
0.82,"1,521",924,0.38,"405,415","15,155","64,748","14,178",0.48,0.18,0.06
0.83,"1,409",925,0.40,"406,824","13,746","65,673","13,253",0.49,0.17,0.05
0.84,"1,335",888,0.40,"408,159","12,411","66,561","12,365",0.50,0.16,0.05
0.85,"1,255",800,0.39,"409,414","11,156","67,361","11,565",0.51,0.15,0.05
0.86,"1,203",898,0.43,"410,617","9,953","68,259","10,667",0.52,0.14,0.04
0.87,"1,061",782,0.42,"411,678","8,892","69,041","9,885",0.53,0.13,0.04
0.88,993,835,0.46,"412,671","7,899","69,876","9,050",0.53,0.11,0.03
0.89,964,757,0.44,"413,635","6,935","70,633","8,293",0.54,0.11,0.03
0.9,793,797,0.50,"414,428","6,142","71,430","7,496",0.55,0.09,0.03
0.91,767,760,0.50,"415,195","5,375","72,190","6,736",0.56,0.09,0.02
0.92,716,700,0.49,"415,911","4,659","72,890","6,036",0.56,0.08,0.02
0.93,664,641,0.49,"416,575","3,995","73,531","5,395",0.57,0.07,0.02
0.94,582,598,0.51,"417,157","3,413","74,129","4,797",0.58,0.06,0.02
0.95,508,546,0.52,"417,665","2,905","74,675","4,251",0.59,0.05,0.01
0.96,469,509,0.52,"418,134","2,436","75,184","3,742",0.61,0.05,0.01
0.97,404,520,0.56,"418,538","2,032","75,704","3,222",0.61,0.04,0.01
0.98,380,476,0.56,"418,918","1,652","76,180","2,746",0.62,0.03,0.01
0.99,307,426,0.58,"419,225","1,345","76,606","2,320",0.63,0.03,0.01
1.0,"1,345","2,320",0.63,"420,570",0,"78,926",0,nan,0.00,0.00
