p,Neg,Pos,mPrec,TN,FP,FN,TP,Prec,Rec,$\hat{p}$
0.0,"1,803",11,0.01,"1,803","178,442",11,"33,814",0.16,1.00,0.99
0.1,"43,729","1,267",0.03,"45,532","134,713","1,278","32,547",0.19,0.96,0.78
0.2,"51,997","4,221",0.08,"97,529","82,716","5,499","28,326",0.26,0.84,0.52
0.3,"37,701","6,169",0.14,"135,230","45,015","11,668","22,157",0.33,0.66,0.31
0.4,"22,272","6,223",0.22,"157,502","22,743","17,891","15,934",0.41,0.47,0.18
0.5,"11,533","4,924",0.30,"169,035","11,210","22,815","11,010",0.50,0.33,0.10
0.6,"5,769","3,647",0.39,"174,804","5,441","26,462","7,363",0.58,0.22,0.06
0.7,"2,854","2,565",0.47,"177,658","2,587","29,027","4,798",0.65,0.14,0.03
0.8,"1,429","1,935",0.58,"179,087","1,158","30,962","2,863",0.71,0.08,0.02
0.9,746,"1,571",0.68,"179,833",412,"32,533","1,292",0.76,0.04,0.01
1.0,412,"1,292",0.76,"180,245",0,"33,825",0,nan,0.00,0.00
