p,Neg,Pos,mPrec,TN,FP,FN,TP,Prec,Rec,$\hat{p}$
0.0,"2,332",11,0.00,"2,332","177,913",11,"33,814",0.16,1.00,0.99
0.01,787,12,0.02,"3,119","177,126",23,"33,802",0.16,1.00,0.99
0.02,888,7,0.01,"4,007","176,238",30,"33,795",0.16,1.00,0.98
0.03,"1,062",9,0.01,"5,069","175,176",39,"33,786",0.16,1.00,0.98
0.04,"1,147",8,0.01,"6,216","174,029",47,"33,778",0.16,1.00,0.97
0.05,"1,329",12,0.01,"7,545","172,700",59,"33,766",0.16,1.00,0.96
0.06,"1,447",15,0.01,"8,992","171,253",74,"33,751",0.16,1.00,0.96
0.07,"1,453",29,0.02,"10,445","169,800",103,"33,722",0.17,1.00,0.95
0.08,"1,618",18,0.01,"12,063","168,182",121,"33,704",0.17,1.00,0.94
0.09,"1,760",39,0.02,"13,823","166,422",160,"33,665",0.17,1.00,0.93
0.1,"1,804",35,0.02,"15,627","164,618",195,"33,630",0.17,0.99,0.93
0.11,"1,865",38,0.02,"17,492","162,753",233,"33,592",0.17,0.99,0.92
0.12,"2,107",35,0.02,"19,599","160,646",268,"33,557",0.17,0.99,0.91
0.13,"2,145",70,0.03,"21,744","158,501",338,"33,487",0.17,0.99,0.90
0.14,"2,202",53,0.02,"23,946","156,299",391,"33,434",0.18,0.99,0.89
0.15,"2,174",58,0.03,"26,120","154,125",449,"33,376",0.18,0.99,0.88
0.16,"2,351",72,0.03,"28,471","151,774",521,"33,304",0.18,0.98,0.86
0.17,"2,377",81,0.03,"30,848","149,397",602,"33,223",0.18,0.98,0.85
0.18,"2,390",72,0.03,"33,238","147,007",674,"33,151",0.18,0.98,0.84
0.19,"2,513",92,0.04,"35,751","144,494",766,"33,059",0.19,0.98,0.83
0.2,"2,567",96,0.04,"38,318","141,927",862,"32,963",0.19,0.97,0.82
0.21,"2,557",140,0.05,"40,875","139,370","1,002","32,823",0.19,0.97,0.80
0.22,"2,612",125,0.05,"43,487","136,758","1,127","32,698",0.19,0.97,0.79
0.23,"2,674",145,0.05,"46,161","134,084","1,272","32,553",0.20,0.96,0.78
0.24,"2,758",137,0.05,"48,919","131,326","1,409","32,416",0.20,0.96,0.76
0.25,"2,792",157,0.05,"51,711","128,534","1,566","32,259",0.20,0.95,0.75
0.26,"2,738",153,0.05,"54,449","125,796","1,719","32,106",0.20,0.95,0.74
0.27,"2,978",192,0.06,"57,427","122,818","1,911","31,914",0.21,0.94,0.72
0.28,"2,860",196,0.06,"60,287","119,958","2,107","31,718",0.21,0.94,0.71
0.29,"2,970",237,0.07,"63,257","116,988","2,344","31,481",0.21,0.93,0.69
0.3,"2,960",203,0.06,"66,217","114,028","2,547","31,278",0.22,0.92,0.68
0.31,"3,096",207,0.06,"69,313","110,932","2,754","31,071",0.22,0.92,0.66
0.32,"3,028",245,0.07,"72,341","107,904","2,999","30,826",0.22,0.91,0.65
0.33,"3,039",243,0.07,"75,380","104,865","3,242","30,583",0.23,0.90,0.63
0.34,"3,104",245,0.07,"78,484","101,761","3,487","30,338",0.23,0.90,0.62
0.35,"3,249",279,0.08,"81,733","98,512","3,766","30,059",0.23,0.89,0.60
0.36,"3,034",297,0.09,"84,767","95,478","4,063","29,762",0.24,0.88,0.59
0.37,"3,121",298,0.09,"87,888","92,357","4,361","29,464",0.24,0.87,0.57
0.38,"3,131",366,0.10,"91,019","89,226","4,727","29,098",0.25,0.86,0.55
0.39,"3,250",365,0.10,"94,269","85,976","5,092","28,733",0.25,0.85,0.54
0.4,"3,197",345,0.10,"97,466","82,779","5,437","28,388",0.26,0.84,0.52
0.41,"3,025",376,0.11,"100,491","79,754","5,813","28,012",0.26,0.83,0.50
0.42,"3,077",382,0.11,"103,568","76,677","6,195","27,630",0.26,0.82,0.49
0.43,"3,045",377,0.11,"106,613","73,632","6,572","27,253",0.27,0.81,0.47
0.44,"3,041",422,0.12,"109,654","70,591","6,994","26,831",0.28,0.79,0.46
0.45,"3,002",482,0.14,"112,656","67,589","7,476","26,349",0.28,0.78,0.44
0.46,"2,990",467,0.14,"115,646","64,599","7,943","25,882",0.29,0.77,0.42
0.47,"2,830",489,0.15,"118,476","61,769","8,432","25,393",0.29,0.75,0.41
0.48,"2,963",493,0.14,"121,439","58,806","8,925","24,900",0.30,0.74,0.39
0.49,"2,872",484,0.14,"124,311","55,934","9,409","24,416",0.30,0.72,0.38
0.5,"2,779",523,0.16,"127,090","53,155","9,932","23,893",0.31,0.71,0.36
0.51,"2,764",567,0.17,"129,854","50,391","10,499","23,326",0.32,0.69,0.34
0.52,"2,649",545,0.17,"132,503","47,742","11,044","22,781",0.32,0.67,0.33
0.53,"2,617",592,0.18,"135,120","45,125","11,636","22,189",0.33,0.66,0.31
0.54,"2,521",607,0.19,"137,641","42,604","12,243","21,582",0.34,0.64,0.30
0.55,"2,503",605,0.19,"140,144","40,101","12,848","20,977",0.34,0.62,0.29
0.56,"2,381",616,0.21,"142,525","37,720","13,464","20,361",0.35,0.60,0.27
0.57,"2,186",647,0.23,"144,711","35,534","14,111","19,714",0.36,0.58,0.26
0.58,"2,253",619,0.22,"146,964","33,281","14,730","19,095",0.36,0.56,0.24
0.59,"2,157",603,0.22,"149,121","31,124","15,333","18,492",0.37,0.55,0.23
0.6,"2,091",645,0.24,"151,212","29,033","15,978","17,847",0.38,0.53,0.22
0.61,"2,010",647,0.24,"153,222","27,023","16,625","17,200",0.39,0.51,0.21
0.62,"1,871",604,0.24,"155,093","25,152","17,229","16,596",0.40,0.49,0.20
0.63,"1,840",639,0.26,"156,933","23,312","17,868","15,957",0.41,0.47,0.18
0.64,"1,736",608,0.26,"158,669","21,576","18,476","15,349",0.42,0.45,0.17
0.65,"1,626",569,0.26,"160,295","19,950","19,045","14,780",0.43,0.44,0.16
0.66,"1,576",624,0.28,"161,871","18,374","19,669","14,156",0.44,0.42,0.15
0.67,"1,474",579,0.28,"163,345","16,900","20,248","13,577",0.45,0.40,0.14
0.68,"1,429",591,0.29,"164,774","15,471","20,839","12,986",0.46,0.38,0.13
0.69,"1,314",601,0.31,"166,088","14,157","21,440","12,385",0.47,0.37,0.12
0.7,"1,180",564,0.32,"167,268","12,977","22,004","11,821",0.48,0.35,0.12
0.71,"1,138",539,0.32,"168,406","11,839","22,543","11,282",0.49,0.33,0.11
0.72,"1,019",539,0.35,"169,425","10,820","23,082","10,743",0.50,0.32,0.10
0.73,918,593,0.39,"170,343","9,902","23,675","10,150",0.51,0.30,0.09
0.74,895,570,0.39,"171,238","9,007","24,245","9,580",0.52,0.28,0.09
0.75,888,489,0.36,"172,126","8,119","24,734","9,091",0.53,0.27,0.08
0.76,761,469,0.38,"172,887","7,358","25,203","8,622",0.54,0.25,0.07
0.77,741,461,0.38,"173,628","6,617","25,664","8,161",0.55,0.24,0.07
0.78,634,462,0.42,"174,262","5,983","26,126","7,699",0.56,0.23,0.06
0.79,636,438,0.41,"174,898","5,347","26,564","7,261",0.58,0.21,0.06
0.8,538,455,0.46,"175,436","4,809","27,019","6,806",0.59,0.20,0.05
0.81,499,467,0.48,"175,935","4,310","27,486","6,339",0.60,0.19,0.05
0.82,463,422,0.48,"176,398","3,847","27,908","5,917",0.61,0.17,0.05
0.83,448,403,0.47,"176,846","3,399","28,311","5,514",0.62,0.16,0.04
0.84,373,406,0.52,"177,219","3,026","28,717","5,108",0.63,0.15,0.04
0.85,367,420,0.53,"177,586","2,659","29,137","4,688",0.64,0.14,0.03
0.86,354,334,0.49,"177,940","2,305","29,471","4,354",0.65,0.13,0.03
0.87,294,338,0.53,"178,234","2,011","29,809","4,016",0.67,0.12,0.03
0.88,273,337,0.55,"178,507","1,738","30,146","3,679",0.68,0.11,0.03
0.89,235,325,0.58,"178,742","1,503","30,471","3,354",0.69,0.10,0.02
0.9,215,351,0.62,"178,957","1,288","30,822","3,003",0.70,0.09,0.02
0.91,206,312,0.60,"179,163","1,082","31,134","2,691",0.71,0.08,0.02
0.92,153,308,0.67,"179,316",929,"31,442","2,383",0.72,0.07,0.02
0.93,155,305,0.66,"179,471",774,"31,747","2,078",0.73,0.06,0.01
0.94,155,291,0.65,"179,626",619,"32,038","1,787",0.74,0.05,0.01
0.95,136,269,0.66,"179,762",483,"32,307","1,518",0.76,0.04,0.01
0.96,103,275,0.73,"179,865",380,"32,582","1,243",0.77,0.04,0.01
0.97,97,258,0.73,"179,962",283,"32,840",985,0.78,0.03,0.01
0.98,82,262,0.76,"180,044",201,"33,102",723,0.78,0.02,0.00
0.99,53,213,0.80,"180,097",148,"33,315",510,0.78,0.02,0.00
1.0,148,510,0.78,"180,245",0,"33,825",0,nan,0.00,0.00
