p,Neg,Pos,mPrec,TN,FP,FN,TP,Prec,Rec,$\hat{p}$
0.0,0,0,nan,0,"180,245",0,"33,825",0.16,1.00,1.00
0.01,0,0,nan,0,"180,245",0,"33,825",0.16,1.00,1.00
0.02,0,0,nan,0,"180,245",0,"33,825",0.16,1.00,1.00
0.03,0,0,nan,0,"180,245",0,"33,825",0.16,1.00,1.00
0.04,0,0,nan,0,"180,245",0,"33,825",0.16,1.00,1.00
0.05,0,0,nan,0,"180,245",0,"33,825",0.16,1.00,1.00
0.06,0,0,nan,0,"180,245",0,"33,825",0.16,1.00,1.00
0.07,0,0,nan,0,"180,245",0,"33,825",0.16,1.00,1.00
0.08,0,0,nan,0,"180,245",0,"33,825",0.16,1.00,1.00
0.09,0,0,nan,0,"180,245",0,"33,825",0.16,1.00,1.00
0.1,0,0,nan,0,"180,245",0,"33,825",0.16,1.00,1.00
0.11,0,0,nan,0,"180,245",0,"33,825",0.16,1.00,1.00
0.12,1,0,0.00,1,"180,244",0,"33,825",0.16,1.00,1.00
0.13,7,0,0.00,8,"180,237",0,"33,825",0.16,1.00,1.00
0.14,9,2,0.18,17,"180,228",2,"33,823",0.16,1.00,1.00
0.15,6,0,0.00,23,"180,222",2,"33,823",0.16,1.00,1.00
0.16,36,1,0.03,59,"180,186",3,"33,822",0.16,1.00,1.00
0.17,16,2,0.11,75,"180,170",5,"33,820",0.16,1.00,1.00
0.18,158,8,0.05,233,"180,012",13,"33,812",0.16,1.00,1.00
0.19,51,8,0.14,284,"179,961",21,"33,804",0.16,1.00,1.00
0.2,72,2,0.03,356,"179,889",23,"33,802",0.16,1.00,1.00
0.21,211,3,0.01,567,"179,678",26,"33,799",0.16,1.00,1.00
0.22,231,5,0.02,798,"179,447",31,"33,794",0.16,1.00,1.00
0.23,386,13,0.03,"1,184","179,061",44,"33,781",0.16,1.00,0.99
0.24,320,11,0.03,"1,504","178,741",55,"33,770",0.16,1.00,0.99
0.25,975,41,0.04,"2,479","177,766",96,"33,729",0.16,1.00,0.99
0.26,"1,078",59,0.05,"3,557","176,688",155,"33,670",0.16,1.00,0.98
0.27,"1,875",101,0.05,"5,432","174,813",256,"33,569",0.16,0.99,0.97
0.28,"1,902",110,0.05,"7,334","172,911",366,"33,459",0.16,0.99,0.96
0.29,"2,259",116,0.05,"9,593","170,652",482,"33,343",0.16,0.99,0.95
0.3,"3,293",193,0.06,"12,886","167,359",675,"33,150",0.17,0.98,0.94
0.31,"3,439",227,0.06,"16,325","163,920",902,"32,923",0.17,0.97,0.92
0.32,"3,957",258,0.06,"20,282","159,963","1,160","32,665",0.17,0.97,0.90
0.33,"3,513",268,0.07,"23,795","156,450","1,428","32,397",0.17,0.96,0.88
0.34,"3,646",314,0.08,"27,441","152,804","1,742","32,083",0.17,0.95,0.86
0.35,"3,473",290,0.08,"30,914","149,331","2,032","31,793",0.18,0.94,0.85
0.36,"3,545",291,0.08,"34,459","145,786","2,323","31,502",0.18,0.93,0.83
0.37,"3,221",318,0.09,"37,680","142,565","2,641","31,184",0.18,0.92,0.81
0.38,"3,702",397,0.10,"41,382","138,863","3,038","30,787",0.18,0.91,0.79
0.39,"4,585",498,0.10,"45,967","134,278","3,536","30,289",0.18,0.90,0.77
0.4,"5,265",586,0.10,"51,232","129,013","4,122","29,703",0.19,0.88,0.74
0.41,"6,341",761,0.11,"57,573","122,672","4,883","28,942",0.19,0.86,0.71
0.42,"6,527",863,0.12,"64,100","116,145","5,746","28,079",0.19,0.83,0.67
0.43,"7,875","1,110",0.12,"71,975","108,270","6,856","26,969",0.20,0.80,0.63
0.44,"7,532","1,112",0.13,"79,507","100,738","7,968","25,857",0.20,0.76,0.59
0.45,"7,950","1,227",0.13,"87,457","92,788","9,195","24,630",0.21,0.73,0.55
0.46,"7,586","1,188",0.14,"95,043","85,202","10,383","23,442",0.22,0.69,0.51
0.47,"7,408","1,306",0.15,"102,451","77,794","11,689","22,136",0.22,0.65,0.47
0.48,"7,193","1,248",0.15,"109,644","70,601","12,937","20,888",0.23,0.62,0.43
0.49,"7,367","1,418",0.16,"117,011","63,234","14,355","19,470",0.24,0.58,0.39
0.5,"7,202","1,457",0.17,"124,213","56,032","15,812","18,013",0.24,0.53,0.35
0.51,"6,352","1,392",0.18,"130,565","49,680","17,204","16,621",0.25,0.49,0.31
0.52,"5,895","1,421",0.19,"136,460","43,785","18,625","15,200",0.26,0.45,0.28
0.53,"5,364","1,325",0.20,"141,824","38,421","19,950","13,875",0.27,0.41,0.24
0.54,"4,447","1,191",0.21,"146,271","33,974","21,141","12,684",0.27,0.37,0.22
0.55,"4,178","1,254",0.23,"150,449","29,796","22,395","11,430",0.28,0.34,0.19
0.56,"4,319","1,278",0.23,"154,768","25,477","23,673","10,152",0.28,0.30,0.17
0.57,"4,398","1,520",0.26,"159,166","21,079","25,193","8,632",0.29,0.26,0.14
0.58,"4,333","1,413",0.25,"163,499","16,746","26,606","7,219",0.30,0.21,0.11
0.59,"3,263","1,188",0.27,"166,762","13,483","27,794","6,031",0.31,0.18,0.09
0.6,"3,117","1,140",0.27,"169,879","10,366","28,934","4,891",0.32,0.14,0.07
0.61,"2,653","1,104",0.29,"172,532","7,713","30,038","3,787",0.33,0.11,0.05
0.62,"2,016",863,0.30,"174,548","5,697","30,901","2,924",0.34,0.09,0.04
0.63,"1,560",663,0.30,"176,108","4,137","31,564","2,261",0.35,0.07,0.03
0.64,"1,365",620,0.31,"177,473","2,772","32,184","1,641",0.37,0.05,0.02
0.65,756,382,0.34,"178,229","2,016","32,566","1,259",0.38,0.04,0.02
0.66,639,420,0.40,"178,868","1,377","32,986",839,0.38,0.02,0.01
0.67,528,303,0.36,"179,396",849,"33,289",536,0.39,0.02,0.01
0.68,291,163,0.36,"179,687",558,"33,452",373,0.40,0.01,0.00
0.69,152,94,0.38,"179,839",406,"33,546",279,0.41,0.01,0.00
0.7,149,89,0.37,"179,988",257,"33,635",190,0.43,0.01,0.00
0.71,113,84,0.43,"180,101",144,"33,719",106,0.42,0.00,0.00
0.72,68,45,0.40,"180,169",76,"33,764",61,0.45,0.00,0.00
0.73,20,8,0.29,"180,189",56,"33,772",53,0.49,0.00,0.00
0.74,31,30,0.49,"180,220",25,"33,802",23,0.48,0.00,0.00
0.75,13,12,0.48,"180,233",12,"33,814",11,0.48,0.00,0.00
0.76,7,8,0.53,"180,240",5,"33,822",3,0.38,0.00,0.00
0.77,5,1,0.17,"180,245",0,"33,823",2,1.00,0.00,0.00
0.78,0,2,1.00,"180,245",0,"33,825",0,nan,0.00,0.00
0.79,0,0,nan,"180,245",0,"33,825",0,nan,0.00,0.00
0.8,0,0,nan,"180,245",0,"33,825",0,nan,0.00,0.00
0.81,0,0,nan,"180,245",0,"33,825",0,nan,0.00,0.00
0.82,0,0,nan,"180,245",0,"33,825",0,nan,0.00,0.00
0.83,0,0,nan,"180,245",0,"33,825",0,nan,0.00,0.00
0.84,0,0,nan,"180,245",0,"33,825",0,nan,0.00,0.00
0.85,0,0,nan,"180,245",0,"33,825",0,nan,0.00,0.00
0.86,0,0,nan,"180,245",0,"33,825",0,nan,0.00,0.00
0.87,0,0,nan,"180,245",0,"33,825",0,nan,0.00,0.00
0.88,0,0,nan,"180,245",0,"33,825",0,nan,0.00,0.00
0.89,0,0,nan,"180,245",0,"33,825",0,nan,0.00,0.00
0.9,0,0,nan,"180,245",0,"33,825",0,nan,0.00,0.00
0.91,0,0,nan,"180,245",0,"33,825",0,nan,0.00,0.00
0.92,0,0,nan,"180,245",0,"33,825",0,nan,0.00,0.00
0.93,0,0,nan,"180,245",0,"33,825",0,nan,0.00,0.00
0.94,0,0,nan,"180,245",0,"33,825",0,nan,0.00,0.00
0.95,0,0,nan,"180,245",0,"33,825",0,nan,0.00,0.00
0.96,0,0,nan,"180,245",0,"33,825",0,nan,0.00,0.00
0.97,0,0,nan,"180,245",0,"33,825",0,nan,0.00,0.00
0.98,0,0,nan,"180,245",0,"33,825",0,nan,0.00,0.00
0.99,0,0,nan,"180,245",0,"33,825",0,nan,0.00,0.00
1.0,0,0,nan,"180,245",0,"33,825",0,nan,0.00,0.00
