p,Neg,Pos,mPrec,TN,FP,FN,TP,Prec,Rec,$\hat{p}$
0.0,"10,515",30,0.00,"10,515","410,055",30,"78,896",0.16,1.00,0.98
0.01,"2,036",12,0.01,"12,551","408,019",42,"78,884",0.16,1.00,0.97
0.02,"2,203",16,0.01,"14,754","405,816",58,"78,868",0.16,1.00,0.97
0.03,"2,347",17,0.01,"17,101","403,469",75,"78,851",0.16,1.00,0.97
0.04,"2,611",12,0.00,"19,712","400,858",87,"78,839",0.16,1.00,0.96
0.05,"2,761",28,0.01,"22,473","398,097",115,"78,811",0.17,1.00,0.95
0.06,"3,070",35,0.01,"25,543","395,027",150,"78,776",0.17,1.00,0.95
0.07,"3,273",33,0.01,"28,816","391,754",183,"78,743",0.17,1.00,0.94
0.08,"3,488",22,0.01,"32,304","388,266",205,"78,721",0.17,1.00,0.93
0.09,"3,581",49,0.01,"35,885","384,685",254,"78,672",0.17,1.00,0.93
0.1,"3,774",54,0.01,"39,659","380,911",308,"78,618",0.17,1.00,0.92
0.11,"4,120",56,0.01,"43,779","376,791",364,"78,562",0.17,1.00,0.91
0.12,"4,286",62,0.01,"48,065","372,505",426,"78,500",0.17,0.99,0.90
0.13,"4,514",59,0.01,"52,579","367,991",485,"78,441",0.18,0.99,0.89
0.14,"4,531",77,0.02,"57,110","363,460",562,"78,364",0.18,0.99,0.88
0.15,"4,812",84,0.02,"61,922","358,648",646,"78,280",0.18,0.99,0.87
0.16,"5,006",108,0.02,"66,928","353,642",754,"78,172",0.18,0.99,0.86
0.17,"5,035",106,0.02,"71,963","348,607",860,"78,066",0.18,0.99,0.85
0.18,"5,346",140,0.03,"77,309","343,261","1,000","77,926",0.19,0.99,0.84
0.19,"5,389",132,0.02,"82,698","337,872","1,132","77,794",0.19,0.99,0.83
0.2,"5,621",175,0.03,"88,319","332,251","1,307","77,619",0.19,0.98,0.82
0.21,"5,619",187,0.03,"93,938","326,632","1,494","77,432",0.19,0.98,0.81
0.22,"5,780",179,0.03,"99,718","320,852","1,673","77,253",0.19,0.98,0.80
0.23,"5,953",230,0.04,"105,671","314,899","1,903","77,023",0.20,0.98,0.78
0.24,"6,073",234,0.04,"111,744","308,826","2,137","76,789",0.20,0.97,0.77
0.25,"6,277",241,0.04,"118,021","302,549","2,378","76,548",0.20,0.97,0.76
0.26,"6,427",278,0.04,"124,448","296,122","2,656","76,270",0.20,0.97,0.75
0.27,"6,441",312,0.05,"130,889","289,681","2,968","75,958",0.21,0.96,0.73
0.28,"6,533",335,0.05,"137,422","283,148","3,303","75,623",0.21,0.96,0.72
0.29,"6,699",371,0.05,"144,121","276,449","3,674","75,252",0.21,0.95,0.70
0.3,"6,955",423,0.06,"151,076","269,494","4,097","74,829",0.22,0.95,0.69
0.31,"6,988",435,0.06,"158,064","262,506","4,532","74,394",0.22,0.94,0.67
0.32,"7,084",486,0.06,"165,148","255,422","5,018","73,908",0.22,0.94,0.66
0.33,"7,119",499,0.07,"172,267","248,303","5,517","73,409",0.23,0.93,0.64
0.34,"7,075",523,0.07,"179,342","241,228","6,040","72,886",0.23,0.92,0.63
0.35,"7,174",598,0.08,"186,516","234,054","6,638","72,288",0.24,0.92,0.61
0.36,"7,241",612,0.08,"193,757","226,813","7,250","71,676",0.24,0.91,0.60
0.37,"7,194",639,0.08,"200,951","219,619","7,889","71,037",0.24,0.90,0.58
0.38,"7,316",676,0.08,"208,267","212,303","8,565","70,361",0.25,0.89,0.57
0.39,"7,358",681,0.08,"215,625","204,945","9,246","69,680",0.25,0.88,0.55
0.4,"7,418",756,0.09,"223,043","197,527","10,002","68,924",0.26,0.87,0.53
0.41,"7,231",843,0.10,"230,274","190,296","10,845","68,081",0.26,0.86,0.52
0.42,"7,240",852,0.11,"237,514","183,056","11,697","67,229",0.27,0.85,0.50
0.43,"7,303",882,0.11,"244,817","175,753","12,579","66,347",0.27,0.84,0.48
0.44,"7,250",918,0.11,"252,067","168,503","13,497","65,429",0.28,0.83,0.47
0.45,"7,173","1,065",0.13,"259,240","161,330","14,562","64,364",0.29,0.82,0.45
0.46,"7,108","1,063",0.13,"266,348","154,222","15,625","63,301",0.29,0.80,0.44
0.47,"7,039","1,058",0.13,"273,387","147,183","16,683","62,243",0.30,0.79,0.42
0.48,"7,072","1,176",0.14,"280,459","140,111","17,859","61,067",0.30,0.77,0.40
0.49,"6,844","1,179",0.15,"287,303","133,267","19,038","59,888",0.31,0.76,0.39
0.5,"6,862","1,229",0.15,"294,165","126,405","20,267","58,659",0.32,0.74,0.37
0.51,"6,679","1,322",0.17,"300,844","119,726","21,589","57,337",0.32,0.73,0.35
0.52,"6,511","1,285",0.16,"307,355","113,215","22,874","56,052",0.33,0.71,0.34
0.53,"6,388","1,382",0.18,"313,743","106,827","24,256","54,670",0.34,0.69,0.32
0.54,"6,198","1,428",0.19,"319,941","100,629","25,684","53,242",0.35,0.67,0.31
0.55,"6,120","1,405",0.19,"326,061","94,509","27,089","51,837",0.35,0.66,0.29
0.56,"5,978","1,454",0.20,"332,039","88,531","28,543","50,383",0.36,0.64,0.28
0.57,"5,788","1,587",0.22,"337,827","82,743","30,130","48,796",0.37,0.62,0.26
0.58,"5,548","1,563",0.22,"343,375","77,195","31,693","47,233",0.38,0.60,0.25
0.59,"5,348","1,596",0.23,"348,723","71,847","33,289","45,637",0.39,0.58,0.24
0.6,"5,031","1,618",0.24,"353,754","66,816","34,907","44,019",0.40,0.56,0.22
0.61,"4,932","1,596",0.24,"358,686","61,884","36,503","42,423",0.41,0.54,0.21
0.62,"4,712","1,635",0.26,"363,398","57,172","38,138","40,788",0.42,0.52,0.20
0.63,"4,398","1,645",0.27,"367,796","52,774","39,783","39,143",0.43,0.50,0.18
0.64,"4,155","1,655",0.28,"371,951","48,619","41,438","37,488",0.44,0.47,0.17
0.65,"3,919","1,662",0.30,"375,870","44,700","43,100","35,826",0.44,0.45,0.16
0.66,"3,673","1,544",0.30,"379,543","41,027","44,644","34,282",0.46,0.43,0.15
0.67,"3,443","1,513",0.31,"382,986","37,584","46,157","32,769",0.47,0.42,0.14
0.68,"3,158","1,539",0.33,"386,144","34,426","47,696","31,230",0.48,0.40,0.13
0.69,"3,026","1,498",0.33,"389,170","31,400","49,194","29,732",0.49,0.38,0.12
0.7,"2,819","1,430",0.34,"391,989","28,581","50,624","28,302",0.50,0.36,0.11
0.71,"2,634","1,444",0.35,"394,623","25,947","52,068","26,858",0.51,0.34,0.11
0.72,"2,434","1,393",0.36,"397,057","23,513","53,461","25,465",0.52,0.32,0.10
0.73,"2,173","1,311",0.38,"399,230","21,340","54,772","24,154",0.53,0.31,0.09
0.74,"2,015","1,328",0.40,"401,245","19,325","56,100","22,826",0.54,0.29,0.08
0.75,"1,888","1,234",0.40,"403,133","17,437","57,334","21,592",0.55,0.27,0.08
0.76,"1,692","1,278",0.43,"404,825","15,745","58,612","20,314",0.56,0.26,0.07
0.77,"1,584","1,170",0.42,"406,409","14,161","59,782","19,144",0.57,0.24,0.07
0.78,"1,457","1,183",0.45,"407,866","12,704","60,965","17,961",0.59,0.23,0.06
0.79,"1,300","1,152",0.47,"409,166","11,404","62,117","16,809",0.60,0.21,0.06
0.8,"1,208","1,048",0.46,"410,374","10,196","63,165","15,761",0.61,0.20,0.05
0.81,"1,157","1,028",0.47,"411,531","9,039","64,193","14,733",0.62,0.19,0.05
0.82,976,939,0.49,"412,507","8,063","65,132","13,794",0.63,0.17,0.04
0.83,884,889,0.50,"413,391","7,179","66,021","12,905",0.64,0.16,0.04
0.84,788,872,0.53,"414,179","6,391","66,893","12,033",0.65,0.15,0.04
0.85,702,824,0.54,"414,881","5,689","67,717","11,209",0.66,0.14,0.03
0.86,648,787,0.55,"415,529","5,041","68,504","10,422",0.67,0.13,0.03
0.87,575,753,0.57,"416,104","4,466","69,257","9,669",0.68,0.12,0.03
0.88,549,730,0.57,"416,653","3,917","69,987","8,939",0.70,0.11,0.03
0.89,460,682,0.60,"417,113","3,457","70,669","8,257",0.70,0.10,0.02
0.9,419,655,0.61,"417,532","3,038","71,324","7,602",0.71,0.10,0.02
0.91,351,668,0.66,"417,883","2,687","71,992","6,934",0.72,0.09,0.02
0.92,321,630,0.66,"418,204","2,366","72,622","6,304",0.73,0.08,0.02
0.93,339,605,0.64,"418,543","2,027","73,227","5,699",0.74,0.07,0.02
0.94,257,606,0.70,"418,800","1,770","73,833","5,093",0.74,0.06,0.01
0.95,288,606,0.68,"419,088","1,482","74,439","4,487",0.75,0.06,0.01
0.96,226,585,0.72,"419,314","1,256","75,024","3,902",0.76,0.05,0.01
0.97,206,493,0.71,"419,520","1,050","75,517","3,409",0.76,0.04,0.01
0.98,185,513,0.73,"419,705",865,"76,030","2,896",0.77,0.04,0.01
0.99,179,473,0.73,"419,884",686,"76,503","2,423",0.78,0.03,0.01
1.0,686,"2,423",0.78,"420,570",0,"78,926",0,nan,0.00,0.00
