p,Neg,Pos,mPrec,TN,FP,FN,TP,Prec,Rec,$\hat{p}$
0.0,1,0,0.00,1,"420,569",0,"78,926",0.16,1.00,1.00
0.01,1,0,0.00,2,"420,568",0,"78,926",0.16,1.00,1.00
0.02,0,0,nan,2,"420,568",0,"78,926",0.16,1.00,1.00
0.03,10,0,0.00,12,"420,558",0,"78,926",0.16,1.00,1.00
0.04,11,0,0.00,23,"420,547",0,"78,926",0.16,1.00,1.00
0.05,19,0,0.00,42,"420,528",0,"78,926",0.16,1.00,1.00
0.06,22,0,0.00,64,"420,506",0,"78,926",0.16,1.00,1.00
0.07,34,0,0.00,98,"420,472",0,"78,926",0.16,1.00,1.00
0.08,69,0,0.00,167,"420,403",0,"78,926",0.16,1.00,1.00
0.09,87,0,0.00,254,"420,316",0,"78,926",0.16,1.00,1.00
0.1,163,1,0.01,417,"420,153",1,"78,925",0.16,1.00,1.00
0.11,244,1,0.00,661,"419,909",2,"78,924",0.16,1.00,1.00
0.12,310,2,0.01,971,"419,599",4,"78,922",0.16,1.00,1.00
0.13,461,3,0.01,"1,432","419,138",7,"78,919",0.16,1.00,1.00
0.14,554,2,0.00,"1,986","418,584",9,"78,917",0.16,1.00,1.00
0.15,738,6,0.01,"2,724","417,846",15,"78,911",0.16,1.00,0.99
0.16,963,9,0.01,"3,687","416,883",24,"78,902",0.16,1.00,0.99
0.17,"1,257",18,0.01,"4,944","415,626",42,"78,884",0.16,1.00,0.99
0.18,"1,461",23,0.02,"6,405","414,165",65,"78,861",0.16,1.00,0.99
0.19,"1,766",27,0.02,"8,171","412,399",92,"78,834",0.16,1.00,0.98
0.2,"2,095",29,0.01,"10,266","410,304",121,"78,805",0.16,1.00,0.98
0.21,"2,588",48,0.02,"12,854","407,716",169,"78,757",0.16,1.00,0.97
0.22,"3,037",55,0.02,"15,891","404,679",224,"78,702",0.16,1.00,0.97
0.23,"3,332",91,0.03,"19,223","401,347",315,"78,611",0.16,1.00,0.96
0.24,"3,822",104,0.03,"23,045","397,525",419,"78,507",0.16,0.99,0.95
0.25,"4,448",119,0.03,"27,493","393,077",538,"78,388",0.17,0.99,0.94
0.26,"5,038",164,0.03,"32,531","388,039",702,"78,224",0.17,0.99,0.93
0.27,"5,604",191,0.03,"38,135","382,435",893,"78,033",0.17,0.99,0.92
0.28,"6,105",238,0.04,"44,240","376,330","1,131","77,795",0.17,0.99,0.91
0.29,"6,687",322,0.05,"50,927","369,643","1,453","77,473",0.17,0.98,0.90
0.3,"7,370",379,0.05,"58,297","362,273","1,832","77,094",0.18,0.98,0.88
0.31,"7,988",428,0.05,"66,285","354,285","2,260","76,666",0.18,0.97,0.86
0.32,"8,452",463,0.05,"74,737","345,833","2,723","76,203",0.18,0.97,0.84
0.33,"9,213",561,0.06,"83,950","336,620","3,284","75,642",0.18,0.96,0.83
0.34,"9,932",677,0.06,"93,882","326,688","3,961","74,965",0.19,0.95,0.80
0.35,"10,767",756,0.07,"104,649","315,921","4,717","74,209",0.19,0.94,0.78
0.36,"11,381",803,0.07,"116,030","304,540","5,520","73,406",0.19,0.93,0.76
0.37,"11,856",938,0.07,"127,886","292,684","6,458","72,468",0.20,0.92,0.73
0.38,"12,835","1,169",0.08,"140,721","279,849","7,627","71,299",0.20,0.90,0.70
0.39,"13,119","1,237",0.09,"153,840","266,730","8,864","70,062",0.21,0.89,0.67
0.4,"13,620","1,368",0.09,"167,460","253,110","10,232","68,694",0.21,0.87,0.64
0.41,"13,752","1,460",0.10,"181,212","239,358","11,692","67,234",0.22,0.85,0.61
0.42,"13,446","1,656",0.11,"194,658","225,912","13,348","65,578",0.22,0.83,0.58
0.43,"13,793","1,693",0.11,"208,451","212,119","15,041","63,885",0.23,0.81,0.55
0.44,"13,795","1,871",0.12,"222,246","198,324","16,912","62,014",0.24,0.79,0.52
0.45,"13,544","1,959",0.13,"235,790","184,780","18,871","60,055",0.25,0.76,0.49
0.46,"13,660","2,052",0.13,"249,450","171,120","20,923","58,003",0.25,0.73,0.46
0.47,"13,174","2,192",0.14,"262,624","157,946","23,115","55,811",0.26,0.71,0.43
0.48,"12,812","2,253",0.15,"275,436","145,134","25,368","53,558",0.27,0.68,0.40
0.49,"12,368","2,334",0.16,"287,804","132,766","27,702","51,224",0.28,0.65,0.37
0.5,"12,011","2,411",0.17,"299,815","120,755","30,113","48,813",0.29,0.62,0.34
0.51,"11,277","2,489",0.18,"311,092","109,478","32,602","46,324",0.30,0.59,0.31
0.52,"10,699","2,448",0.19,"321,791","98,779","35,050","43,876",0.31,0.56,0.29
0.53,"10,033","2,476",0.20,"331,824","88,746","37,526","41,400",0.32,0.52,0.26
0.54,"9,078","2,436",0.21,"340,902","79,668","39,962","38,964",0.33,0.49,0.24
0.55,"8,591","2,369",0.22,"349,493","71,077","42,331","36,595",0.34,0.46,0.22
0.56,"7,776","2,415",0.24,"357,269","63,301","44,746","34,180",0.35,0.43,0.20
0.57,"7,222","2,307",0.24,"364,491","56,079","47,053","31,873",0.36,0.40,0.18
0.58,"6,601","2,216",0.25,"371,092","49,478","49,269","29,657",0.37,0.38,0.16
0.59,"6,036","2,148",0.26,"377,128","43,442","51,417","27,509",0.39,0.35,0.14
0.6,"5,401","2,146",0.28,"382,529","38,041","53,563","25,363",0.40,0.32,0.13
0.61,"4,837","1,996",0.29,"387,366","33,204","55,559","23,367",0.41,0.30,0.11
0.62,"4,379","1,898",0.30,"391,745","28,825","57,457","21,469",0.43,0.27,0.10
0.63,"3,709","1,788",0.33,"395,454","25,116","59,245","19,681",0.44,0.25,0.09
0.64,"3,407","1,844",0.35,"398,861","21,709","61,089","17,837",0.45,0.23,0.08
0.65,"3,057","1,707",0.36,"401,918","18,652","62,796","16,130",0.46,0.20,0.07
0.66,"2,626","1,543",0.37,"404,544","16,026","64,339","14,587",0.48,0.18,0.06
0.67,"2,310","1,459",0.39,"406,854","13,716","65,798","13,128",0.49,0.17,0.05
0.68,"2,056","1,488",0.42,"408,910","11,660","67,286","11,640",0.50,0.15,0.05
0.69,"1,771","1,332",0.43,"410,681","9,889","68,618","10,308",0.51,0.13,0.04
0.7,"1,685","1,251",0.43,"412,366","8,204","69,869","9,057",0.52,0.11,0.03
0.71,"1,407","1,154",0.45,"413,773","6,797","71,023","7,903",0.54,0.10,0.03
0.72,"1,264","1,162",0.48,"415,037","5,533","72,185","6,741",0.55,0.09,0.02
0.73,"1,074","1,051",0.49,"416,111","4,459","73,236","5,690",0.56,0.07,0.02
0.74,978,986,0.50,"417,089","3,481","74,222","4,704",0.57,0.06,0.02
0.75,820,900,0.52,"417,909","2,661","75,122","3,804",0.59,0.05,0.01
0.76,648,780,0.55,"418,557","2,013","75,902","3,024",0.60,0.04,0.01
0.77,540,649,0.55,"419,097","1,473","76,551","2,375",0.62,0.03,0.01
0.78,417,541,0.56,"419,514","1,056","77,092","1,834",0.63,0.02,0.01
0.79,329,476,0.59,"419,843",727,"77,568","1,358",0.65,0.02,0.00
0.8,228,395,0.63,"420,071",499,"77,963",963,0.66,0.01,0.00
0.81,153,297,0.66,"420,224",346,"78,260",666,0.66,0.01,0.00
0.82,110,227,0.67,"420,334",236,"78,487",439,0.65,0.01,0.00
0.83,88,136,0.61,"420,422",148,"78,623",303,0.67,0.00,0.00
0.84,49,107,0.69,"420,471",99,"78,730",196,0.66,0.00,0.00
0.85,35,63,0.64,"420,506",64,"78,793",133,0.68,0.00,0.00
0.86,26,39,0.60,"420,532",38,"78,832",94,0.71,0.00,0.00
0.87,14,35,0.71,"420,546",24,"78,867",59,0.71,0.00,0.00
0.88,6,22,0.79,"420,552",18,"78,889",37,0.67,0.00,0.00
0.89,7,16,0.70,"420,559",11,"78,905",21,0.66,0.00,0.00
0.9,2,11,0.85,"420,561",9,"78,916",10,0.53,0.00,0.00
0.91,2,0,0.00,"420,563",7,"78,916",10,0.59,0.00,0.00
0.92,3,1,0.25,"420,566",4,"78,917",9,0.69,0.00,0.00
0.93,1,2,0.67,"420,567",3,"78,919",7,0.70,0.00,0.00
0.94,0,0,nan,"420,567",3,"78,919",7,0.70,0.00,0.00
0.95,0,1,1.00,"420,567",3,"78,920",6,0.67,0.00,0.00
0.96,0,3,1.00,"420,567",3,"78,923",3,0.50,0.00,0.00
0.97,3,1,0.25,"420,570",0,"78,924",2,1.00,0.00,0.00
0.98,0,0,nan,"420,570",0,"78,924",2,1.00,0.00,0.00
0.99,0,0,nan,"420,570",0,"78,924",2,1.00,0.00,0.00
1.0,0,2,1.00,"420,570",0,"78,926",0,nan,0.00,0.00
