p,Neg,Pos,mPrec,TN,FP,FN,TP,Prec,Rec,$\hat{p}$
0.0,1,0,0.00,1,"420,569",0,"78,926",0.16,1.00,1.00
0.1,"13,727",57,0.00,"13,728","406,842",57,"78,869",0.16,1.00,0.97
0.2,"50,941",701,0.01,"64,669","355,901",758,"78,168",0.18,0.99,0.87
0.3,"74,605","2,791",0.04,"139,274","281,296","3,549","75,377",0.21,0.96,0.71
0.4,"86,713","6,782",0.07,"225,987","194,583","10,331","68,595",0.26,0.87,0.53
0.5,"81,947","12,608",0.13,"307,934","112,636","22,939","55,987",0.33,0.71,0.34
0.6,"61,924","17,374",0.22,"369,858","50,712","40,313","38,613",0.43,0.49,0.18
0.7,"33,554","16,895",0.33,"403,412","17,158","57,208","21,718",0.56,0.28,0.08
0.8,"12,906","12,352",0.49,"416,318","4,252","69,560","9,366",0.69,0.12,0.03
0.9,"4,008","8,310",0.67,"420,326",244,"77,870","1,056",0.81,0.01,0.00
1.0,244,"1,056",0.81,"420,570",0,"78,926",0,nan,0.00,0.00
