p,Neg,Pos,mPrec,TN,FP,FN,TP,Prec,Rec,$\hat{p}$
0.0,1,0,0.00,1,"180,244",0,"33,825",0.16,1.00,1.00
0.01,6,0,0.00,7,"180,238",0,"33,825",0.16,1.00,1.00
0.02,19,1,0.05,26,"180,219",1,"33,824",0.16,1.00,1.00
0.03,62,0,0.00,88,"180,157",1,"33,824",0.16,1.00,1.00
0.04,128,2,0.02,216,"180,029",3,"33,822",0.16,1.00,1.00
0.05,255,2,0.01,471,"179,774",5,"33,820",0.16,1.00,1.00
0.06,529,9,0.02,"1,000","179,245",14,"33,811",0.16,1.00,1.00
0.07,802,20,0.02,"1,802","178,443",34,"33,791",0.16,1.00,0.99
0.08,"1,273",28,0.02,"3,075","177,170",62,"33,763",0.16,1.00,0.99
0.09,"1,746",47,0.03,"4,821","175,424",109,"33,716",0.16,1.00,0.98
0.1,"2,205",65,0.03,"7,026","173,219",174,"33,651",0.16,0.99,0.97
0.11,"2,747",94,0.03,"9,773","170,472",268,"33,557",0.16,0.99,0.95
0.12,"3,311",153,0.04,"13,084","167,161",421,"33,404",0.17,0.99,0.94
0.13,"3,674",187,0.05,"16,758","163,487",608,"33,217",0.17,0.98,0.92
0.14,"4,141",194,0.04,"20,899","159,346",802,"33,023",0.17,0.98,0.90
0.15,"4,438",276,0.06,"25,337","154,908","1,078","32,747",0.17,0.97,0.88
0.16,"4,750",328,0.06,"30,087","150,158","1,406","32,419",0.18,0.96,0.85
0.17,"5,143",377,0.07,"35,230","145,015","1,783","32,042",0.18,0.95,0.83
0.18,"5,617",455,0.07,"40,847","139,398","2,238","31,587",0.18,0.93,0.80
0.19,"5,939",514,0.08,"46,786","133,459","2,752","31,073",0.19,0.92,0.77
0.2,"6,132",558,0.08,"52,918","127,327","3,310","30,515",0.19,0.90,0.74
0.21,"6,317",600,0.09,"59,235","121,010","3,910","29,915",0.20,0.88,0.71
0.22,"6,617",666,0.09,"65,852","114,393","4,576","29,249",0.20,0.86,0.67
0.23,"6,574",706,0.10,"72,426","107,819","5,282","28,543",0.21,0.84,0.64
0.24,"6,454",740,0.10,"78,880","101,365","6,022","27,803",0.22,0.82,0.60
0.25,"6,284",758,0.11,"85,164","95,081","6,780","27,045",0.22,0.80,0.57
0.26,"6,139",795,0.11,"91,303","88,942","7,575","26,250",0.23,0.78,0.54
0.27,"5,960",842,0.12,"97,263","82,982","8,417","25,408",0.23,0.75,0.51
0.28,"5,759",847,0.13,"103,022","77,223","9,264","24,561",0.24,0.73,0.48
0.29,"5,597",887,0.14,"108,619","71,626","10,151","23,674",0.25,0.70,0.45
0.3,"5,435",945,0.15,"114,054","66,191","11,096","22,729",0.26,0.67,0.42
0.31,"5,024",878,0.15,"119,078","61,167","11,974","21,851",0.26,0.65,0.39
0.32,"4,760",897,0.16,"123,838","56,407","12,871","20,954",0.27,0.62,0.36
0.33,"4,231",933,0.18,"128,069","52,176","13,804","20,021",0.28,0.59,0.34
0.34,"4,132",877,0.18,"132,201","48,044","14,681","19,144",0.28,0.57,0.31
0.35,"4,067",896,0.18,"136,268","43,977","15,577","18,248",0.29,0.54,0.29
0.36,"3,635",884,0.20,"139,903","40,342","16,461","17,364",0.30,0.51,0.27
0.37,"3,419",824,0.19,"143,322","36,923","17,285","16,540",0.31,0.49,0.25
0.38,"3,118",877,0.22,"146,440","33,805","18,162","15,663",0.32,0.46,0.23
0.39,"2,903",792,0.21,"149,343","30,902","18,954","14,871",0.32,0.44,0.21
0.4,"2,730",811,0.23,"152,073","28,172","19,765","14,060",0.33,0.42,0.20
0.41,"2,601",812,0.24,"154,674","25,571","20,577","13,248",0.34,0.39,0.18
0.42,"2,333",719,0.24,"157,007","23,238","21,296","12,529",0.35,0.37,0.17
0.43,"2,072",706,0.25,"159,079","21,166","22,002","11,823",0.36,0.35,0.15
0.44,"2,027",686,0.25,"161,106","19,139","22,688","11,137",0.37,0.33,0.14
0.45,"1,769",686,0.28,"162,875","17,370","23,374","10,451",0.38,0.31,0.13
0.46,"1,665",635,0.28,"164,540","15,705","24,009","9,816",0.38,0.29,0.12
0.47,"1,601",632,0.28,"166,141","14,104","24,641","9,184",0.39,0.27,0.11
0.48,"1,449",586,0.29,"167,590","12,655","25,227","8,598",0.40,0.25,0.10
0.49,"1,174",552,0.32,"168,764","11,481","25,779","8,046",0.41,0.24,0.09
0.5,"1,103",543,0.33,"169,867","10,378","26,322","7,503",0.42,0.22,0.08
0.51,"1,038",509,0.33,"170,905","9,340","26,831","6,994",0.43,0.21,0.08
0.52,905,462,0.34,"171,810","8,435","27,293","6,532",0.44,0.19,0.07
0.53,841,478,0.36,"172,651","7,594","27,771","6,054",0.44,0.18,0.06
0.54,794,450,0.36,"173,445","6,800","28,221","5,604",0.45,0.17,0.06
0.55,713,460,0.39,"174,158","6,087","28,681","5,144",0.46,0.15,0.05
0.56,610,365,0.37,"174,768","5,477","29,046","4,779",0.47,0.14,0.05
0.57,574,380,0.40,"175,342","4,903","29,426","4,399",0.47,0.13,0.04
0.58,531,376,0.41,"175,873","4,372","29,802","4,023",0.48,0.12,0.04
0.59,485,300,0.38,"176,358","3,887","30,102","3,723",0.49,0.11,0.04
0.6,411,338,0.45,"176,769","3,476","30,440","3,385",0.49,0.10,0.03
0.61,376,309,0.45,"177,145","3,100","30,749","3,076",0.50,0.09,0.03
0.62,365,262,0.42,"177,510","2,735","31,011","2,814",0.51,0.08,0.03
0.63,355,269,0.43,"177,865","2,380","31,280","2,545",0.52,0.08,0.02
0.64,303,257,0.46,"178,168","2,077","31,537","2,288",0.52,0.07,0.02
0.65,255,243,0.49,"178,423","1,822","31,780","2,045",0.53,0.06,0.02
0.66,234,206,0.47,"178,657","1,588","31,986","1,839",0.54,0.05,0.02
0.67,220,216,0.50,"178,877","1,368","32,202","1,623",0.54,0.05,0.01
0.68,212,176,0.45,"179,089","1,156","32,378","1,447",0.56,0.04,0.01
0.69,178,175,0.50,"179,267",978,"32,553","1,272",0.57,0.04,0.01
0.7,157,186,0.54,"179,424",821,"32,739","1,086",0.57,0.03,0.01
0.71,116,147,0.56,"179,540",705,"32,886",939,0.57,0.03,0.01
0.72,113,130,0.53,"179,653",592,"33,016",809,0.58,0.02,0.01
0.73,84,119,0.59,"179,737",508,"33,135",690,0.58,0.02,0.01
0.74,86,107,0.55,"179,823",422,"33,242",583,0.58,0.02,0.00
0.75,58,110,0.65,"179,881",364,"33,352",473,0.57,0.01,0.00
0.76,88,78,0.47,"179,969",276,"33,430",395,0.59,0.01,0.00
0.77,47,67,0.59,"180,016",229,"33,497",328,0.59,0.01,0.00
0.78,43,58,0.57,"180,059",186,"33,555",270,0.59,0.01,0.00
0.79,41,39,0.49,"180,100",145,"33,594",231,0.61,0.01,0.00
0.8,28,37,0.57,"180,128",117,"33,631",194,0.62,0.01,0.00
0.81,23,31,0.57,"180,151",94,"33,662",163,0.63,0.00,0.00
0.82,20,41,0.67,"180,171",74,"33,703",122,0.62,0.00,0.00
0.83,18,23,0.56,"180,189",56,"33,726",99,0.64,0.00,0.00
0.84,14,29,0.67,"180,203",42,"33,755",70,0.62,0.00,0.00
0.85,10,12,0.55,"180,213",32,"33,767",58,0.64,0.00,0.00
0.86,4,11,0.73,"180,217",28,"33,778",47,0.63,0.00,0.00
0.87,5,11,0.69,"180,222",23,"33,789",36,0.61,0.00,0.00
0.88,8,11,0.58,"180,230",15,"33,800",25,0.62,0.00,0.00
0.89,3,9,0.75,"180,233",12,"33,809",16,0.57,0.00,0.00
0.9,1,7,0.88,"180,234",11,"33,816",9,0.45,0.00,0.00
0.91,1,2,0.67,"180,235",10,"33,818",7,0.41,0.00,0.00
0.92,2,2,0.50,"180,237",8,"33,820",5,0.38,0.00,0.00
0.93,0,0,nan,"180,237",8,"33,820",5,0.38,0.00,0.00
0.94,2,2,0.50,"180,239",6,"33,822",3,0.33,0.00,0.00
0.95,0,0,nan,"180,239",6,"33,822",3,0.33,0.00,0.00
0.96,1,1,0.50,"180,240",5,"33,823",2,0.29,0.00,0.00
0.97,0,0,nan,"180,240",5,"33,823",2,0.29,0.00,0.00
0.98,1,0,0.00,"180,241",4,"33,823",2,0.33,0.00,0.00
0.99,1,0,0.00,"180,242",3,"33,823",2,0.40,0.00,0.00
1.0,3,2,0.40,"180,245",0,"33,825",0,nan,0.00,0.00
