p,Neg,Pos,mPrec,TN,FP,FN,TP,Prec,Rec,$\hat{p}$
0.0,"1,803",36,0.02,"1,803","178,442",36,"33,789",0.16,1.00,0.99
0.01,311,2,0.01,"2,114","178,131",38,"33,787",0.16,1.00,0.99
0.02,274,7,0.02,"2,388","177,857",45,"33,780",0.16,1.00,0.99
0.03,340,5,0.01,"2,728","177,517",50,"33,775",0.16,1.00,0.99
0.04,323,10,0.03,"3,051","177,194",60,"33,765",0.16,1.00,0.99
0.05,348,8,0.02,"3,399","176,846",68,"33,757",0.16,1.00,0.98
0.06,435,8,0.02,"3,834","176,411",76,"33,749",0.16,1.00,0.98
0.07,479,20,0.04,"4,313","175,932",96,"33,729",0.16,1.00,0.98
0.08,529,11,0.02,"4,842","175,403",107,"33,718",0.16,1.00,0.98
0.09,547,15,0.03,"5,389","174,856",122,"33,703",0.16,1.00,0.97
0.1,610,20,0.03,"5,999","174,246",142,"33,683",0.16,1.00,0.97
0.11,653,21,0.03,"6,652","173,593",163,"33,662",0.16,1.00,0.97
0.12,744,30,0.04,"7,396","172,849",193,"33,632",0.16,0.99,0.96
0.13,838,20,0.02,"8,234","172,011",213,"33,612",0.16,0.99,0.96
0.14,854,33,0.04,"9,088","171,157",246,"33,579",0.16,0.99,0.96
0.15,928,36,0.04,"10,016","170,229",282,"33,543",0.16,0.99,0.95
0.16,"1,018",40,0.04,"11,034","169,211",322,"33,503",0.17,0.99,0.95
0.17,"1,097",58,0.05,"12,131","168,114",380,"33,445",0.17,0.99,0.94
0.18,"1,235",52,0.04,"13,366","166,879",432,"33,393",0.17,0.99,0.94
0.19,"1,287",67,0.05,"14,653","165,592",499,"33,326",0.17,0.99,0.93
0.2,"1,438",83,0.05,"16,091","164,154",582,"33,243",0.17,0.98,0.92
0.21,"1,472",58,0.04,"17,563","162,682",640,"33,185",0.17,0.98,0.91
0.22,"1,521",75,0.05,"19,084","161,161",715,"33,110",0.17,0.98,0.91
0.23,"1,641",106,0.06,"20,725","159,520",821,"33,004",0.17,0.98,0.90
0.24,"1,751",100,0.05,"22,476","157,769",921,"32,904",0.17,0.97,0.89
0.25,"1,778",90,0.05,"24,254","155,991","1,011","32,814",0.17,0.97,0.88
0.26,"2,025",125,0.06,"26,279","153,966","1,136","32,689",0.18,0.97,0.87
0.27,"1,988",119,0.06,"28,267","151,978","1,255","32,570",0.18,0.96,0.86
0.28,"2,149",145,0.06,"30,416","149,829","1,400","32,425",0.18,0.96,0.85
0.29,"2,206",161,0.07,"32,622","147,623","1,561","32,264",0.18,0.95,0.84
0.3,"2,430",169,0.07,"35,052","145,193","1,730","32,095",0.18,0.95,0.83
0.31,"2,443",208,0.08,"37,495","142,750","1,938","31,887",0.18,0.94,0.82
0.32,"2,648",205,0.07,"40,143","140,102","2,143","31,682",0.18,0.94,0.80
0.33,"2,617",188,0.07,"42,760","137,485","2,331","31,494",0.19,0.93,0.79
0.34,"2,906",264,0.08,"45,666","134,579","2,595","31,230",0.19,0.92,0.77
0.35,"2,969",273,0.08,"48,635","131,610","2,868","30,957",0.19,0.92,0.76
0.36,"3,079",271,0.08,"51,714","128,531","3,139","30,686",0.19,0.91,0.74
0.37,"3,043",295,0.09,"54,757","125,488","3,434","30,391",0.19,0.90,0.73
0.38,"3,139",323,0.09,"57,896","122,349","3,757","30,068",0.20,0.89,0.71
0.39,"3,336",342,0.09,"61,232","119,013","4,099","29,726",0.20,0.88,0.69
0.4,"3,472",348,0.09,"64,704","115,541","4,447","29,378",0.20,0.87,0.68
0.41,"3,656",365,0.09,"68,360","111,885","4,812","29,013",0.21,0.86,0.66
0.42,"3,757",370,0.09,"72,117","108,128","5,182","28,643",0.21,0.85,0.64
0.43,"3,826",415,0.10,"75,943","104,302","5,597","28,228",0.21,0.83,0.62
0.44,"3,726",466,0.11,"79,669","100,576","6,063","27,762",0.22,0.82,0.60
0.45,"3,735",503,0.12,"83,404","96,841","6,566","27,259",0.22,0.81,0.58
0.46,"3,828",511,0.12,"87,232","93,013","7,077","26,748",0.22,0.79,0.56
0.47,"3,824",499,0.12,"91,056","89,189","7,576","26,249",0.23,0.78,0.54
0.48,"3,824",545,0.12,"94,880","85,365","8,121","25,704",0.23,0.76,0.52
0.49,"3,798",589,0.13,"98,678","81,567","8,710","25,115",0.24,0.74,0.50
0.5,"3,818",605,0.14,"102,496","77,749","9,315","24,510",0.24,0.72,0.48
0.51,"3,778",583,0.13,"106,274","73,971","9,898","23,927",0.24,0.71,0.46
0.52,"3,710",623,0.14,"109,984","70,261","10,521","23,304",0.25,0.69,0.44
0.53,"3,659",605,0.14,"113,643","66,602","11,126","22,699",0.25,0.67,0.42
0.54,"3,713",701,0.16,"117,356","62,889","11,827","21,998",0.26,0.65,0.40
0.55,"3,592",707,0.16,"120,948","59,297","12,534","21,291",0.26,0.63,0.38
0.56,"3,437",681,0.17,"124,385","55,860","13,215","20,610",0.27,0.61,0.36
0.57,"3,434",695,0.17,"127,819","52,426","13,910","19,915",0.28,0.59,0.34
0.58,"3,433",708,0.17,"131,252","48,993","14,618","19,207",0.28,0.57,0.32
0.59,"3,143",701,0.18,"134,395","45,850","15,319","18,506",0.29,0.55,0.30
0.6,"3,111",693,0.18,"137,506","42,739","16,012","17,813",0.29,0.53,0.28
0.61,"2,923",721,0.20,"140,429","39,816","16,733","17,092",0.30,0.51,0.27
0.62,"2,815",727,0.21,"143,244","37,001","17,460","16,365",0.31,0.48,0.25
0.63,"2,686",698,0.21,"145,930","34,315","18,158","15,667",0.31,0.46,0.23
0.64,"2,644",735,0.22,"148,574","31,671","18,893","14,932",0.32,0.44,0.22
0.65,"2,469",699,0.22,"151,043","29,202","19,592","14,233",0.33,0.42,0.20
0.66,"2,328",691,0.23,"153,371","26,874","20,283","13,542",0.34,0.40,0.19
0.67,"2,183",658,0.23,"155,554","24,691","20,941","12,884",0.34,0.38,0.18
0.68,"2,062",698,0.25,"157,616","22,629","21,639","12,186",0.35,0.36,0.16
0.69,"1,937",676,0.26,"159,553","20,692","22,315","11,510",0.36,0.34,0.15
0.7,"1,812",644,0.26,"161,365","18,880","22,959","10,866",0.37,0.32,0.14
0.71,"1,714",584,0.25,"163,079","17,166","23,543","10,282",0.37,0.30,0.13
0.72,"1,508",648,0.30,"164,587","15,658","24,191","9,634",0.38,0.28,0.12
0.73,"1,390",554,0.28,"165,977","14,268","24,745","9,080",0.39,0.27,0.11
0.74,"1,338",567,0.30,"167,315","12,930","25,312","8,513",0.40,0.25,0.10
0.75,"1,185",525,0.31,"168,500","11,745","25,837","7,988",0.40,0.24,0.09
0.76,"1,131",513,0.31,"169,631","10,614","26,350","7,475",0.41,0.22,0.08
0.77,"1,030",498,0.33,"170,661","9,584","26,848","6,977",0.42,0.21,0.08
0.78,921,476,0.34,"171,582","8,663","27,324","6,501",0.43,0.19,0.07
0.79,898,460,0.34,"172,480","7,765","27,784","6,041",0.44,0.18,0.06
0.8,782,439,0.36,"173,262","6,983","28,223","5,602",0.45,0.17,0.06
0.81,737,425,0.37,"173,999","6,246","28,648","5,177",0.45,0.15,0.05
0.82,678,402,0.37,"174,677","5,568","29,050","4,775",0.46,0.14,0.05
0.83,585,385,0.40,"175,262","4,983","29,435","4,390",0.47,0.13,0.04
0.84,533,358,0.40,"175,795","4,450","29,793","4,032",0.48,0.12,0.04
0.85,552,378,0.41,"176,347","3,898","30,171","3,654",0.48,0.11,0.04
0.86,472,345,0.42,"176,819","3,426","30,516","3,309",0.49,0.10,0.03
0.87,440,331,0.43,"177,259","2,986","30,847","2,978",0.50,0.09,0.03
0.88,401,302,0.43,"177,660","2,585","31,149","2,676",0.51,0.08,0.02
0.89,365,299,0.45,"178,025","2,220","31,448","2,377",0.52,0.07,0.02
0.9,357,310,0.46,"178,382","1,863","31,758","2,067",0.53,0.06,0.02
0.91,275,282,0.51,"178,657","1,588","32,040","1,785",0.53,0.05,0.02
0.92,238,249,0.51,"178,895","1,350","32,289","1,536",0.53,0.05,0.01
0.93,213,241,0.53,"179,108","1,137","32,530","1,295",0.53,0.04,0.01
0.94,218,195,0.47,"179,326",919,"32,725","1,100",0.54,0.03,0.01
0.95,178,178,0.50,"179,504",741,"32,903",922,0.55,0.03,0.01
0.96,151,156,0.51,"179,655",590,"33,059",766,0.56,0.02,0.01
0.97,124,131,0.51,"179,779",466,"33,190",635,0.58,0.02,0.01
0.98,106,118,0.53,"179,885",360,"33,308",517,0.59,0.02,0.00
0.99,100,90,0.47,"179,985",260,"33,398",427,0.62,0.01,0.00
1.0,260,427,0.62,"180,245",0,"33,825",0,nan,0.00,0.00
