p,Neg,Pos,mPrec,TN,FP,FN,TP,Prec,Rec,$\hat{p}$
0.0,1,0,0.00,1,"180,244",0,"33,825",0.16,1.00,1.00
0.1,249,3,0.01,250,"179,995",3,"33,822",0.16,1.00,1.00
0.2,"2,642",49,0.02,"2,892","177,353",52,"33,773",0.16,1.00,0.99
0.3,"11,169",429,0.04,"14,061","166,184",481,"33,344",0.17,0.99,0.93
0.4,"30,678","2,022",0.06,"44,739","135,506","2,503","31,322",0.19,0.93,0.78
0.5,"53,148","6,074",0.10,"97,887","82,358","8,577","25,248",0.23,0.75,0.50
0.6,"50,407","10,246",0.17,"148,294","31,951","18,823","15,002",0.32,0.44,0.22
0.7,"24,188","8,962",0.27,"172,482","7,763","27,785","6,040",0.44,0.18,0.06
0.8,"6,864","4,958",0.42,"179,346",899,"32,743","1,082",0.55,0.03,0.01
0.9,879,"1,059",0.55,"180,225",20,"33,802",23,0.53,0.00,0.00
1.0,20,23,0.53,"180,245",0,"33,825",0,nan,0.00,0.00
