p,Neg,Pos,mPrec,TN,FP,FN,TP,Prec,Rec,FP/P,$\hat{p}$
0.0,0,0,nan,0,"600,815",0,"112,751",0.16,1.00,5.328688880808152,1.00
0.05,"146,125","3,933",0.03,"146,125","454,690","3,933","108,818",0.19,0.97,4.03269150606203,0.79
0.1,"127,730","8,975",0.07,"273,855","326,960","12,908","99,843",0.23,0.89,2.8998412430931877,0.60
0.15,"97,259","11,494",0.11,"371,114","229,701","24,402","88,349",0.28,0.78,2.0372413548438595,0.45
0.2,"73,105","13,102",0.15,"444,219","156,596","37,504","75,247",0.32,0.67,1.388865730680881,0.32
0.25,"54,164","13,788",0.20,"498,383","102,432","51,292","61,459",0.37,0.55,0.9084797474080053,0.23
0.3,"38,824","13,079",0.25,"537,207","63,608","64,371","48,380",0.43,0.43,0.5641457725430373,0.16
0.35,"25,231","11,756",0.32,"562,438","38,377","76,127","36,624",0.49,0.32,0.3403694867451286,0.11
0.4,"16,016","9,573",0.37,"578,454","22,361","85,700","27,051",0.55,0.24,0.19832196610229622,0.07
0.45,"9,769","7,957",0.45,"588,223","12,592","93,657","19,094",0.60,0.17,0.11167971902688224,0.04
0.5,"5,704","6,003",0.51,"593,927","6,888","99,660","13,091",0.66,0.12,0.06109036726946989,0.03
0.55,"3,204","4,451",0.58,"597,131","3,684","104,111","8,640",0.70,0.08,0.03267376786015202,0.02
0.6,"1,870","3,544",0.65,"599,001","1,814","107,655","5,096",0.74,0.05,0.01608854910377735,0.01
0.65,"1,027","2,645",0.72,"600,028",787,"110,300","2,451",0.76,0.02,0.00697998243918014,0.00
0.7,546,"1,554",0.74,"600,574",241,"111,854",897,0.79,0.01,0.002137453326356307,0.00
0.75,191,662,0.78,"600,765",50,"112,516",235,0.82,0.00,0.0004434550469618895,0.00
0.8,38,163,0.81,"600,803",12,"112,679",72,0.86,0.00,0.00010642921127085348,0.00
0.85,10,44,0.81,"600,813",2,"112,723",28,0.93,0.00,1.7738201878475578e-05,0.00
0.9,2,17,0.89,"600,815",0,"112,740",11,1.00,0.00,0.0,0.00
0.95,0,11,1.00,"600,815",0,"112,751",0,nan,0.00,0.0,0.00
1.0,0,0,nan,"600,815",0,"112,751",0,nan,0.00,0.0,0.00
