p,Neg,Pos,mPrec,TN,FP,FN,TP,Prec,Rec,$\hat{p}$
0.0,0,0,nan,0,"180,245",0,"33,825",0.16,1.00,1.00
0.05,0,0,nan,0,"180,245",0,"33,825",0.16,1.00,1.00
0.1,0,0,nan,0,"180,245",0,"33,825",0.16,1.00,1.00
0.15,23,2,0.08,23,"180,222",2,"33,823",0.16,1.00,1.00
0.2,333,21,0.06,356,"179,889",23,"33,802",0.16,1.00,1.00
0.25,"2,123",73,0.03,"2,479","177,766",96,"33,729",0.16,1.00,0.99
0.3,"10,407",579,0.05,"12,886","167,359",675,"33,150",0.17,0.98,0.94
0.35,"18,028","1,357",0.07,"30,914","149,331","2,032","31,793",0.18,0.94,0.85
0.4,"20,318","2,090",0.09,"51,232","129,013","4,122","29,703",0.19,0.88,0.74
0.45,"36,225","5,073",0.12,"87,457","92,788","9,195","24,630",0.21,0.73,0.55
0.5,"36,756","6,617",0.15,"124,213","56,032","15,812","18,013",0.24,0.53,0.35
0.55,"26,236","6,583",0.20,"150,449","29,796","22,395","11,430",0.28,0.34,0.19
0.6,"19,430","6,539",0.25,"169,879","10,366","28,934","4,891",0.32,0.14,0.07
0.65,"8,350","3,632",0.30,"178,229","2,016","32,566","1,259",0.38,0.04,0.02
0.7,"1,759","1,069",0.38,"179,988",257,"33,635",190,0.43,0.01,0.00
0.75,245,179,0.42,"180,233",12,"33,814",11,0.48,0.00,0.00
0.8,12,11,0.48,"180,245",0,"33,825",0,nan,0.00,0.00
0.85,0,0,nan,"180,245",0,"33,825",0,nan,0.00,0.00
0.9,0,0,nan,"180,245",0,"33,825",0,nan,0.00,0.00
0.95,0,0,nan,"180,245",0,"33,825",0,nan,0.00,0.00
1.0,0,0,nan,"180,245",0,"33,825",0,nan,0.00,0.00
