p,Neg,Pos,mPrec,TN,FP,FN,TP,Prec,Rec,$\hat{p}$
0.0,0,0,nan,0,"420,570",0,"78,926",0.16,1.00,1.00
0.01,10,0,0.00,10,"420,560",0,"78,926",0.16,1.00,1.00
0.02,15,0,0.00,25,"420,545",0,"78,926",0.16,1.00,1.00
0.03,30,0,0.00,55,"420,515",0,"78,926",0.16,1.00,1.00
0.04,55,0,0.00,110,"420,460",0,"78,926",0.16,1.00,1.00
0.05,61,0,0.00,171,"420,399",0,"78,926",0.16,1.00,1.00
0.06,68,1,0.01,239,"420,331",1,"78,925",0.16,1.00,1.00
0.07,84,0,0.00,323,"420,247",1,"78,925",0.16,1.00,1.00
0.08,150,0,0.00,473,"420,097",1,"78,925",0.16,1.00,1.00
0.09,192,0,0.00,665,"419,905",1,"78,925",0.16,1.00,1.00
0.1,226,0,0.00,891,"419,679",1,"78,925",0.16,1.00,1.00
0.11,299,2,0.01,"1,190","419,380",3,"78,923",0.16,1.00,1.00
0.12,415,1,0.00,"1,605","418,965",4,"78,922",0.16,1.00,1.00
0.13,566,7,0.01,"2,171","418,399",11,"78,915",0.16,1.00,1.00
0.14,777,12,0.02,"2,948","417,622",23,"78,903",0.16,1.00,0.99
0.15,966,2,0.00,"3,914","416,656",25,"78,901",0.16,1.00,0.99
0.16,"1,198",17,0.01,"5,112","415,458",42,"78,884",0.16,1.00,0.99
0.17,"1,293",18,0.01,"6,405","414,165",60,"78,866",0.16,1.00,0.99
0.18,"1,536",22,0.01,"7,941","412,629",82,"78,844",0.16,1.00,0.98
0.19,"1,794",35,0.02,"9,735","410,835",117,"78,809",0.16,1.00,0.98
0.2,"2,185",41,0.02,"11,920","408,650",158,"78,768",0.16,1.00,0.98
0.21,"2,427",42,0.02,"14,347","406,223",200,"78,726",0.16,1.00,0.97
0.22,"2,914",68,0.02,"17,261","403,309",268,"78,658",0.16,1.00,0.96
0.23,"3,444",96,0.03,"20,705","399,865",364,"78,562",0.16,1.00,0.96
0.24,"4,013",96,0.02,"24,718","395,852",460,"78,466",0.17,0.99,0.95
0.25,"4,635",162,0.03,"29,353","391,217",622,"78,304",0.17,0.99,0.94
0.26,"5,340",197,0.04,"34,693","385,877",819,"78,107",0.17,0.99,0.93
0.27,"5,890",191,0.03,"40,583","379,987","1,010","77,916",0.17,0.99,0.92
0.28,"6,668",225,0.03,"47,251","373,319","1,235","77,691",0.17,0.98,0.90
0.29,"7,265",330,0.04,"54,516","366,054","1,565","77,361",0.17,0.98,0.89
0.3,"7,951",349,0.04,"62,467","358,103","1,914","77,012",0.18,0.98,0.87
0.31,"8,782",446,0.05,"71,249","349,321","2,360","76,566",0.18,0.97,0.85
0.32,"9,443",570,0.06,"80,692","339,878","2,930","75,996",0.18,0.96,0.83
0.33,"10,442",642,0.06,"91,134","329,436","3,572","75,354",0.19,0.95,0.81
0.34,"11,111",744,0.06,"102,245","318,325","4,316","74,610",0.19,0.95,0.79
0.35,"12,395",905,0.07,"114,640","305,930","5,221","73,705",0.19,0.93,0.76
0.36,"12,936","1,001",0.07,"127,576","292,994","6,222","72,704",0.20,0.92,0.73
0.37,"13,746","1,243",0.08,"141,322","279,248","7,465","71,461",0.20,0.91,0.70
0.38,"14,784","1,423",0.09,"156,106","264,464","8,888","70,038",0.21,0.89,0.67
0.39,"15,239","1,561",0.09,"171,345","249,225","10,449","68,477",0.22,0.87,0.64
0.4,"15,338","1,748",0.10,"186,683","233,887","12,197","66,729",0.22,0.85,0.60
0.41,"15,980","1,899",0.11,"202,663","217,907","14,096","64,830",0.23,0.82,0.57
0.42,"15,838","2,126",0.12,"218,501","202,069","16,222","62,704",0.24,0.79,0.53
0.43,"15,871","2,338",0.13,"234,372","186,198","18,560","60,366",0.24,0.76,0.49
0.44,"15,702","2,432",0.13,"250,074","170,496","20,992","57,934",0.25,0.73,0.46
0.45,"15,486","2,582",0.14,"265,560","155,010","23,574","55,352",0.26,0.70,0.42
0.46,"15,280","2,779",0.15,"280,840","139,730","26,353","52,573",0.27,0.67,0.38
0.47,"14,379","2,762",0.16,"295,219","125,351","29,115","49,811",0.28,0.63,0.35
0.48,"14,077","2,985",0.17,"309,296","111,274","32,100","46,826",0.30,0.59,0.32
0.49,"12,739","3,024",0.19,"322,035","98,535","35,124","43,802",0.31,0.55,0.28
0.5,"12,236","3,038",0.20,"334,271","86,299","38,162","40,764",0.32,0.52,0.25
0.51,"11,061","3,101",0.22,"345,332","75,238","41,263","37,663",0.33,0.48,0.23
0.52,"10,209","3,052",0.23,"355,541","65,029","44,315","34,611",0.35,0.44,0.20
0.53,"9,044","2,957",0.25,"364,585","55,985","47,272","31,654",0.36,0.40,0.18
0.54,"8,143","2,879",0.26,"372,728","47,842","50,151","28,775",0.38,0.36,0.15
0.55,"7,262","2,730",0.27,"379,990","40,580","52,881","26,045",0.39,0.33,0.13
0.56,"6,283","2,537",0.29,"386,273","34,297","55,418","23,508",0.41,0.30,0.12
0.57,"5,407","2,381",0.31,"391,680","28,890","57,799","21,127",0.42,0.27,0.10
0.58,"4,629","2,176",0.32,"396,309","24,261","59,975","18,951",0.44,0.24,0.09
0.59,"4,077","2,049",0.33,"400,386","20,184","62,024","16,902",0.46,0.21,0.07
0.6,"3,502","1,957",0.36,"403,888","16,682","63,981","14,945",0.47,0.19,0.06
0.61,"3,060","1,857",0.38,"406,948","13,622","65,838","13,088",0.49,0.17,0.05
0.62,"2,552","1,684",0.40,"409,500","11,070","67,522","11,404",0.51,0.14,0.04
0.63,"2,156","1,803",0.46,"411,656","8,914","69,325","9,601",0.52,0.12,0.04
0.64,"1,930","1,559",0.45,"413,586","6,984","70,884","8,042",0.54,0.10,0.03
0.65,"1,651","1,439",0.47,"415,237","5,333","72,323","6,603",0.55,0.08,0.02
0.66,"1,412","1,342",0.49,"416,649","3,921","73,665","5,261",0.57,0.07,0.02
0.67,"1,005","1,090",0.52,"417,654","2,916","74,755","4,171",0.59,0.05,0.01
0.68,827,"1,009",0.55,"418,481","2,089","75,764","3,162",0.60,0.04,0.01
0.69,644,841,0.57,"419,125","1,445","76,605","2,321",0.62,0.03,0.01
0.7,500,712,0.59,"419,625",945,"77,317","1,609",0.63,0.02,0.01
0.71,356,486,0.58,"419,981",589,"77,803","1,123",0.66,0.01,0.00
0.72,230,379,0.62,"420,211",359,"78,182",744,0.67,0.01,0.00
0.73,141,254,0.64,"420,352",218,"78,436",490,0.69,0.01,0.00
0.74,102,190,0.65,"420,454",116,"78,626",300,0.72,0.00,0.00
0.75,51,106,0.68,"420,505",65,"78,732",194,0.75,0.00,0.00
0.76,26,84,0.76,"420,531",39,"78,816",110,0.74,0.00,0.00
0.77,21,35,0.62,"420,552",18,"78,851",75,0.81,0.00,0.00
0.78,8,33,0.80,"420,560",10,"78,884",42,0.81,0.00,0.00
0.79,4,8,0.67,"420,564",6,"78,892",34,0.85,0.00,0.00
0.8,1,10,0.91,"420,565",5,"78,902",24,0.83,0.00,0.00
0.81,2,9,0.82,"420,567",3,"78,911",15,0.83,0.00,0.00
0.82,2,4,0.67,"420,569",1,"78,915",11,0.92,0.00,0.00
0.83,0,3,1.00,"420,569",1,"78,918",8,0.89,0.00,0.00
0.84,0,2,1.00,"420,569",1,"78,920",6,0.86,0.00,0.00
0.85,1,0,0.00,"420,570",0,"78,920",6,1.00,0.00,0.00
0.86,0,4,1.00,"420,570",0,"78,924",2,1.00,0.00,0.00
0.87,0,2,1.00,"420,570",0,"78,926",0,nan,0.00,0.00
0.88,0,0,nan,"420,570",0,"78,926",0,nan,0.00,0.00
0.89,0,0,nan,"420,570",0,"78,926",0,nan,0.00,0.00
0.9,0,0,nan,"420,570",0,"78,926",0,nan,0.00,0.00
0.91,0,0,nan,"420,570",0,"78,926",0,nan,0.00,0.00
0.92,0,0,nan,"420,570",0,"78,926",0,nan,0.00,0.00
0.93,0,0,nan,"420,570",0,"78,926",0,nan,0.00,0.00
0.94,0,0,nan,"420,570",0,"78,926",0,nan,0.00,0.00
0.95,0,0,nan,"420,570",0,"78,926",0,nan,0.00,0.00
0.96,0,0,nan,"420,570",0,"78,926",0,nan,0.00,0.00
0.97,0,0,nan,"420,570",0,"78,926",0,nan,0.00,0.00
0.98,0,0,nan,"420,570",0,"78,926",0,nan,0.00,0.00
0.99,0,0,nan,"420,570",0,"78,926",0,nan,0.00,0.00
1.0,0,0,nan,"420,570",0,"78,926",0,nan,0.00,0.00
