p,Neg,Pos,mPrec,TN,FP,FN,TP,Prec,Rec,$\hat{p}$
0.0,0,0,nan,0,"420,570",0,"78,926",0.16,1.00,1.00
0.1,"3,580",9,0.00,"3,580","416,990",9,"78,917",0.16,1.00,0.99
0.2,"30,999",284,0.01,"34,579","385,991",293,"78,633",0.17,1.00,0.93
0.3,"66,473","1,710",0.03,"101,052","319,518","2,003","76,923",0.19,0.97,0.79
0.4,"87,246","4,878",0.05,"188,298","232,272","6,881","72,045",0.24,0.91,0.61
0.5,"89,261","10,287",0.10,"277,559","143,011","17,168","61,758",0.30,0.78,0.41
0.6,"72,249","15,916",0.18,"349,808","70,762","33,084","45,842",0.39,0.58,0.23
0.7,"43,948","17,611",0.29,"393,756","26,814","50,695","28,231",0.51,0.36,0.11
0.8,"19,309","14,628",0.43,"413,065","7,505","65,323","13,603",0.64,0.17,0.04
0.9,"6,466","10,119",0.61,"419,531","1,039","75,442","3,484",0.77,0.04,0.01
1.0,"1,039","3,484",0.77,"420,570",0,"78,926",0,nan,0.00,0.00
