p,Neg,Pos,mPrec,TN,FP,FN,TP,Prec,Rec,$\hat{p}$
0.0,1,0,0.00,1,"420,569",0,"78,926",0.16,1.00,1.00
0.01,899,3,0.00,900,"419,670",3,"78,923",0.16,1.00,1.00
0.02,"3,445",17,0.00,"4,345","416,225",20,"78,906",0.16,1.00,0.99
0.03,"6,197",36,0.01,"10,542","410,028",56,"78,870",0.16,1.00,0.98
0.04,"9,064",82,0.01,"19,606","400,964",138,"78,788",0.16,1.00,0.96
0.05,"11,590",130,0.01,"31,196","389,374",268,"78,658",0.17,1.00,0.94
0.06,"13,446",222,0.02,"44,642","375,928",490,"78,436",0.17,0.99,0.91
0.07,"14,660",290,0.02,"59,302","361,268",780,"78,146",0.18,0.99,0.88
0.08,"15,313",374,0.02,"74,615","345,955","1,154","77,772",0.18,0.99,0.85
0.09,"15,623",510,0.03,"90,238","330,332","1,664","77,262",0.19,0.98,0.82
0.1,"16,024",606,0.04,"106,262","314,308","2,270","76,656",0.20,0.97,0.78
0.11,"15,984",735,0.04,"122,246","298,324","3,005","75,921",0.20,0.96,0.75
0.12,"16,004",770,0.05,"138,250","282,320","3,775","75,151",0.21,0.95,0.72
0.13,"15,463",893,0.05,"153,713","266,857","4,668","74,258",0.22,0.94,0.68
0.14,"15,251",996,0.06,"168,964","251,606","5,664","73,262",0.23,0.93,0.65
0.15,"14,946","1,093",0.07,"183,910","236,660","6,757","72,169",0.23,0.91,0.62
0.16,"14,472","1,134",0.07,"198,382","222,188","7,891","71,035",0.24,0.90,0.59
0.17,"13,665","1,302",0.09,"212,047","208,523","9,193","69,733",0.25,0.88,0.56
0.18,"13,397","1,343",0.09,"225,444","195,126","10,536","68,390",0.26,0.87,0.53
0.19,"12,448","1,425",0.10,"237,892","182,678","11,961","66,965",0.27,0.85,0.50
0.2,"12,180","1,475",0.11,"250,072","170,498","13,436","65,490",0.28,0.83,0.47
0.21,"11,789","1,544",0.12,"261,861","158,709","14,980","63,946",0.29,0.81,0.45
0.22,"10,960","1,605",0.13,"272,821","147,749","16,585","62,341",0.30,0.79,0.42
0.23,"10,461","1,622",0.13,"283,282","137,288","18,207","60,719",0.31,0.77,0.40
0.24,"9,940","1,613",0.14,"293,222","127,348","19,820","59,106",0.32,0.75,0.37
0.25,"9,351","1,694",0.15,"302,573","117,997","21,514","57,412",0.33,0.73,0.35
0.26,"8,746","1,741",0.17,"311,319","109,251","23,255","55,671",0.34,0.71,0.33
0.27,"8,347","1,804",0.18,"319,666","100,904","25,059","53,867",0.35,0.68,0.31
0.28,"8,056","1,859",0.19,"327,722","92,848","26,918","52,008",0.36,0.66,0.29
0.29,"7,441","1,848",0.20,"335,163","85,407","28,766","50,160",0.37,0.64,0.27
0.3,"7,082","1,904",0.21,"342,245","78,325","30,670","48,256",0.38,0.61,0.25
0.31,"6,562","1,908",0.23,"348,807","71,763","32,578","46,348",0.39,0.59,0.24
0.32,"6,028","1,843",0.23,"354,835","65,735","34,421","44,505",0.40,0.56,0.22
0.33,"5,641","1,883",0.25,"360,476","60,094","36,304","42,622",0.41,0.54,0.21
0.34,"5,261","1,740",0.25,"365,737","54,833","38,044","40,882",0.43,0.52,0.19
0.35,"5,000","1,799",0.26,"370,737","49,833","39,843","39,083",0.44,0.50,0.18
0.36,"4,450","1,798",0.29,"375,187","45,383","41,641","37,285",0.45,0.47,0.17
0.37,"4,137","1,747",0.30,"379,324","41,246","43,388","35,538",0.46,0.45,0.15
0.38,"3,824","1,628",0.30,"383,148","37,422","45,016","33,910",0.48,0.43,0.14
0.39,"3,378","1,575",0.32,"386,526","34,044","46,591","32,335",0.49,0.41,0.13
0.4,"3,165","1,607",0.34,"389,691","30,879","48,198","30,728",0.50,0.39,0.12
0.41,"2,931","1,479",0.34,"392,622","27,948","49,677","29,249",0.51,0.37,0.11
0.42,"2,625","1,478",0.36,"395,247","25,323","51,155","27,771",0.52,0.35,0.11
0.43,"2,477","1,391",0.36,"397,724","22,846","52,546","26,380",0.54,0.33,0.10
0.44,"2,237","1,297",0.37,"399,961","20,609","53,843","25,083",0.55,0.32,0.09
0.45,"2,083","1,353",0.39,"402,044","18,526","55,196","23,730",0.56,0.30,0.08
0.46,"1,898","1,245",0.40,"403,942","16,628","56,441","22,485",0.57,0.28,0.08
0.47,"1,598","1,251",0.44,"405,540","15,030","57,692","21,234",0.59,0.27,0.07
0.48,"1,455","1,186",0.45,"406,995","13,575","58,878","20,048",0.60,0.25,0.07
0.49,"1,366","1,152",0.46,"408,361","12,209","60,030","18,896",0.61,0.24,0.06
0.5,"1,223","1,094",0.47,"409,584","10,986","61,124","17,802",0.62,0.23,0.06
0.51,"1,120","1,057",0.49,"410,704","9,866","62,181","16,745",0.63,0.21,0.05
0.52,"1,045","1,037",0.50,"411,749","8,821","63,218","15,708",0.64,0.20,0.05
0.53,910,963,0.51,"412,659","7,911","64,181","14,745",0.65,0.19,0.05
0.54,806,955,0.54,"413,465","7,105","65,136","13,790",0.66,0.17,0.04
0.55,764,917,0.55,"414,229","6,341","66,053","12,873",0.67,0.16,0.04
0.56,672,850,0.56,"414,901","5,669","66,903","12,023",0.68,0.15,0.04
0.57,618,788,0.56,"415,519","5,051","67,691","11,235",0.69,0.14,0.03
0.58,561,768,0.58,"416,080","4,490","68,459","10,467",0.70,0.13,0.03
0.59,503,674,0.57,"416,583","3,987","69,133","9,793",0.71,0.12,0.03
0.6,443,722,0.62,"417,026","3,544","69,855","9,071",0.72,0.11,0.03
0.61,422,665,0.61,"417,448","3,122","70,520","8,406",0.73,0.11,0.02
0.62,366,622,0.63,"417,814","2,756","71,142","7,784",0.74,0.10,0.02
0.63,305,578,0.65,"418,119","2,451","71,720","7,206",0.75,0.09,0.02
0.64,248,507,0.67,"418,367","2,203","72,227","6,699",0.75,0.08,0.02
0.65,250,524,0.68,"418,617","1,953","72,751","6,175",0.76,0.08,0.02
0.66,253,521,0.67,"418,870","1,700","73,272","5,654",0.77,0.07,0.01
0.67,212,540,0.72,"419,082","1,488","73,812","5,114",0.77,0.06,0.01
0.68,208,442,0.68,"419,290","1,280","74,254","4,672",0.78,0.06,0.01
0.69,188,471,0.71,"419,478","1,092","74,725","4,201",0.79,0.05,0.01
0.7,144,450,0.76,"419,622",948,"75,175","3,751",0.80,0.05,0.01
0.71,141,442,0.76,"419,763",807,"75,617","3,309",0.80,0.04,0.01
0.72,122,384,0.76,"419,885",685,"76,001","2,925",0.81,0.04,0.01
0.73,117,371,0.76,"420,002",568,"76,372","2,554",0.82,0.03,0.01
0.74,101,355,0.78,"420,103",467,"76,727","2,199",0.82,0.03,0.01
0.75,80,322,0.80,"420,183",387,"77,049","1,877",0.83,0.02,0.00
0.76,56,300,0.84,"420,239",331,"77,349","1,577",0.83,0.02,0.00
0.77,66,267,0.80,"420,305",265,"77,616","1,310",0.83,0.02,0.00
0.78,57,231,0.80,"420,362",208,"77,847","1,079",0.84,0.01,0.00
0.79,52,173,0.77,"420,414",156,"78,020",906,0.85,0.01,0.00
0.8,41,190,0.82,"420,455",115,"78,210",716,0.86,0.01,0.00
0.81,26,144,0.85,"420,481",89,"78,354",572,0.87,0.01,0.00
0.82,15,122,0.89,"420,496",74,"78,476",450,0.86,0.01,0.00
0.83,23,100,0.81,"420,519",51,"78,576",350,0.87,0.00,0.00
0.84,15,73,0.83,"420,534",36,"78,649",277,0.88,0.00,0.00
0.85,13,80,0.86,"420,547",23,"78,729",197,0.90,0.00,0.00
0.86,5,53,0.91,"420,552",18,"78,782",144,0.89,0.00,0.00
0.87,7,37,0.84,"420,559",11,"78,819",107,0.91,0.00,0.00
0.88,5,18,0.78,"420,564",6,"78,837",89,0.94,0.00,0.00
0.89,3,20,0.87,"420,567",3,"78,857",69,0.96,0.00,0.00
0.9,1,17,0.94,"420,568",2,"78,874",52,0.96,0.00,0.00
0.91,2,17,0.89,"420,570",0,"78,891",35,1.00,0.00,0.00
0.92,0,13,1.00,"420,570",0,"78,904",22,1.00,0.00,0.00
0.93,0,8,1.00,"420,570",0,"78,912",14,1.00,0.00,0.00
0.94,0,5,1.00,"420,570",0,"78,917",9,1.00,0.00,0.00
0.95,0,2,1.00,"420,570",0,"78,919",7,1.00,0.00,0.00
0.96,0,5,1.00,"420,570",0,"78,924",2,1.00,0.00,0.00
0.97,0,1,1.00,"420,570",0,"78,925",1,1.00,0.00,0.00
0.98,0,0,nan,"420,570",0,"78,925",1,1.00,0.00,0.00
0.99,0,0,nan,"420,570",0,"78,925",1,1.00,0.00,0.00
1.0,0,1,1.00,"420,570",0,"78,926",0,nan,0.00,0.00
