p,Neg,Pos,mPrec,TN,FP,FN,TP,Prec,Rec,FP/P,$\hat{p}$
0.0,"15,021",134,0.01,"15,021","585,794",134,"112,617",0.16,1.00,5.195466115599862,0.98
0.01,"18,551",242,0.01,"33,572","567,243",376,"112,375",0.17,1.00,5.030935424076062,0.95
0.02,"20,317",381,0.02,"53,889","546,926",757,"111,994",0.17,0.99,4.850741900293567,0.92
0.03,"20,602",532,0.03,"74,491","526,324","1,289","111,462",0.17,0.99,4.66802068274339,0.89
0.04,"20,475",620,0.03,"94,966","505,849","1,909","110,842",0.18,0.98,4.486425841012497,0.86
0.05,"19,963",725,0.04,"114,929","485,886","2,634","110,117",0.18,0.98,4.309371978962493,0.84
0.06,"19,162",771,0.04,"134,091","466,724","3,405","109,346",0.19,0.97,4.139422266764818,0.81
0.07,"18,445",849,0.04,"152,536","448,279","4,254","108,497",0.19,0.96,3.975831699940577,0.78
0.08,"17,780",971,0.05,"170,316","430,499","5,225","107,526",0.20,0.95,3.818139085240929,0.75
0.09,"17,141",962,0.05,"187,457","413,358","6,187","106,564",0.20,0.95,3.666113826041454,0.73
0.1,"16,923","1,108",0.06,"204,380","396,435","7,295","105,456",0.21,0.94,3.516022030846733,0.70
0.11,"16,284","1,091",0.06,"220,664","380,151","8,386","104,365",0.22,0.93,3.371597591152185,0.68
0.12,"15,634","1,223",0.07,"236,298","364,517","9,609","103,142",0.22,0.91,3.232938067068141,0.66
0.13,"15,047","1,291",0.08,"251,345","349,470","10,900","101,851",0.23,0.90,3.0994847052354304,0.63
0.14,"14,793","1,274",0.08,"266,138","334,677","12,174","100,577",0.23,0.89,2.9682840950412857,0.61
0.15,"14,199","1,306",0.08,"280,337","320,478","13,480","99,271",0.24,0.88,2.8423517308050483,0.59
0.16,"13,627","1,358",0.09,"293,964","306,851","14,838","97,913",0.24,0.87,2.721492492306055,0.57
0.17,"13,178","1,387",0.10,"307,142","293,673","16,225","96,526",0.25,0.86,2.6046154801287793,0.55
0.18,"12,782","1,437",0.10,"319,924","280,891","17,662","95,089",0.25,0.84,2.491250631923442,0.53
0.19,"12,323","1,527",0.11,"332,247","268,568","19,189","93,562",0.26,0.83,2.3819567010492144,0.51
0.2,"12,026","1,445",0.11,"344,273","256,542","20,634","92,117",0.26,0.82,2.275296893153941,0.49
0.21,"11,223","1,513",0.12,"355,496","245,319","22,147","90,604",0.27,0.80,2.1757589733128753,0.47
0.22,"11,119","1,576",0.12,"366,615","234,200","23,723","89,028",0.28,0.79,2.07714343996949,0.45
0.23,"10,565","1,566",0.13,"377,180","223,635","25,289","87,462",0.28,0.78,1.983441388546443,0.44
0.24,"10,302","1,632",0.14,"387,482","213,333","26,921","85,830",0.29,0.76,1.8920719106704154,0.42
0.25,"9,970","1,610",0.14,"397,452","203,363","28,531","84,220",0.29,0.75,1.8036469743062147,0.40
0.26,"9,488","1,740",0.15,"406,940","193,875","30,271","82,480",0.30,0.73,1.7194969445947264,0.39
0.27,"9,140","1,642",0.15,"416,080","184,735","31,913","80,838",0.30,0.72,1.638433362010093,0.37
0.28,"8,814","1,703",0.16,"424,894","175,921","33,616","79,135",0.31,0.70,1.5602611063316512,0.36
0.29,"8,700","1,666",0.16,"433,594","167,221","35,282","77,469",0.32,0.69,1.4830999281602824,0.34
0.3,"8,071","1,662",0.17,"441,665","159,150","36,944","75,807",0.32,0.67,1.4115174144796943,0.33
0.31,"7,990","1,772",0.18,"449,655","151,160","38,716","74,035",0.33,0.66,1.3406532979751842,0.32
0.32,"7,688","1,756",0.19,"457,343","143,472","40,472","72,279",0.34,0.64,1.2724676499543242,0.30
0.33,"7,497","1,710",0.19,"464,840","135,975","42,182","70,569",0.34,0.63,1.2059760002128583,0.29
0.34,"6,929","1,805",0.21,"471,769","129,046","43,987","68,764",0.35,0.61,1.1445219998048797,0.28
0.35,"6,853","1,735",0.20,"478,622","122,193","45,722","67,029",0.35,0.59,1.0837420510682831,0.27
0.36,"6,486","1,786",0.22,"485,108","115,707","47,508","65,243",0.36,0.58,1.0262170623763869,0.25
0.37,"6,235","1,736",0.22,"491,343","109,472","49,244","63,507",0.37,0.56,0.9709182180202393,0.24
0.38,"5,941","1,740",0.23,"497,284","103,531","50,984","61,767",0.37,0.55,0.9182268893402276,0.23
0.39,"5,716","1,688",0.23,"503,000","97,815","52,672","60,079",0.38,0.53,0.8675311083715443,0.22
0.4,"5,663","1,673",0.23,"508,663","92,152","54,345","58,406",0.39,0.52,0.8173053897526408,0.21
0.41,"5,262","1,665",0.24,"513,925","86,890","56,010","56,741",0.40,0.50,0.7706361806103715,0.20
0.42,"5,043","1,643",0.25,"518,968","81,847","57,653","55,098",0.40,0.49,0.7259093045737953,0.19
0.43,"4,885","1,663",0.25,"523,853","76,962","59,316","53,435",0.41,0.47,0.6825837464856187,0.18
0.44,"4,558","1,690",0.27,"528,411","72,404","61,006","51,745",0.42,0.46,0.642158384404573,0.17
0.45,"4,322","1,624",0.27,"532,733","68,082","62,630","50,121",0.42,0.44,0.6038261301451872,0.17
0.46,"4,140","1,592",0.28,"536,873","63,942","64,222","48,529",0.43,0.43,0.5671080522567428,0.16
0.47,"3,775","1,596",0.30,"540,648","60,167","65,818","46,933",0.44,0.42,0.5336271962111201,0.15
0.48,"3,714","1,546",0.29,"544,362","56,453","67,364","45,387",0.45,0.40,0.500687355322791,0.14
0.49,"3,530","1,526",0.30,"547,892","52,923","68,890","43,861",0.45,0.39,0.4693794290072815,0.14
0.5,"3,268","1,514",0.32,"551,160","49,655","70,404","42,347",0.46,0.38,0.44039520713785246,0.13
0.51,"3,070","1,494",0.33,"554,230","46,585","71,898","40,853",0.47,0.36,0.4131670672543924,0.12
0.52,"2,920","1,465",0.33,"557,150","43,665","73,363","39,388",0.47,0.35,0.3872692925118181,0.12
0.53,"2,755","1,384",0.33,"559,905","40,910","74,747","38,004",0.48,0.34,0.36283491942421797,0.11
0.54,"2,594","1,405",0.35,"562,499","38,316","76,152","36,599",0.49,0.32,0.33982847158783513,0.10
0.55,"2,443","1,348",0.36,"564,942","35,873","77,500","35,251",0.50,0.31,0.3181612579932772,0.10
0.56,"2,338","1,284",0.35,"567,280","33,535","78,784","33,967",0.50,0.30,0.29742529999733924,0.09
0.57,"2,144","1,219",0.36,"569,424","31,391","80,003","32,748",0.51,0.29,0.2784099475836134,0.09
0.58,"2,178","1,231",0.36,"571,602","29,213","81,234","31,517",0.52,0.28,0.25909304573795355,0.09
0.59,"1,891","1,206",0.39,"573,493","27,322","82,440","30,311",0.53,0.27,0.24232157586185488,0.08
0.6,"1,895","1,176",0.38,"575,388","25,427","83,616","29,135",0.53,0.26,0.22551462958199928,0.08
0.61,"1,733","1,161",0.40,"577,121","23,694","84,777","27,974",0.54,0.25,0.2101444776543002,0.07
0.62,"1,561","1,100",0.41,"578,682","22,133","85,877","26,874",0.55,0.24,0.19629981108815,0.07
0.63,"1,423","1,082",0.43,"580,105","20,710","86,959","25,792",0.55,0.23,0.18367908045161463,0.07
0.64,"1,459","1,035",0.41,"581,564","19,251","87,994","24,757",0.56,0.22,0.1707390621812667,0.06
0.65,"1,321","1,078",0.45,"582,885","17,930","89,072","23,679",0.57,0.21,0.15902297984053357,0.06
0.66,"1,280",996,0.44,"584,165","16,650","90,068","22,683",0.58,0.20,0.1476705306383092,0.06
0.67,"1,128","1,043",0.48,"585,293","15,522","91,111","21,640",0.58,0.19,0.13766618477884895,0.05
0.68,"1,084",964,0.47,"586,377","14,438","92,075","20,676",0.59,0.18,0.1280520793607152,0.05
0.69,"1,104",913,0.45,"587,481","13,334","92,988","19,763",0.60,0.18,0.11826059192379669,0.05
0.7,983,901,0.48,"588,464","12,351","93,889","18,862",0.60,0.17,0.10954226570052594,0.04
0.71,853,825,0.49,"589,317","11,498","94,714","18,037",0.61,0.16,0.1019769225993561,0.04
0.72,826,833,0.50,"590,143","10,672","95,547","17,204",0.62,0.15,0.09465104522354569,0.04
0.73,793,823,0.51,"590,936","9,879","96,370","16,381",0.62,0.15,0.08761784817873013,0.04
0.74,749,708,0.49,"591,685","9,130","97,078","15,673",0.63,0.14,0.08097489157524101,0.03
0.75,661,749,0.53,"592,346","8,469","97,827","14,924",0.64,0.13,0.07511241585440484,0.03
0.76,620,737,0.54,"592,966","7,849","98,564","14,187",0.64,0.13,0.06961357327207741,0.03
0.77,609,693,0.53,"593,575","7,240","99,257","13,494",0.65,0.12,0.06421229080008159,0.03
0.78,550,644,0.54,"594,125","6,690","99,901","12,850",0.66,0.11,0.059334285283500814,0.03
0.79,501,629,0.56,"594,626","6,189","100,530","12,221",0.66,0.11,0.05489086571294268,0.03
0.8,463,565,0.55,"595,089","5,726","101,095","11,656",0.67,0.10,0.050784471978075583,0.02
0.81,425,566,0.57,"595,514","5,301","101,661","11,090",0.68,0.10,0.04701510407889952,0.02
0.82,385,581,0.60,"595,899","4,916","102,242","10,509",0.68,0.09,0.043600500217292976,0.02
0.83,397,548,0.58,"596,296","4,519","102,790","9,961",0.69,0.09,0.04007946714441557,0.02
0.84,361,534,0.60,"596,657","4,158","103,324","9,427",0.69,0.08,0.03687772170535073,0.02
0.85,319,539,0.63,"596,976","3,839","103,863","8,888",0.70,0.08,0.03404847850573387,0.02
0.86,307,486,0.61,"597,283","3,532","104,349","8,402",0.70,0.07,0.03132566451738787,0.02
0.87,280,489,0.64,"597,563","3,252","104,838","7,913",0.71,0.07,0.02884231625440129,0.02
0.88,264,488,0.65,"597,827","2,988","105,326","7,425",0.71,0.07,0.026500873606442515,0.01
0.89,226,484,0.68,"598,053","2,762","105,810","6,941",0.72,0.06,0.024496456794174774,0.01
0.9,233,427,0.65,"598,286","2,529","106,237","6,514",0.72,0.06,0.02242995627533237,0.01
0.91,225,413,0.65,"598,511","2,304","106,650","6,101",0.73,0.05,0.020434408564003866,0.01
0.92,214,423,0.66,"598,725","2,090","107,073","5,678",0.73,0.05,0.01853642096300698,0.01
0.93,215,401,0.65,"598,940","1,875","107,474","5,277",0.74,0.05,0.016629564261070855,0.01
0.94,184,412,0.69,"599,124","1,691","107,886","4,865",0.74,0.04,0.014997649688251102,0.01
0.95,142,357,0.72,"599,266","1,549","108,243","4,508",0.74,0.04,0.013738237354879336,0.01
0.96,139,393,0.74,"599,405","1,410","108,636","4,115",0.74,0.04,0.012505432324325284,0.01
0.97,131,349,0.73,"599,536","1,279","108,985","3,766",0.75,0.03,0.011343580101285132,0.01
0.98,133,336,0.72,"599,669","1,146","109,321","3,430",0.75,0.03,0.010163989676366506,0.01
0.99,123,342,0.74,"599,792","1,023","109,663","3,088",0.75,0.03,0.009073090260840258,0.01
1.0,"1,023","3,088",0.75,"600,815",0,"112,751",0,nan,0.00,0.0,0.00
