p,Neg,Pos,mPrec,TN,FP,FN,TP,Prec,Rec,FP/P,$\hat{p}$
0.0,1,0,0.00,1,"600,814",0,"112,751",0.16,1.00,5.328680011707213,1.00
0.01,"20,570",208,0.01,"20,571","580,244",208,"112,543",0.16,1.00,5.1462426053870916,0.97
0.02,"33,452",564,0.02,"54,023","546,792",772,"111,979",0.17,0.99,4.84955344076771,0.92
0.03,"34,859",913,0.03,"88,882","511,933","1,685","111,066",0.18,0.99,4.540385451126819,0.87
0.04,"33,778","1,222",0.03,"122,660","478,155","2,907","109,844",0.19,0.97,4.240804959601245,0.82
0.05,"32,159","1,454",0.04,"154,819","445,996","4,361","108,390",0.20,0.96,3.955583542496297,0.78
0.06,"30,172","1,621",0.05,"184,991","415,824","5,982","106,769",0.20,0.95,3.6879850289576144,0.73
0.07,"28,057","1,800",0.06,"213,048","387,767","7,782","104,969",0.21,0.93,3.4391446639054197,0.69
0.08,"26,520","1,981",0.07,"239,568","361,247","9,763","102,988",0.22,0.91,3.2039361069968337,0.65
0.09,"25,046","2,136",0.08,"264,614","336,201","11,899","100,852",0.23,0.89,2.981800604872684,0.61
0.1,"23,053","2,198",0.09,"287,667","313,148","14,097","98,654",0.24,0.87,2.777341220920435,0.58
0.11,"21,756","2,322",0.10,"309,423","291,392","16,419","96,332",0.25,0.85,2.584385060886378,0.54
0.12,"20,103","2,324",0.10,"329,526","271,289","18,743","94,008",0.26,0.83,2.4060895247048806,0.51
0.13,"18,695","2,394",0.11,"348,221","252,594","21,137","91,614",0.27,0.81,2.24028168264583,0.48
0.14,"17,537","2,422",0.12,"365,758","235,057","23,559","89,192",0.28,0.79,2.084744259474417,0.45
0.15,"16,507","2,540",0.13,"382,265","218,550","26,099","86,652",0.28,0.77,1.938342010270419,0.43
0.16,"15,351","2,561",0.14,"397,616","203,199","28,660","84,091",0.29,0.75,1.8021924417521795,0.40
0.17,"14,248","2,530",0.15,"411,864","188,951","31,190","81,561",0.30,0.72,1.6758254915699196,0.38
0.18,"13,518","2,525",0.16,"425,382","175,433","33,715","79,036",0.31,0.70,1.555932985073303,0.36
0.19,"12,338","2,599",0.17,"437,720","163,095","36,314","76,437",0.32,0.68,1.4465060176849873,0.34
0.2,"11,964","2,532",0.17,"449,684","151,131","38,846","73,905",0.33,0.66,1.3403960940479465,0.32
0.21,"11,109","2,551",0.19,"460,793","140,022","41,397","71,354",0.34,0.63,1.2418692517139538,0.30
0.22,"10,318","2,422",0.19,"471,111","129,704","43,819","68,932",0.35,0.61,1.1503578682228983,0.28
0.23,"9,338","2,249",0.19,"480,449","120,366","46,068","66,683",0.36,0.59,1.0675382036522958,0.26
0.24,"8,974","2,340",0.21,"489,423","111,392","48,408","64,343",0.37,0.57,0.9879468918235759,0.25
0.25,"8,350","2,369",0.22,"497,773","103,042","50,777","61,974",0.38,0.55,0.9138898989809403,0.23
0.26,"7,773","2,367",0.23,"505,546","95,269","53,144","59,607",0.38,0.53,0.8449503773802449,0.22
0.27,"7,283","2,295",0.24,"512,829","87,986","55,439","57,312",0.39,0.51,0.7803567152397761,0.20
0.28,"6,683","2,237",0.25,"519,512","81,303","57,676","55,075",0.40,0.49,0.72108451366285,0.19
0.29,"6,371","2,257",0.26,"525,883","74,932","59,933","52,818",0.41,0.47,0.664579471578966,0.18
0.3,"5,912","2,219",0.27,"531,795","69,020","62,152","50,599",0.42,0.45,0.6121453468261923,0.17
0.31,"5,403","2,141",0.28,"537,198","63,617","64,293","48,458",0.43,0.43,0.5642255944514905,0.16
0.32,"5,027","2,076",0.29,"542,225","58,590","66,369","46,382",0.44,0.41,0.519640624029942,0.15
0.33,"4,679","2,061",0.31,"546,904","53,911","68,430","44,321",0.45,0.39,0.4781421007352485,0.14
0.34,"4,364","2,043",0.32,"551,268","49,547","70,473","42,278",0.46,0.37,0.43943734423641473,0.13
0.35,"4,118","1,850",0.31,"555,386","45,429","72,323","40,428",0.47,0.36,0.40291438656863354,0.12
0.36,"3,710","1,841",0.33,"559,096","41,719","74,164","38,587",0.48,0.34,0.37001002208406136,0.11
0.37,"3,457","1,743",0.34,"562,553","38,262","75,907","36,844",0.49,0.33,0.3393495401371163,0.11
0.38,"3,049","1,703",0.36,"565,602","35,213","77,610","35,141",0.50,0.31,0.3123076513733803,0.10
0.39,"3,055","1,675",0.35,"568,657","32,158","79,285","33,466",0.51,0.30,0.28521254800400886,0.09
0.4,"2,705","1,592",0.37,"571,362","29,453","80,877","31,874",0.52,0.28,0.2612216299633706,0.09
0.41,"2,617","1,619",0.38,"573,979","26,836","82,496","30,255",0.53,0.27,0.23801119280538532,0.08
0.42,"2,309","1,425",0.38,"576,288","24,527","83,921","28,830",0.54,0.26,0.21753243873668526,0.07
0.43,"2,154","1,461",0.40,"578,442","22,373","85,382","27,369",0.55,0.24,0.19842839531356707,0.07
0.44,"1,921","1,401",0.42,"580,363","20,452","86,783","25,968",0.56,0.23,0.18139085240929126,0.07
0.45,"1,785","1,400",0.44,"582,148","18,667","88,183","24,568",0.57,0.22,0.1655595072327518,0.06
0.46,"1,656","1,328",0.45,"583,804","17,011","89,511","23,240",0.58,0.21,0.15087227607737402,0.06
0.47,"1,591","1,240",0.44,"585,395","15,420","90,751","22,000",0.59,0.20,0.1367615364830467,0.05
0.48,"1,378","1,204",0.47,"586,773","14,042","91,955","20,796",0.60,0.18,0.12453991538877704,0.05
0.49,"1,235","1,160",0.48,"588,008","12,807","93,115","19,636",0.61,0.17,0.11358657572881838,0.05
0.5,"1,164","1,107",0.49,"589,172","11,643","94,222","18,529",0.61,0.16,0.10326294223554558,0.04
0.51,"1,092","1,086",0.50,"590,264","10,551","95,308","17,443",0.62,0.15,0.09357788400989792,0.04
0.52,"1,003","1,011",0.50,"591,267","9,548","96,319","16,432",0.63,0.15,0.08468217576784241,0.04
0.53,901,951,0.51,"592,168","8,647","97,270","15,481",0.64,0.14,0.07669111582158916,0.03
0.54,786,939,0.54,"592,954","7,861","98,209","14,542",0.65,0.13,0.06972000248334827,0.03
0.55,728,892,0.55,"593,682","7,133","99,101","13,650",0.66,0.12,0.06326329699958315,0.03
0.56,673,860,0.56,"594,355","6,460","99,961","12,790",0.66,0.11,0.05729439206747612,0.03
0.57,596,787,0.57,"594,951","5,864","100,748","12,003",0.67,0.11,0.052008407907690395,0.03
0.58,554,751,0.58,"595,505","5,310","101,499","11,252",0.68,0.10,0.04709492598735266,0.02
0.59,508,767,0.60,"596,013","4,802","102,266","10,485",0.69,0.09,0.042589422710219864,0.02
0.6,455,743,0.62,"596,468","4,347","103,009","9,742",0.69,0.09,0.03855398178286667,0.02
0.61,444,721,0.62,"596,912","3,903","103,730","9,021",0.70,0.08,0.034616100965845095,0.02
0.62,422,706,0.63,"597,334","3,481","104,436","8,315",0.70,0.07,0.030873340369486746,0.02
0.63,353,641,0.64,"597,687","3,128","105,077","7,674",0.71,0.07,0.027742547737935806,0.02
0.64,347,626,0.64,"598,034","2,781","105,703","7,048",0.72,0.06,0.024664969712020292,0.01
0.65,313,636,0.67,"598,347","2,468","106,339","6,412",0.72,0.06,0.021888941118038865,0.01
0.66,315,593,0.65,"598,662","2,153","106,932","5,819",0.73,0.05,0.01909517432217896,0.01
0.67,261,601,0.70,"598,923","1,892","107,533","5,218",0.73,0.05,0.016780338977037897,0.01
0.68,240,570,0.70,"599,163","1,652","108,103","4,648",0.74,0.04,0.014651754751620828,0.01
0.69,216,548,0.72,"599,379","1,436","108,651","4,100",0.74,0.04,0.012736028948745466,0.01
0.7,182,489,0.73,"599,561","1,254","109,140","3,611",0.74,0.03,0.011121852577804188,0.01
0.71,197,485,0.71,"599,758","1,057","109,625","3,126",0.75,0.03,0.009374639692774344,0.01
0.72,179,456,0.72,"599,937",878,"110,081","2,670",0.75,0.02,0.007787070624650779,0.00
0.73,142,394,0.74,"600,079",736,"110,475","2,276",0.76,0.02,0.006527658291279013,0.00
0.74,128,375,0.75,"600,207",608,"110,850","1,901",0.76,0.02,0.005392413371056576,0.00
0.75,133,337,0.72,"600,340",475,"111,187","1,564",0.77,0.01,0.00421282294613795,0.00
0.76,102,292,0.74,"600,442",373,"111,479","1,272",0.77,0.01,0.0033081746503356955,0.00
0.77,81,252,0.76,"600,523",292,"111,731","1,020",0.78,0.01,0.0025897774742574347,0.00
0.78,68,213,0.76,"600,591",224,"111,944",807,0.78,0.01,0.0019866786103892647,0.00
0.79,45,166,0.79,"600,636",179,"112,110",641,0.78,0.01,0.0015875690681235643,0.00
0.8,43,139,0.76,"600,679",136,"112,249",502,0.79,0.00,0.0012061977277363393,0.00
0.81,32,115,0.78,"600,711",104,"112,364",387,0.79,0.00,0.0009223864976807302,0.00
0.82,27,91,0.77,"600,738",77,"112,455",296,0.79,0.00,0.0006829207723213098,0.00
0.83,20,75,0.79,"600,758",57,"112,530",221,0.79,0.00,0.000505538753536554,0.00
0.84,14,56,0.80,"600,772",43,"112,586",165,0.79,0.00,0.00038137134038722495,0.00
0.85,9,30,0.77,"600,781",34,"112,616",135,0.80,0.00,0.0003015494319340848,0.00
0.86,9,31,0.78,"600,790",25,"112,647",104,0.81,0.00,0.00022172752348094475,0.00
0.87,9,18,0.67,"600,799",16,"112,665",86,0.84,0.00,0.00014190561502780462,0.00
0.88,3,16,0.84,"600,802",13,"112,681",70,0.84,0.00,0.00011529831221009127,0.00
0.89,4,13,0.76,"600,806",9,"112,694",57,0.86,0.00,7.98219084531401e-05,0.00
0.9,2,12,0.86,"600,808",7,"112,706",45,0.87,0.00,6.208370657466452e-05,0.00
0.91,1,12,0.92,"600,809",6,"112,718",33,0.85,0.00,5.321460563542674e-05,0.00
0.92,2,10,0.83,"600,811",4,"112,728",23,0.85,0.00,3.5476403756951156e-05,0.00
0.93,1,5,0.83,"600,812",3,"112,733",18,0.86,0.00,2.660730281771337e-05,0.00
0.94,0,7,1.00,"600,812",3,"112,740",11,0.79,0.00,2.660730281771337e-05,0.00
0.95,2,3,0.60,"600,814",1,"112,743",8,0.89,0.00,8.869100939237789e-06,0.00
0.96,1,0,0.00,"600,815",0,"112,743",8,1.00,0.00,0.0,0.00
0.97,0,3,1.00,"600,815",0,"112,746",5,1.00,0.00,0.0,0.00
0.98,0,3,1.00,"600,815",0,"112,749",2,1.00,0.00,0.0,0.00
0.99,0,1,1.00,"600,815",0,"112,750",1,1.00,0.00,0.0,0.00
1.0,0,1,1.00,"600,815",0,"112,751",0,nan,0.00,0.0,0.00
