p,Neg,Pos,mPrec,TN,FP,FN,TP,Prec,Rec,$\hat{p}$
0.0,"4,215",29,0.01,"4,215","416,355",29,"78,897",0.16,1.00,0.99
0.01,677,9,0.01,"4,892","415,678",38,"78,888",0.16,1.00,0.99
0.02,685,10,0.01,"5,577","414,993",48,"78,878",0.16,1.00,0.99
0.03,736,12,0.02,"6,313","414,257",60,"78,866",0.16,1.00,0.99
0.04,844,10,0.01,"7,157","413,413",70,"78,856",0.16,1.00,0.99
0.05,885,12,0.01,"8,042","412,528",82,"78,844",0.16,1.00,0.98
0.06,"1,007",22,0.02,"9,049","411,521",104,"78,822",0.16,1.00,0.98
0.07,"1,071",17,0.02,"10,120","410,450",121,"78,805",0.16,1.00,0.98
0.08,"1,305",24,0.02,"11,425","409,145",145,"78,781",0.16,1.00,0.98
0.09,"1,258",20,0.02,"12,683","407,887",165,"78,761",0.16,1.00,0.97
0.1,"1,391",31,0.02,"14,074","406,496",196,"78,730",0.16,1.00,0.97
0.11,"1,566",34,0.02,"15,640","404,930",230,"78,696",0.16,1.00,0.97
0.12,"1,719",39,0.02,"17,359","403,211",269,"78,657",0.16,1.00,0.96
0.13,"1,948",57,0.03,"19,307","401,263",326,"78,600",0.16,1.00,0.96
0.14,"2,020",57,0.03,"21,327","399,243",383,"78,543",0.16,1.00,0.96
0.15,"2,249",50,0.02,"23,576","396,994",433,"78,493",0.17,0.99,0.95
0.16,"2,441",72,0.03,"26,017","394,553",505,"78,421",0.17,0.99,0.95
0.17,"2,647",91,0.03,"28,664","391,906",596,"78,330",0.17,0.99,0.94
0.18,"2,890",102,0.03,"31,554","389,016",698,"78,228",0.17,0.99,0.94
0.19,"3,096",121,0.04,"34,650","385,920",819,"78,107",0.17,0.99,0.93
0.2,"3,244",110,0.03,"37,894","382,676",929,"77,997",0.17,0.99,0.92
0.21,"3,520",101,0.03,"41,414","379,156","1,030","77,896",0.17,0.99,0.92
0.22,"3,681",134,0.04,"45,095","375,475","1,164","77,762",0.17,0.99,0.91
0.23,"3,956",150,0.04,"49,051","371,519","1,314","77,612",0.17,0.98,0.90
0.24,"4,105",179,0.04,"53,156","367,414","1,493","77,433",0.17,0.98,0.89
0.25,"4,437",207,0.04,"57,593","362,977","1,700","77,226",0.18,0.98,0.88
0.26,"4,539",196,0.04,"62,132","358,438","1,896","77,030",0.18,0.98,0.87
0.27,"4,882",240,0.05,"67,014","353,556","2,136","76,790",0.18,0.97,0.86
0.28,"5,095",267,0.05,"72,109","348,461","2,403","76,523",0.18,0.97,0.85
0.29,"5,211",326,0.06,"77,320","343,250","2,729","76,197",0.18,0.97,0.84
0.3,"5,696",306,0.05,"83,016","337,554","3,035","75,891",0.18,0.96,0.83
0.31,"5,803",373,0.06,"88,819","331,751","3,408","75,518",0.19,0.96,0.82
0.32,"6,245",416,0.06,"95,064","325,506","3,824","75,102",0.19,0.95,0.80
0.33,"6,259",437,0.07,"101,323","319,247","4,261","74,665",0.19,0.95,0.79
0.34,"6,960",494,0.07,"108,283","312,287","4,755","74,171",0.19,0.94,0.77
0.35,"7,047",518,0.07,"115,330","305,240","5,273","73,653",0.19,0.93,0.76
0.36,"7,279",549,0.07,"122,609","297,961","5,822","73,104",0.20,0.93,0.74
0.37,"7,463",617,0.08,"130,072","290,498","6,439","72,487",0.20,0.92,0.73
0.38,"7,676",664,0.08,"137,748","282,822","7,103","71,823",0.20,0.91,0.71
0.39,"8,185",764,0.09,"145,933","274,637","7,867","71,059",0.21,0.90,0.69
0.4,"8,487",859,0.09,"154,420","266,150","8,726","70,200",0.21,0.89,0.67
0.41,"8,596",836,0.09,"163,016","257,554","9,562","69,364",0.21,0.88,0.65
0.42,"8,613",920,0.10,"171,629","248,941","10,482","68,444",0.22,0.87,0.64
0.43,"8,608",995,0.10,"180,237","240,333","11,477","67,449",0.22,0.85,0.62
0.44,"8,932","1,020",0.10,"189,169","231,401","12,497","66,429",0.22,0.84,0.60
0.45,"9,029","1,039",0.10,"198,198","222,372","13,536","65,390",0.23,0.83,0.58
0.46,"8,946","1,167",0.12,"207,144","213,426","14,703","64,223",0.23,0.81,0.56
0.47,"8,957","1,210",0.12,"216,101","204,469","15,913","63,013",0.24,0.80,0.54
0.48,"9,023","1,214",0.12,"225,124","195,446","17,127","61,799",0.24,0.78,0.52
0.49,"8,978","1,379",0.13,"234,102","186,468","18,506","60,420",0.24,0.77,0.49
0.5,"8,982","1,331",0.13,"243,084","177,486","19,837","59,089",0.25,0.75,0.47
0.51,"8,872","1,479",0.14,"251,956","168,614","21,316","57,610",0.25,0.73,0.45
0.52,"8,841","1,463",0.14,"260,797","159,773","22,779","56,147",0.26,0.71,0.43
0.53,"8,622","1,479",0.15,"269,419","151,151","24,258","54,668",0.27,0.69,0.41
0.54,"8,657","1,545",0.15,"278,076","142,494","25,803","53,123",0.27,0.67,0.39
0.55,"8,300","1,618",0.16,"286,376","134,194","27,421","51,505",0.28,0.65,0.37
0.56,"8,121","1,533",0.16,"294,497","126,073","28,954","49,972",0.28,0.63,0.35
0.57,"8,009","1,675",0.17,"302,506","118,064","30,629","48,297",0.29,0.61,0.33
0.58,"7,855","1,728",0.18,"310,361","110,209","32,357","46,569",0.30,0.59,0.31
0.59,"7,359","1,724",0.19,"317,720","102,850","34,081","44,845",0.30,0.57,0.30
0.6,"6,977","1,672",0.19,"324,697","95,873","35,753","43,173",0.31,0.55,0.28
0.61,"6,911","1,721",0.20,"331,608","88,962","37,474","41,452",0.32,0.53,0.26
0.62,"6,648","1,798",0.21,"338,256","82,314","39,272","39,654",0.33,0.50,0.24
0.63,"6,162","1,734",0.22,"344,418","76,152","41,006","37,920",0.33,0.48,0.23
0.64,"5,936","1,674",0.22,"350,354","70,216","42,680","36,246",0.34,0.46,0.21
0.65,"5,638","1,776",0.24,"355,992","64,578","44,456","34,470",0.35,0.44,0.20
0.66,"5,350","1,664",0.24,"361,342","59,228","46,120","32,806",0.36,0.42,0.18
0.67,"4,818","1,647",0.25,"366,160","54,410","47,767","31,159",0.36,0.39,0.17
0.68,"4,560","1,628",0.26,"370,720","49,850","49,395","29,531",0.37,0.37,0.16
0.69,"4,350","1,610",0.27,"375,070","45,500","51,005","27,921",0.38,0.35,0.15
0.7,"4,108","1,545",0.27,"379,178","41,392","52,550","26,376",0.39,0.33,0.14
0.71,"3,629","1,462",0.29,"382,807","37,763","54,012","24,914",0.40,0.32,0.13
0.72,"3,535","1,431",0.29,"386,342","34,228","55,443","23,483",0.41,0.30,0.12
0.73,"3,157","1,386",0.31,"389,499","31,071","56,829","22,097",0.42,0.28,0.11
0.74,"2,877","1,303",0.31,"392,376","28,194","58,132","20,794",0.42,0.26,0.10
0.75,"2,691","1,202",0.31,"395,067","25,503","59,334","19,592",0.43,0.25,0.09
0.76,"2,440","1,193",0.33,"397,507","23,063","60,527","18,399",0.44,0.23,0.08
0.77,"2,310","1,191",0.34,"399,817","20,753","61,718","17,208",0.45,0.22,0.08
0.78,"2,091","1,110",0.35,"401,908","18,662","62,828","16,098",0.46,0.20,0.07
0.79,"1,899","1,105",0.37,"403,807","16,763","63,933","14,993",0.47,0.19,0.06
0.8,"1,764","1,061",0.38,"405,571","14,999","64,994","13,932",0.48,0.18,0.06
0.81,"1,686","1,041",0.38,"407,257","13,313","66,035","12,891",0.49,0.16,0.05
0.82,"1,448",941,0.39,"408,705","11,865","66,976","11,950",0.50,0.15,0.05
0.83,"1,332",998,0.43,"410,037","10,533","67,974","10,952",0.51,0.14,0.04
0.84,"1,224","1,043",0.46,"411,261","9,309","69,017","9,909",0.52,0.13,0.04
0.85,"1,118",914,0.45,"412,379","8,191","69,931","8,995",0.52,0.11,0.03
0.86,"1,103",882,0.44,"413,482","7,088","70,813","8,113",0.53,0.10,0.03
0.87,965,821,0.46,"414,447","6,123","71,634","7,292",0.54,0.09,0.03
0.88,884,794,0.47,"415,331","5,239","72,428","6,498",0.55,0.08,0.02
0.89,812,759,0.48,"416,143","4,427","73,187","5,739",0.56,0.07,0.02
0.9,722,716,0.50,"416,865","3,705","73,903","5,023",0.58,0.06,0.02
0.91,574,623,0.52,"417,439","3,131","74,526","4,400",0.58,0.06,0.02
0.92,538,607,0.53,"417,977","2,593","75,133","3,793",0.59,0.05,0.01
0.93,421,539,0.56,"418,398","2,172","75,672","3,254",0.60,0.04,0.01
0.94,422,512,0.55,"418,820","1,750","76,184","2,742",0.61,0.03,0.01
0.95,323,454,0.58,"419,143","1,427","76,638","2,288",0.62,0.03,0.01
0.96,314,390,0.55,"419,457","1,113","77,028","1,898",0.63,0.02,0.01
0.97,238,397,0.63,"419,695",875,"77,425","1,501",0.63,0.02,0.00
0.98,204,261,0.56,"419,899",671,"77,686","1,240",0.65,0.02,0.00
0.99,161,232,0.59,"420,060",510,"77,918","1,008",0.66,0.01,0.00
1.0,510,"1,008",0.66,"420,570",0,"78,926",0,nan,0.00,0.00
