p,Neg,Pos,mPrec,TN,FP,FN,TP,Prec,Rec,$\hat{p}$
0.0,"1,803",36,0.02,"1,803","178,442",36,"33,789",0.16,1.00,0.99
0.1,"5,850",172,0.03,"7,653","172,592",208,"33,617",0.16,0.99,0.96
0.2,"13,139",589,0.04,"20,792","159,453",797,"33,028",0.17,0.98,0.90
0.3,"23,602","1,688",0.07,"44,394","135,851","2,485","31,340",0.19,0.93,0.78
0.4,"33,531","3,336",0.09,"77,925","102,320","5,821","28,004",0.21,0.83,0.61
0.5,"36,014","5,318",0.13,"113,939","66,306","11,139","22,686",0.25,0.67,0.42
0.6,"30,001","6,372",0.18,"143,940","36,305","17,511","16,314",0.31,0.48,0.25
0.7,"19,405","5,995",0.24,"163,345","16,900","23,506","10,319",0.38,0.31,0.13
0.8,"10,036","4,629",0.32,"173,381","6,864","28,135","5,690",0.45,0.17,0.06
0.9,"4,882","3,404",0.41,"178,263","1,982","31,539","2,286",0.54,0.07,0.02
1.0,"1,982","2,286",0.54,"180,245",0,"33,825",0,nan,0.00,0.00
