p,Neg,Pos,mPrec,TN,FP,FN,TP,Prec,Rec,$\hat{p}$
0.0,"4,507",39,0.01,"4,507","175,738",39,"33,786",0.16,1.00,0.98
0.1,"43,794","1,368",0.03,"48,301","131,944","1,407","32,418",0.20,0.96,0.77
0.2,"48,152","3,964",0.08,"96,453","83,792","5,371","28,454",0.25,0.84,0.52
0.3,"35,878","5,633",0.14,"132,331","47,914","11,004","22,821",0.32,0.67,0.33
0.4,"22,200","5,869",0.21,"154,531","25,714","16,873","16,952",0.40,0.50,0.20
0.5,"12,438","4,884",0.28,"166,969","13,276","21,757","12,068",0.48,0.36,0.12
0.6,"6,473","3,674",0.36,"173,442","6,803","25,431","8,394",0.55,0.25,0.07
0.7,"3,330","2,668",0.44,"176,772","3,473","28,099","5,726",0.62,0.17,0.04
0.8,"1,742","2,037",0.54,"178,514","1,731","30,136","3,689",0.68,0.11,0.03
0.9,"1,014","1,612",0.61,"179,528",717,"31,748","2,077",0.74,0.06,0.01
1.0,717,"2,077",0.74,"180,245",0,"33,825",0,nan,0.00,0.00
