p,Neg,Pos,mPrec,TN,FP,FN,TP,Prec,Rec,$\hat{p}$
0.0,0,0,nan,0,"420,570",0,"78,926",0.16,1.00,1.00
0.01,416,0,0.00,416,"420,154",0,"78,926",0.16,1.00,1.00
0.02,"2,206",12,0.01,"2,622","417,948",12,"78,914",0.16,1.00,0.99
0.03,"5,901",42,0.01,"8,523","412,047",54,"78,872",0.16,1.00,0.98
0.04,"9,605",80,0.01,"18,128","402,442",134,"78,792",0.16,1.00,0.96
0.05,"12,406",175,0.01,"30,534","390,036",309,"78,617",0.17,1.00,0.94
0.06,"14,671",262,0.02,"45,205","375,365",571,"78,355",0.17,0.99,0.91
0.07,"15,790",380,0.02,"60,995","359,575",951,"77,975",0.18,0.99,0.88
0.08,"16,997",442,0.03,"77,992","342,578","1,393","77,533",0.18,0.98,0.84
0.09,"17,234",622,0.03,"95,226","325,344","2,015","76,911",0.19,0.97,0.81
0.1,"17,590",732,0.04,"112,816","307,754","2,747","76,179",0.20,0.97,0.77
0.11,"17,538",826,0.04,"130,354","290,216","3,573","75,353",0.21,0.95,0.73
0.12,"17,286",969,0.05,"147,640","272,930","4,542","74,384",0.21,0.94,0.70
0.13,"17,267","1,122",0.06,"164,907","255,663","5,664","73,262",0.22,0.93,0.66
0.14,"16,961","1,148",0.06,"181,868","238,702","6,812","72,114",0.23,0.91,0.62
0.15,"16,677","1,389",0.08,"198,545","222,025","8,201","70,725",0.24,0.90,0.59
0.16,"15,746","1,486",0.09,"214,291","206,279","9,687","69,239",0.25,0.88,0.55
0.17,"15,072","1,632",0.10,"229,363","191,207","11,319","67,607",0.26,0.86,0.52
0.18,"14,468","1,658",0.10,"243,831","176,739","12,977","65,949",0.27,0.84,0.49
0.19,"13,651","1,695",0.11,"257,482","163,088","14,672","64,254",0.28,0.81,0.46
0.2,"12,874","1,830",0.12,"270,356","150,214","16,502","62,424",0.29,0.79,0.43
0.21,"12,115","1,786",0.13,"282,471","138,099","18,288","60,638",0.31,0.77,0.40
0.22,"11,427","1,996",0.15,"293,898","126,672","20,284","58,642",0.32,0.74,0.37
0.23,"10,551","1,972",0.16,"304,449","116,121","22,256","56,670",0.33,0.72,0.35
0.24,"9,859","1,914",0.16,"314,308","106,262","24,170","54,756",0.34,0.69,0.32
0.25,"9,114","2,047",0.18,"323,422","97,148","26,217","52,709",0.35,0.67,0.30
0.26,"8,566","2,004",0.19,"331,988","88,582","28,221","50,705",0.36,0.64,0.28
0.27,"7,948","2,002",0.20,"339,936","80,634","30,223","48,703",0.38,0.62,0.26
0.28,"7,513","1,996",0.21,"347,449","73,121","32,219","46,707",0.39,0.59,0.24
0.29,"6,839","1,952",0.22,"354,288","66,282","34,171","44,755",0.40,0.57,0.22
0.3,"6,158","2,006",0.25,"360,446","60,124","36,177","42,749",0.42,0.54,0.21
0.31,"5,678","2,013",0.26,"366,124","54,446","38,190","40,736",0.43,0.52,0.19
0.32,"5,174","1,904",0.27,"371,298","49,272","40,094","38,832",0.44,0.49,0.18
0.33,"4,703","1,732",0.27,"376,001","44,569","41,826","37,100",0.45,0.47,0.16
0.34,"4,271","1,796",0.30,"380,272","40,298","43,622","35,304",0.47,0.45,0.15
0.35,"3,925","1,707",0.30,"384,197","36,373","45,329","33,597",0.48,0.43,0.14
0.36,"3,431","1,559",0.31,"387,628","32,942","46,888","32,038",0.49,0.41,0.13
0.37,"3,198","1,598",0.33,"390,826","29,744","48,486","30,440",0.51,0.39,0.12
0.38,"2,892","1,540",0.35,"393,718","26,852","50,026","28,900",0.52,0.37,0.11
0.39,"2,573","1,404",0.35,"396,291","24,279","51,430","27,496",0.53,0.35,0.10
0.4,"2,320","1,369",0.37,"398,611","21,959","52,799","26,127",0.54,0.33,0.10
0.41,"2,138","1,385",0.39,"400,749","19,821","54,184","24,742",0.56,0.31,0.09
0.42,"1,911","1,308",0.41,"402,660","17,910","55,492","23,434",0.57,0.30,0.08
0.43,"1,729","1,253",0.42,"404,389","16,181","56,745","22,181",0.58,0.28,0.08
0.44,"1,502","1,169",0.44,"405,891","14,679","57,914","21,012",0.59,0.27,0.07
0.45,"1,423","1,097",0.44,"407,314","13,256","59,011","19,915",0.60,0.25,0.07
0.46,"1,282","1,051",0.45,"408,596","11,974","60,062","18,864",0.61,0.24,0.06
0.47,"1,169","1,065",0.48,"409,765","10,805","61,127","17,799",0.62,0.23,0.06
0.48,"1,037",995,0.49,"410,802","9,768","62,122","16,804",0.63,0.21,0.05
0.49,"1,002","1,002",0.50,"411,804","8,766","63,124","15,802",0.64,0.20,0.05
0.5,879,955,0.52,"412,683","7,887","64,079","14,847",0.65,0.19,0.05
0.51,731,883,0.55,"413,414","7,156","64,962","13,964",0.66,0.18,0.04
0.52,683,807,0.54,"414,097","6,473","65,769","13,157",0.67,0.17,0.04
0.53,619,764,0.55,"414,716","5,854","66,533","12,393",0.68,0.16,0.04
0.54,577,785,0.58,"415,293","5,277","67,318","11,608",0.69,0.15,0.03
0.55,557,725,0.57,"415,850","4,720","68,043","10,883",0.70,0.14,0.03
0.56,472,645,0.58,"416,322","4,248","68,688","10,238",0.71,0.13,0.03
0.57,411,673,0.62,"416,733","3,837","69,361","9,565",0.71,0.12,0.03
0.58,397,647,0.62,"417,130","3,440","70,008","8,918",0.72,0.11,0.02
0.59,405,663,0.62,"417,535","3,035","70,671","8,255",0.73,0.10,0.02
0.6,339,563,0.62,"417,874","2,696","71,234","7,692",0.74,0.10,0.02
0.61,305,606,0.67,"418,179","2,391","71,840","7,086",0.75,0.09,0.02
0.62,284,585,0.67,"418,463","2,107","72,425","6,501",0.76,0.08,0.02
0.63,237,524,0.69,"418,700","1,870","72,949","5,977",0.76,0.08,0.02
0.64,252,559,0.69,"418,952","1,618","73,508","5,418",0.77,0.07,0.01
0.65,241,542,0.69,"419,193","1,377","74,050","4,876",0.78,0.06,0.01
0.66,218,517,0.70,"419,411","1,159","74,567","4,359",0.79,0.06,0.01
0.67,162,507,0.76,"419,573",997,"75,074","3,852",0.79,0.05,0.01
0.68,173,453,0.72,"419,746",824,"75,527","3,399",0.80,0.04,0.01
0.69,153,427,0.74,"419,899",671,"75,954","2,972",0.82,0.04,0.01
0.7,124,418,0.77,"420,023",547,"76,372","2,554",0.82,0.03,0.01
0.71,114,406,0.78,"420,137",433,"76,778","2,148",0.83,0.03,0.01
0.72,97,365,0.79,"420,234",336,"77,143","1,783",0.84,0.02,0.00
0.73,85,301,0.78,"420,319",251,"77,444","1,482",0.86,0.02,0.00
0.74,66,253,0.79,"420,385",185,"77,697","1,229",0.87,0.02,0.00
0.75,40,251,0.86,"420,425",145,"77,948",978,0.87,0.01,0.00
0.76,33,185,0.85,"420,458",112,"78,133",793,0.88,0.01,0.00
0.77,42,178,0.81,"420,500",70,"78,311",615,0.90,0.01,0.00
0.78,30,144,0.83,"420,530",40,"78,455",471,0.92,0.01,0.00
0.79,13,130,0.91,"420,543",27,"78,585",341,0.93,0.00,0.00
0.8,9,100,0.92,"420,552",18,"78,685",241,0.93,0.00,0.00
0.81,5,51,0.91,"420,557",13,"78,736",190,0.94,0.00,0.00
0.82,4,45,0.92,"420,561",9,"78,781",145,0.94,0.00,0.00
0.83,6,47,0.89,"420,567",3,"78,828",98,0.97,0.00,0.00
0.84,2,25,0.93,"420,569",1,"78,853",73,0.99,0.00,0.00
0.85,1,19,0.95,"420,570",0,"78,872",54,1.00,0.00,0.00
0.86,0,13,1.00,"420,570",0,"78,885",41,1.00,0.00,0.00
0.87,0,8,1.00,"420,570",0,"78,893",33,1.00,0.00,0.00
0.88,0,7,1.00,"420,570",0,"78,900",26,1.00,0.00,0.00
0.89,0,5,1.00,"420,570",0,"78,905",21,1.00,0.00,0.00
0.9,0,2,1.00,"420,570",0,"78,907",19,1.00,0.00,0.00
0.91,0,9,1.00,"420,570",0,"78,916",10,1.00,0.00,0.00
0.92,0,2,1.00,"420,570",0,"78,918",8,1.00,0.00,0.00
0.93,0,1,1.00,"420,570",0,"78,919",7,1.00,0.00,0.00
0.94,0,2,1.00,"420,570",0,"78,921",5,1.00,0.00,0.00
0.95,0,5,1.00,"420,570",0,"78,926",0,nan,0.00,0.00
0.96,0,0,nan,"420,570",0,"78,926",0,nan,0.00,0.00
0.97,0,0,nan,"420,570",0,"78,926",0,nan,0.00,0.00
0.98,0,0,nan,"420,570",0,"78,926",0,nan,0.00,0.00
0.99,0,0,nan,"420,570",0,"78,926",0,nan,0.00,0.00
1.0,0,0,nan,"420,570",0,"78,926",0,nan,0.00,0.00
