p,Neg,Pos,mPrec,TN,FP,FN,TP,Prec,Rec,$\hat{p}$
0.0,"3,035",136,0.04,"3,035","177,210",136,"33,689",0.16,1.00,0.99
0.01,517,21,0.04,"3,552","176,693",157,"33,668",0.16,1.00,0.98
0.02,524,20,0.04,"4,076","176,169",177,"33,648",0.16,0.99,0.98
0.03,946,40,0.04,"5,022","175,223",217,"33,608",0.16,0.99,0.98
0.04,320,16,0.05,"5,342","174,903",233,"33,592",0.16,0.99,0.97
0.05,"1,009",48,0.05,"6,351","173,894",281,"33,544",0.16,0.99,0.97
0.06,690,42,0.06,"7,041","173,204",323,"33,502",0.16,0.99,0.97
0.07,"1,253",69,0.05,"8,294","171,951",392,"33,433",0.16,0.99,0.96
0.08,"1,153",59,0.05,"9,447","170,798",451,"33,374",0.16,0.99,0.95
0.09,833,36,0.04,"10,280","169,965",487,"33,338",0.16,0.99,0.95
0.1,735,44,0.06,"11,015","169,230",531,"33,294",0.16,0.98,0.95
0.11,908,54,0.06,"11,923","168,322",585,"33,240",0.16,0.98,0.94
0.12,885,67,0.07,"12,808","167,437",652,"33,173",0.17,0.98,0.94
0.13,"1,541",112,0.07,"14,349","165,896",764,"33,061",0.17,0.98,0.93
0.14,"1,587",100,0.06,"15,936","164,309",864,"32,961",0.17,0.97,0.92
0.15,"1,372",70,0.05,"17,308","162,937",934,"32,891",0.17,0.97,0.91
0.16,"1,362",80,0.06,"18,670","161,575","1,014","32,811",0.17,0.97,0.91
0.17,806,49,0.06,"19,476","160,769","1,063","32,762",0.17,0.97,0.90
0.18,"1,192",79,0.06,"20,668","159,577","1,142","32,683",0.17,0.97,0.90
0.19,"1,263",70,0.05,"21,931","158,314","1,212","32,613",0.17,0.96,0.89
0.2,"1,666",111,0.06,"23,597","156,648","1,323","32,502",0.17,0.96,0.88
0.21,"1,282",103,0.07,"24,879","155,366","1,426","32,399",0.17,0.96,0.88
0.22,"1,160",86,0.07,"26,039","154,206","1,512","32,313",0.17,0.96,0.87
0.23,"1,227",93,0.07,"27,266","152,979","1,605","32,220",0.17,0.95,0.87
0.24,"1,199",94,0.07,"28,465","151,780","1,699","32,126",0.17,0.95,0.86
0.25,"1,402",114,0.08,"29,867","150,378","1,813","32,012",0.18,0.95,0.85
0.26,"1,341",126,0.09,"31,208","149,037","1,939","31,886",0.18,0.94,0.85
0.27,"1,441",127,0.08,"32,649","147,596","2,066","31,759",0.18,0.94,0.84
0.28,"1,122",101,0.08,"33,771","146,474","2,167","31,658",0.18,0.94,0.83
0.29,"1,651",132,0.07,"35,422","144,823","2,299","31,526",0.18,0.93,0.82
0.3,"1,726",165,0.09,"37,148","143,097","2,464","31,361",0.18,0.93,0.81
0.31,"1,411",152,0.10,"38,559","141,686","2,616","31,209",0.18,0.92,0.81
0.32,"1,751",165,0.09,"40,310","139,935","2,781","31,044",0.18,0.92,0.80
0.33,"1,491",150,0.09,"41,801","138,444","2,931","30,894",0.18,0.91,0.79
0.34,"1,737",213,0.11,"43,538","136,707","3,144","30,681",0.18,0.91,0.78
0.35,"1,670",192,0.10,"45,208","135,037","3,336","30,489",0.18,0.90,0.77
0.36,"2,068",233,0.10,"47,276","132,969","3,569","30,256",0.19,0.89,0.76
0.37,"2,213",236,0.10,"49,489","130,756","3,805","30,020",0.19,0.89,0.75
0.38,"2,339",262,0.10,"51,828","128,417","4,067","29,758",0.19,0.88,0.74
0.39,"2,014",275,0.12,"53,842","126,403","4,342","29,483",0.19,0.87,0.73
0.4,"2,457",311,0.11,"56,299","123,946","4,653","29,172",0.19,0.86,0.72
0.41,"2,652",333,0.11,"58,951","121,294","4,986","28,839",0.19,0.85,0.70
0.42,"2,894",367,0.11,"61,845","118,400","5,353","28,472",0.19,0.84,0.69
0.43,"3,022",370,0.11,"64,867","115,378","5,723","28,102",0.20,0.83,0.67
0.44,"2,967",389,0.12,"67,834","112,411","6,112","27,713",0.20,0.82,0.65
0.45,"3,652",499,0.12,"71,486","108,759","6,611","27,214",0.20,0.80,0.64
0.46,"3,326",489,0.13,"74,812","105,433","7,100","26,725",0.20,0.79,0.62
0.47,"3,042",469,0.13,"77,854","102,391","7,569","26,256",0.20,0.78,0.60
0.48,"3,726",630,0.14,"81,580","98,665","8,199","25,626",0.21,0.76,0.58
0.49,"3,906",563,0.13,"85,486","94,759","8,762","25,063",0.21,0.74,0.56
0.5,"3,926",607,0.13,"89,412","90,833","9,369","24,456",0.21,0.72,0.54
0.51,"4,162",726,0.15,"93,574","86,671","10,095","23,730",0.21,0.70,0.52
0.52,"3,676",592,0.14,"97,250","82,995","10,687","23,138",0.22,0.68,0.50
0.53,"3,902",636,0.14,"101,152","79,093","11,323","22,502",0.22,0.67,0.47
0.54,"3,357",612,0.15,"104,509","75,736","11,935","21,890",0.22,0.65,0.46
0.55,"3,222",633,0.16,"107,731","72,514","12,568","21,257",0.23,0.63,0.44
0.56,"3,254",608,0.16,"110,985","69,260","13,176","20,649",0.23,0.61,0.42
0.57,"3,384",664,0.16,"114,369","65,876","13,840","19,985",0.23,0.59,0.40
0.58,"2,722",589,0.18,"117,091","63,154","14,429","19,396",0.23,0.57,0.39
0.59,"2,931",618,0.17,"120,022","60,223","15,047","18,778",0.24,0.56,0.37
0.6,"2,736",561,0.17,"122,758","57,487","15,608","18,217",0.24,0.54,0.35
0.61,"3,006",598,0.17,"125,764","54,481","16,206","17,619",0.24,0.52,0.34
0.62,"2,518",516,0.17,"128,282","51,963","16,722","17,103",0.25,0.51,0.32
0.63,"2,311",524,0.18,"130,593","49,652","17,246","16,579",0.25,0.49,0.31
0.64,"2,230",522,0.19,"132,823","47,422","17,768","16,057",0.25,0.47,0.30
0.65,"2,010",471,0.19,"134,833","45,412","18,239","15,586",0.26,0.46,0.28
0.66,"1,904",458,0.19,"136,737","43,508","18,697","15,128",0.26,0.45,0.27
0.67,"2,080",535,0.20,"138,817","41,428","19,232","14,593",0.26,0.43,0.26
0.68,"2,256",600,0.21,"141,073","39,172","19,832","13,993",0.26,0.41,0.25
0.69,"1,889",470,0.20,"142,962","37,283","20,302","13,523",0.27,0.40,0.24
0.7,"2,531",677,0.21,"145,493","34,752","20,979","12,846",0.27,0.38,0.22
0.71,"2,005",596,0.23,"147,498","32,747","21,575","12,250",0.27,0.36,0.21
0.72,"1,797",569,0.24,"149,295","30,950","22,144","11,681",0.27,0.35,0.20
0.73,"1,937",533,0.22,"151,232","29,013","22,677","11,148",0.28,0.33,0.19
0.74,"1,928",617,0.24,"153,160","27,085","23,294","10,531",0.28,0.31,0.18
0.75,"1,553",445,0.22,"154,713","25,532","23,739","10,086",0.28,0.30,0.17
0.76,"1,567",489,0.24,"156,280","23,965","24,228","9,597",0.29,0.28,0.16
0.77,"1,627",504,0.24,"157,907","22,338","24,732","9,093",0.29,0.27,0.15
0.78,"1,576",521,0.25,"159,483","20,762","25,253","8,572",0.29,0.25,0.14
0.79,"1,617",596,0.27,"161,100","19,145","25,849","7,976",0.29,0.24,0.13
0.8,"1,930",625,0.24,"163,030","17,215","26,474","7,351",0.30,0.22,0.11
0.81,"1,623",518,0.24,"164,653","15,592","26,992","6,833",0.30,0.20,0.10
0.82,"1,527",510,0.25,"166,180","14,065","27,502","6,323",0.31,0.19,0.10
0.83,"1,652",623,0.27,"167,832","12,413","28,125","5,700",0.31,0.17,0.08
0.84,"1,442",533,0.27,"169,274","10,971","28,658","5,167",0.32,0.15,0.08
0.85,"1,449",557,0.28,"170,723","9,522","29,215","4,610",0.33,0.14,0.07
0.86,"1,054",438,0.29,"171,777","8,468","29,653","4,172",0.33,0.12,0.06
0.87,"1,079",495,0.31,"172,856","7,389","30,148","3,677",0.33,0.11,0.05
0.88,942,348,0.27,"173,798","6,447","30,496","3,329",0.34,0.10,0.05
0.89,772,332,0.30,"174,570","5,675","30,828","2,997",0.35,0.09,0.04
0.9,794,337,0.30,"175,364","4,881","31,165","2,660",0.35,0.08,0.04
0.91,712,333,0.32,"176,076","4,169","31,498","2,327",0.36,0.07,0.03
0.92,590,305,0.34,"176,666","3,579","31,803","2,022",0.36,0.06,0.03
0.93,576,287,0.33,"177,242","3,003","32,090","1,735",0.37,0.05,0.02
0.94,504,271,0.35,"177,746","2,499","32,361","1,464",0.37,0.04,0.02
0.95,378,224,0.37,"178,124","2,121","32,585","1,240",0.37,0.04,0.02
0.96,253,159,0.39,"178,377","1,868","32,744","1,081",0.37,0.03,0.01
0.97,265,148,0.36,"178,642","1,603","32,892",933,0.37,0.03,0.01
0.98,272,125,0.31,"178,914","1,331","33,017",808,0.38,0.02,0.01
0.99,226,116,0.34,"179,140","1,105","33,133",692,0.39,0.02,0.01
1.0,"1,105",692,0.39,"180,245",0,"33,825",0,nan,0.00,0.00
