p,Neg,Pos,mPrec,TN,FP,FN,TP,Prec,Rec,$\hat{p}$
0.0,"10,515",39,0.00,"10,515","410,055",39,"78,887",0.16,1.00,0.98
0.1,"35,106",363,0.01,"45,621","374,949",402,"78,524",0.17,0.99,0.91
0.2,"53,148","1,336",0.02,"98,769","321,801","1,738","77,188",0.19,0.98,0.80
0.3,"64,187","3,264",0.05,"162,956","257,614","5,002","73,924",0.22,0.94,0.66
0.4,"69,488","6,042",0.08,"232,444","188,126","11,044","67,882",0.27,0.86,0.51
0.5,"65,586","9,853",0.13,"298,030","122,540","20,897","58,029",0.32,0.74,0.36
0.6,"53,900","13,266",0.20,"351,930","68,640","34,163","44,763",0.39,0.57,0.23
0.7,"36,762","14,470",0.28,"388,692","31,878","48,633","30,293",0.49,0.38,0.12
0.8,"19,300","12,149",0.39,"407,992","12,578","60,782","18,144",0.59,0.23,0.06
0.9,"8,664","9,262",0.52,"416,656","3,914","70,044","8,882",0.69,0.11,0.03
1.0,"3,914","8,882",0.69,"420,570",0,"78,926",0,nan,0.00,0.00
