p,Neg,Pos,mPrec,TN,FP,FN,TP,Prec,Rec,$\hat{p}$
0.0,"2,332",11,0.00,"2,332","177,913",11,"33,814",0.16,1.00,0.99
0.05,"5,213",48,0.01,"7,545","172,700",59,"33,766",0.16,1.00,0.96
0.1,"8,082",136,0.02,"15,627","164,618",195,"33,630",0.17,0.99,0.93
0.15,"10,493",254,0.02,"26,120","154,125",449,"33,376",0.18,0.99,0.88
0.2,"12,198",413,0.03,"38,318","141,927",862,"32,963",0.19,0.97,0.82
0.25,"13,393",704,0.05,"51,711","128,534","1,566","32,259",0.20,0.95,0.75
0.3,"14,506",981,0.06,"66,217","114,028","2,547","31,278",0.22,0.92,0.68
0.35,"15,516","1,219",0.07,"81,733","98,512","3,766","30,059",0.23,0.89,0.60
0.4,"15,733","1,671",0.10,"97,466","82,779","5,437","28,388",0.26,0.84,0.52
0.45,"15,190","2,039",0.12,"112,656","67,589","7,476","26,349",0.28,0.78,0.44
0.5,"14,434","2,456",0.15,"127,090","53,155","9,932","23,893",0.31,0.71,0.36
0.55,"13,054","2,916",0.18,"140,144","40,101","12,848","20,977",0.34,0.62,0.29
0.6,"11,068","3,130",0.22,"151,212","29,033","15,978","17,847",0.38,0.53,0.22
0.65,"9,083","3,067",0.25,"160,295","19,950","19,045","14,780",0.43,0.44,0.16
0.7,"6,973","2,959",0.30,"167,268","12,977","22,004","11,821",0.48,0.35,0.12
0.75,"4,858","2,730",0.36,"172,126","8,119","24,734","9,091",0.53,0.27,0.08
0.8,"3,310","2,285",0.41,"175,436","4,809","27,019","6,806",0.59,0.20,0.05
0.85,"2,150","2,118",0.50,"177,586","2,659","29,137","4,688",0.64,0.14,0.03
0.9,"1,371","1,685",0.55,"178,957","1,288","30,822","3,003",0.70,0.09,0.02
0.95,805,"1,485",0.65,"179,762",483,"32,307","1,518",0.76,0.04,0.01
1.0,483,"1,518",0.76,"180,245",0,"33,825",0,nan,0.00,0.00
