p,Neg,Pos,mPrec,TN,FP,FN,TP,Prec,Rec,$\hat{p}$
0.0,"1,826",53,0.03,"1,826","178,419",53,"33,772",0.16,1.00,0.99
0.1,"5,460",279,0.05,"7,286","172,959",332,"33,493",0.16,0.99,0.96
0.2,"12,215",736,0.06,"19,501","160,744","1,068","32,757",0.17,0.97,0.90
0.3,"14,100","1,080",0.07,"33,601","146,644","2,148","31,677",0.18,0.94,0.83
0.4,"19,231","2,048",0.10,"52,832","127,413","4,196","29,629",0.19,0.88,0.73
0.5,"33,372","4,671",0.12,"86,204","94,041","8,867","24,958",0.21,0.74,0.56
0.6,"36,250","6,675",0.16,"122,454","57,791","15,542","18,283",0.24,0.54,0.36
0.7,"24,186","5,787",0.19,"146,640","33,605","21,329","12,496",0.27,0.37,0.22
0.8,"18,397","5,789",0.24,"165,037","15,208","27,118","6,707",0.31,0.20,0.10
0.9,"11,588","4,663",0.29,"176,625","3,620","31,781","2,044",0.36,0.06,0.03
1.0,"3,620","2,044",0.36,"180,245",0,"33,825",0,nan,0.00,0.00
