p,Neg,Pos,mPrec,TN,FP,FN,TP,Prec,Rec,$\hat{p}$
0.0,"2,960",57,0.02,"2,960","177,285",57,"33,768",0.16,1.00,0.99
0.05,"3,502",124,0.03,"6,462","173,783",181,"33,644",0.16,0.99,0.97
0.1,"5,410",189,0.03,"11,872","168,373",370,"33,455",0.17,0.99,0.94
0.15,"7,529",370,0.05,"19,401","160,844",740,"33,085",0.17,0.98,0.91
0.2,"9,966",549,0.05,"29,367","150,878","1,289","32,536",0.18,0.96,0.86
0.25,"12,519",895,0.07,"41,886","138,359","2,184","31,641",0.19,0.94,0.79
0.3,"14,806","1,297",0.08,"56,692","123,553","3,481","30,344",0.20,0.90,0.72
0.35,"16,382","1,722",0.10,"73,074","107,171","5,203","28,622",0.21,0.85,0.63
0.4,"17,018","2,187",0.11,"90,092","90,153","7,390","26,435",0.23,0.78,0.54
0.45,"16,876","2,531",0.13,"106,968","73,277","9,921","23,904",0.25,0.71,0.45
0.5,"15,331","2,756",0.15,"122,299","57,946","12,677","21,148",0.27,0.63,0.37
0.55,"13,555","2,802",0.17,"135,854","44,391","15,479","18,346",0.29,0.54,0.29
0.6,"11,585","2,888",0.20,"147,439","32,806","18,367","15,458",0.32,0.46,0.23
0.65,"9,227","2,825",0.23,"156,666","23,579","21,192","12,633",0.35,0.37,0.17
0.7,"7,229","2,509",0.26,"163,895","16,350","23,701","10,124",0.38,0.30,0.12
0.75,"5,432","2,348",0.30,"169,327","10,918","26,049","7,776",0.42,0.23,0.09
0.8,"3,773","1,980",0.34,"173,100","7,145","28,029","5,796",0.45,0.17,0.06
0.85,"2,829","1,744",0.38,"175,929","4,316","29,773","4,052",0.48,0.12,0.04
0.9,"2,024","1,543",0.43,"177,953","2,292","31,316","2,509",0.52,0.07,0.02
0.95,"1,266","1,219",0.49,"179,219","1,026","32,535","1,290",0.56,0.04,0.01
1.0,"1,026","1,290",0.56,"180,245",0,"33,825",0,nan,0.00,0.00
