p,Neg,Pos,mPrec,TN,FP,FN,TP,Prec,Rec,FP/P,$\hat{p}$
0.0,"15,021",134,0.01,"15,021","585,794",134,"112,617",0.16,1.00,5.195466115599862,0.98
0.1,"189,359","7,161",0.04,"204,380","396,435","7,295","105,456",0.21,0.94,3.516022030846733,0.70
0.2,"139,893","13,339",0.09,"344,273","256,542","20,634","92,117",0.26,0.82,2.275296893153941,0.49
0.3,"97,392","16,310",0.14,"441,665","159,150","36,944","75,807",0.32,0.67,1.4115174144796943,0.33
0.4,"66,998","17,401",0.21,"508,663","92,152","54,345","58,406",0.39,0.52,0.8173053897526408,0.21
0.5,"42,497","16,059",0.27,"551,160","49,655","70,404","42,347",0.46,0.38,0.44039520713785246,0.13
0.6,"24,228","13,212",0.35,"575,388","25,427","83,616","29,135",0.53,0.26,0.22551462958199928,0.08
0.7,"13,076","10,273",0.44,"588,464","12,351","93,889","18,862",0.60,0.17,0.10954226570052594,0.04
0.8,"6,625","7,206",0.52,"595,089","5,726","101,095","11,656",0.67,0.10,0.050784471978075583,0.02
0.9,"3,197","5,142",0.62,"598,286","2,529","106,237","6,514",0.72,0.06,0.02242995627533237,0.01
1.0,"2,529","6,514",0.72,"600,815",0,"112,751",0,nan,0.00,0.0,0.00
