p,Neg,Pos,mPrec,TN,FP,FN,TP,Prec,Rec,$\hat{p}$
0.0,0,0,nan,0,"180,245",0,"33,825",0.16,1.00,1.00
0.1,"2,668",14,0.01,"2,668","177,577",14,"33,811",0.16,1.00,0.99
0.2,"15,044",230,0.02,"17,712","162,533",244,"33,581",0.17,0.99,0.92
0.3,"28,987","1,089",0.04,"46,699","133,546","1,333","32,492",0.20,0.96,0.78
0.4,"36,257","2,657",0.07,"82,956","97,289","3,990","29,835",0.23,0.88,0.59
0.5,"36,259","4,689",0.11,"119,215","61,030","8,679","25,146",0.29,0.74,0.40
0.6,"29,722","6,497",0.18,"148,937","31,308","15,176","18,649",0.37,0.55,0.23
0.7,"19,231","7,277",0.27,"168,168","12,077","22,453","11,372",0.48,0.34,0.11
0.8,"9,119","6,271",0.41,"177,287","2,958","28,724","5,101",0.63,0.15,0.04
0.9,"2,667","4,064",0.60,"179,954",291,"32,788","1,037",0.78,0.03,0.01
1.0,291,"1,037",0.78,"180,245",0,"33,825",0,nan,0.00,0.00
