p,Neg,Pos,mPrec,TN,FP,FN,TP,Prec,Rec,$\hat{p}$
0.0,4,0,0.00,4,"420,566",0,"78,926",0.16,1.00,1.00
0.1,121,0,0.00,125,"420,445",0,"78,926",0.16,1.00,1.00
0.2,"3,681",92,0.02,"3,806","416,764",92,"78,834",0.16,1.00,0.99
0.3,"35,656","1,808",0.05,"39,462","381,108","1,900","77,026",0.17,0.98,0.92
0.4,"56,137","4,383",0.07,"95,599","324,971","6,283","72,643",0.18,0.92,0.80
0.5,"105,799","13,381",0.11,"201,398","219,172","19,664","59,262",0.21,0.75,0.56
0.6,"115,599","22,268",0.16,"316,997","103,573","41,932","36,994",0.26,0.47,0.28
0.7,"68,186","20,255",0.23,"385,183","35,387","62,187","16,739",0.32,0.21,0.10
0.8,"32,074","14,362",0.31,"417,257","3,313","76,549","2,377",0.42,0.03,0.01
0.9,"3,265","2,346",0.42,"420,522",48,"78,895",31,0.39,0.00,0.00
1.0,48,31,0.39,"420,570",0,"78,926",0,nan,0.00,0.00
