p,Neg,Pos,mPrec,TN,FP,FN,TP,Prec,Rec,$\hat{p}$
0.0,"2,657",14,0.01,"2,657","177,588",14,"33,811",0.16,1.00,0.99
0.01,625,8,0.01,"3,282","176,963",22,"33,803",0.16,1.00,0.98
0.02,806,7,0.01,"4,088","176,157",29,"33,796",0.16,1.00,0.98
0.03,875,8,0.01,"4,963","175,282",37,"33,788",0.16,1.00,0.98
0.04,970,8,0.01,"5,933","174,312",45,"33,780",0.16,1.00,0.97
0.05,"1,165",11,0.01,"7,098","173,147",56,"33,769",0.16,1.00,0.97
0.06,"1,256",20,0.02,"8,354","171,891",76,"33,749",0.16,1.00,0.96
0.07,"1,380",21,0.01,"9,734","170,511",97,"33,728",0.17,1.00,0.95
0.08,"1,431",12,0.01,"11,165","169,080",109,"33,716",0.17,1.00,0.95
0.09,"1,580",33,0.02,"12,745","167,500",142,"33,683",0.17,1.00,0.94
0.1,"1,662",30,0.02,"14,407","165,838",172,"33,653",0.17,0.99,0.93
0.11,"1,867",49,0.03,"16,274","163,971",221,"33,604",0.17,0.99,0.92
0.12,"2,001",33,0.02,"18,275","161,970",254,"33,571",0.17,0.99,0.91
0.13,"1,979",52,0.03,"20,254","159,991",306,"33,519",0.17,0.99,0.90
0.14,"2,137",60,0.03,"22,391","157,854",366,"33,459",0.17,0.99,0.89
0.15,"2,125",61,0.03,"24,516","155,729",427,"33,398",0.18,0.99,0.88
0.16,"2,316",63,0.03,"26,832","153,413",490,"33,335",0.18,0.99,0.87
0.17,"2,335",84,0.03,"29,167","151,078",574,"33,251",0.18,0.98,0.86
0.18,"2,443",94,0.04,"31,610","148,635",668,"33,157",0.18,0.98,0.85
0.19,"2,467",71,0.03,"34,077","146,168",739,"33,086",0.18,0.98,0.84
0.2,"2,598",103,0.04,"36,675","143,570",842,"32,983",0.19,0.98,0.82
0.21,"2,701",101,0.04,"39,376","140,869",943,"32,882",0.19,0.97,0.81
0.22,"2,756",123,0.04,"42,132","138,113","1,066","32,759",0.19,0.97,0.80
0.23,"2,670",127,0.05,"44,802","135,443","1,193","32,632",0.19,0.96,0.79
0.24,"2,840",146,0.05,"47,642","132,603","1,339","32,486",0.20,0.96,0.77
0.25,"2,865",181,0.06,"50,507","129,738","1,520","32,305",0.20,0.96,0.76
0.26,"2,932",164,0.05,"53,439","126,806","1,684","32,141",0.20,0.95,0.74
0.27,"2,947",185,0.06,"56,386","123,859","1,869","31,956",0.21,0.94,0.73
0.28,"3,046",173,0.05,"59,432","120,813","2,042","31,783",0.21,0.94,0.71
0.29,"3,116",212,0.06,"62,548","117,697","2,254","31,571",0.21,0.93,0.70
0.3,"3,106",205,0.06,"65,654","114,591","2,459","31,366",0.21,0.93,0.68
0.31,"3,124",238,0.07,"68,778","111,467","2,697","31,128",0.22,0.92,0.67
0.32,"3,092",231,0.07,"71,870","108,375","2,928","30,897",0.22,0.91,0.65
0.33,"3,181",281,0.08,"75,051","105,194","3,209","30,616",0.23,0.91,0.63
0.34,"3,219",279,0.08,"78,270","101,975","3,488","30,337",0.23,0.90,0.62
0.35,"3,156",331,0.09,"81,426","98,819","3,819","30,006",0.23,0.89,0.60
0.36,"3,253",308,0.09,"84,679","95,566","4,127","29,698",0.24,0.88,0.59
0.37,"3,310",303,0.08,"87,989","92,256","4,430","29,395",0.24,0.87,0.57
0.38,"3,190",340,0.10,"91,179","89,066","4,770","29,055",0.25,0.86,0.55
0.39,"3,197",377,0.11,"94,376","85,869","5,147","28,678",0.25,0.85,0.54
0.4,"3,131",341,0.10,"97,507","82,738","5,488","28,337",0.26,0.84,0.52
0.41,"3,310",406,0.11,"100,817","79,428","5,894","27,931",0.26,0.83,0.50
0.42,"3,058",364,0.11,"103,875","76,370","6,258","27,567",0.27,0.81,0.49
0.43,"3,041",453,0.13,"106,916","73,329","6,711","27,114",0.27,0.80,0.47
0.44,"3,004",419,0.12,"109,920","70,325","7,130","26,695",0.28,0.79,0.45
0.45,"2,995",444,0.13,"112,915","67,330","7,574","26,251",0.28,0.78,0.44
0.46,"2,933",439,0.13,"115,848","64,397","8,013","25,812",0.29,0.76,0.42
0.47,"2,980",455,0.13,"118,828","61,417","8,468","25,357",0.29,0.75,0.41
0.48,"2,913",504,0.15,"121,741","58,504","8,972","24,853",0.30,0.73,0.39
0.49,"2,833",512,0.15,"124,574","55,671","9,484","24,341",0.30,0.72,0.37
0.5,"2,742",563,0.17,"127,316","52,929","10,047","23,778",0.31,0.70,0.36
0.51,"2,685",525,0.16,"130,001","50,244","10,572","23,253",0.32,0.69,0.34
0.52,"2,637",521,0.16,"132,638","47,607","11,093","22,732",0.32,0.67,0.33
0.53,"2,648",571,0.18,"135,286","44,959","11,664","22,161",0.33,0.66,0.31
0.54,"2,509",540,0.18,"137,795","42,450","12,204","21,621",0.34,0.64,0.30
0.55,"2,458",574,0.19,"140,253","39,992","12,778","21,047",0.34,0.62,0.29
0.56,"2,344",602,0.20,"142,597","37,648","13,380","20,445",0.35,0.60,0.27
0.57,"2,318",605,0.21,"144,915","35,330","13,985","19,840",0.36,0.59,0.26
0.58,"2,260",617,0.21,"147,175","33,070","14,602","19,223",0.37,0.57,0.24
0.59,"2,072",595,0.22,"149,247","30,998","15,197","18,628",0.38,0.55,0.23
0.6,"2,061",616,0.23,"151,308","28,937","15,813","18,012",0.38,0.53,0.22
0.61,"1,900",613,0.24,"153,208","27,037","16,426","17,399",0.39,0.51,0.21
0.62,"1,828",622,0.25,"155,036","25,209","17,048","16,777",0.40,0.50,0.20
0.63,"1,821",597,0.25,"156,857","23,388","17,645","16,180",0.41,0.48,0.18
0.64,"1,602",593,0.27,"158,459","21,786","18,238","15,587",0.42,0.46,0.17
0.65,"1,653",552,0.25,"160,112","20,133","18,790","15,035",0.43,0.44,0.16
0.66,"1,467",602,0.29,"161,579","18,666","19,392","14,433",0.44,0.43,0.15
0.67,"1,427",612,0.30,"163,006","17,239","20,004","13,821",0.44,0.41,0.15
0.68,"1,399",606,0.30,"164,405","15,840","20,610","13,215",0.45,0.39,0.14
0.69,"1,237",570,0.32,"165,642","14,603","21,180","12,645",0.46,0.37,0.13
0.7,"1,179",564,0.32,"166,821","13,424","21,744","12,081",0.47,0.36,0.12
0.71,"1,060",534,0.34,"167,881","12,364","22,278","11,547",0.48,0.34,0.11
0.72,"1,046",599,0.36,"168,927","11,318","22,877","10,948",0.49,0.32,0.10
0.73,989,508,0.34,"169,916","10,329","23,385","10,440",0.50,0.31,0.10
0.74,908,532,0.37,"170,824","9,421","23,917","9,908",0.51,0.29,0.09
0.75,924,516,0.36,"171,748","8,497","24,433","9,392",0.53,0.28,0.08
0.76,784,516,0.40,"172,532","7,713","24,949","8,876",0.54,0.26,0.08
0.77,772,535,0.41,"173,304","6,941","25,484","8,341",0.55,0.25,0.07
0.78,685,467,0.41,"173,989","6,256","25,951","7,874",0.56,0.23,0.07
0.79,609,511,0.46,"174,598","5,647","26,462","7,363",0.57,0.22,0.06
0.8,610,452,0.43,"175,208","5,037","26,914","6,911",0.58,0.20,0.06
0.81,563,432,0.43,"175,771","4,474","27,346","6,479",0.59,0.19,0.05
0.82,510,415,0.45,"176,281","3,964","27,761","6,064",0.60,0.18,0.05
0.83,446,410,0.48,"176,727","3,518","28,171","5,654",0.62,0.17,0.04
0.84,423,410,0.49,"177,150","3,095","28,581","5,244",0.63,0.16,0.04
0.85,375,400,0.52,"177,525","2,720","28,981","4,844",0.64,0.14,0.04
0.86,363,365,0.50,"177,888","2,357","29,346","4,479",0.66,0.13,0.03
0.87,284,363,0.56,"178,172","2,073","29,709","4,116",0.67,0.12,0.03
0.88,248,323,0.57,"178,420","1,825","30,032","3,793",0.68,0.11,0.03
0.89,287,345,0.55,"178,707","1,538","30,377","3,448",0.69,0.10,0.02
0.9,203,335,0.62,"178,910","1,335","30,712","3,113",0.70,0.09,0.02
0.91,239,346,0.59,"179,149","1,096","31,058","2,767",0.72,0.08,0.02
0.92,164,308,0.65,"179,313",932,"31,366","2,459",0.73,0.07,0.02
0.93,153,285,0.65,"179,466",779,"31,651","2,174",0.74,0.06,0.01
0.94,151,325,0.68,"179,617",628,"31,976","1,849",0.75,0.05,0.01
0.95,147,307,0.68,"179,764",481,"32,283","1,542",0.76,0.05,0.01
0.96,93,261,0.74,"179,857",388,"32,544","1,281",0.77,0.04,0.01
0.97,101,298,0.75,"179,958",287,"32,842",983,0.77,0.03,0.01
0.98,90,276,0.75,"180,048",197,"33,118",707,0.78,0.02,0.00
0.99,80,234,0.75,"180,128",117,"33,352",473,0.80,0.01,0.00
1.0,117,473,0.80,"180,245",0,"33,825",0,nan,0.00,0.00
