p,Neg,Pos,mPrec,TN,FP,FN,TP,Prec,Rec,$\hat{p}$
0.0,"3,189",75,0.02,"3,189","177,056",75,"33,750",0.16,1.00,0.98
0.05,"2,946",90,0.03,"6,135","174,110",165,"33,660",0.16,1.00,0.97
0.1,"4,371",151,0.03,"10,506","169,739",316,"33,509",0.16,0.99,0.95
0.15,"6,384",284,0.04,"16,890","163,355",600,"33,225",0.17,0.98,0.92
0.2,"8,433",461,0.05,"25,323","154,922","1,061","32,764",0.17,0.97,0.88
0.25,"11,257",769,0.06,"36,580","143,665","1,830","31,995",0.18,0.95,0.82
0.3,"13,701","1,162",0.08,"50,281","129,964","2,992","30,833",0.19,0.91,0.75
0.35,"15,879","1,500",0.09,"66,160","114,085","4,492","29,333",0.20,0.87,0.67
0.4,"17,125","1,996",0.10,"83,285","96,960","6,488","27,337",0.22,0.81,0.58
0.45,"17,326","2,496",0.13,"100,611","79,634","8,984","24,841",0.24,0.73,0.49
0.5,"16,568","2,732",0.14,"117,179","63,066","11,716","22,109",0.26,0.65,0.40
0.55,"14,932","3,018",0.17,"132,111","48,134","14,734","19,091",0.28,0.56,0.31
0.6,"12,940","3,095",0.19,"145,051","35,194","17,829","15,996",0.31,0.47,0.24
0.65,"10,319","2,908",0.22,"155,370","24,875","20,737","13,088",0.34,0.39,0.18
0.7,"7,951","2,759",0.26,"163,321","16,924","23,496","10,329",0.38,0.31,0.13
0.75,"5,650","2,433",0.30,"168,971","11,274","25,929","7,896",0.41,0.23,0.09
0.8,"4,079","2,010",0.33,"173,050","7,195","27,939","5,886",0.45,0.17,0.06
0.85,"2,851","1,784",0.38,"175,901","4,344","29,723","4,102",0.49,0.12,0.04
0.9,"2,001","1,525",0.43,"177,902","2,343","31,248","2,577",0.52,0.08,0.02
0.95,"1,325","1,251",0.49,"179,227","1,018","32,499","1,326",0.57,0.04,0.01
1.0,"1,018","1,326",0.57,"180,245",0,"33,825",0,nan,0.00,0.00
