p,Neg,Pos,mPrec,TN,FP,FN,TP,Prec,Rec,$\hat{p}$
0.0,0,0,nan,0,"180,245",0,"33,825",0.16,1.00,1.00
0.1,13,1,0.07,13,"180,232",1,"33,824",0.16,1.00,1.00
0.2,"1,204",22,0.02,"1,217","179,028",23,"33,802",0.16,1.00,0.99
0.3,"13,096",463,0.03,"14,313","165,932",486,"33,339",0.17,0.99,0.93
0.4,"39,784","2,799",0.07,"54,097","126,148","3,285","30,540",0.19,0.90,0.73
0.5,"56,186","7,107",0.11,"110,283","69,962","10,392","23,433",0.25,0.69,0.44
0.6,"42,645","9,475",0.18,"152,928","27,317","19,867","13,958",0.34,0.41,0.19
0.7,"19,386","7,577",0.28,"172,314","7,931","27,444","6,381",0.45,0.19,0.07
0.8,"6,810","4,900",0.42,"179,124","1,121","32,344","1,481",0.57,0.04,0.01
0.9,"1,109","1,470",0.57,"180,233",12,"33,814",11,0.48,0.00,0.00
1.0,12,11,0.48,"180,245",0,"33,825",0,nan,0.00,0.00
