p,Neg,Pos,mPrec,TN,FP,FN,TP,Prec,Rec,$\hat{p}$
0.0,"1,811",69,0.04,"1,811","178,434",69,"33,756",0.16,1.00,0.99
0.1,"16,669",942,0.05,"18,480","161,765","1,011","32,814",0.17,0.97,0.91
0.2,"19,199","1,490",0.07,"37,679","142,566","2,501","31,324",0.18,0.93,0.81
0.3,"26,417","3,103",0.11,"64,096","116,149","5,604","28,221",0.20,0.83,0.67
0.4,"40,434","6,438",0.14,"104,530","75,715","12,042","21,783",0.22,0.64,0.46
0.5,"26,322","5,178",0.16,"130,852","49,393","17,220","16,605",0.25,0.49,0.31
0.6,"19,195","4,953",0.21,"150,047","30,198","22,173","11,652",0.28,0.34,0.20
0.7,"14,679","4,769",0.25,"164,726","15,519","26,942","6,883",0.31,0.20,0.10
0.8,"9,712","3,832",0.28,"174,438","5,807","30,774","3,051",0.34,0.09,0.04
0.9,"3,854","1,910",0.33,"178,292","1,953","32,684","1,141",0.37,0.03,0.01
1.0,"1,953","1,141",0.37,"180,245",0,"33,825",0,nan,0.00,0.00
