p,Neg,Pos,mPrec,TN,FP,FN,TP,Prec,Rec,$\hat{p}$
0.0,"3,192",60,0.02,"3,192","177,053",60,"33,765",0.16,1.00,0.98
0.05,"2,901",95,0.03,"6,093","174,152",155,"33,670",0.16,1.00,0.97
0.1,"4,173",154,0.04,"10,266","169,979",309,"33,516",0.16,0.99,0.95
0.15,"5,874",267,0.04,"16,140","164,105",576,"33,249",0.17,0.98,0.92
0.2,"7,975",427,0.05,"24,115","156,130","1,003","32,822",0.17,0.97,0.88
0.25,"10,589",690,0.06,"34,704","145,541","1,693","32,132",0.18,0.95,0.83
0.3,"12,783","1,012",0.07,"47,487","132,758","2,705","31,120",0.19,0.92,0.77
0.35,"15,089","1,438",0.09,"62,576","117,669","4,143","29,682",0.20,0.88,0.69
0.4,"16,625","1,824",0.10,"79,201","101,044","5,967","27,858",0.22,0.82,0.60
0.45,"17,311","2,268",0.12,"96,512","83,733","8,235","25,590",0.23,0.76,0.51
0.5,"16,835","2,754",0.14,"113,347","66,898","10,989","22,836",0.25,0.68,0.42
0.55,"15,663","2,992",0.16,"129,010","51,235","13,981","19,844",0.28,0.59,0.33
0.6,"13,445","3,092",0.19,"142,455","37,790","17,073","16,752",0.31,0.50,0.25
0.65,"11,308","3,117",0.22,"153,763","26,482","20,190","13,635",0.34,0.40,0.19
0.7,"8,486","2,986",0.26,"162,249","17,996","23,176","10,649",0.37,0.31,0.13
0.75,"6,205","2,532",0.29,"168,454","11,791","25,708","8,117",0.41,0.24,0.09
0.8,"4,325","2,149",0.33,"172,779","7,466","27,857","5,968",0.44,0.18,0.06
0.85,"3,040","1,903",0.38,"175,819","4,426","29,760","4,065",0.48,0.12,0.04
0.9,"2,073","1,556",0.43,"177,892","2,353","31,316","2,509",0.52,0.07,0.02
0.95,"1,301","1,190",0.48,"179,193","1,052","32,506","1,319",0.56,0.04,0.01
1.0,"1,052","1,319",0.56,"180,245",0,"33,825",0,nan,0.00,0.00
