p,Neg,Pos,mPrec,TN,FP,FN,TP,Prec,Rec,$\hat{p}$
0.0,8,0,0.00,8,"420,562",0,"78,926",0.16,1.00,1.00
0.1,"9,681",323,0.03,"9,689","410,881",323,"78,603",0.16,1.00,0.98
0.2,"71,696","4,771",0.06,"81,385","339,185","5,094","73,832",0.18,0.94,0.83
0.3,"105,710","12,668",0.11,"187,095","233,475","17,762","61,164",0.21,0.77,0.59
0.4,"116,704","21,121",0.15,"303,799","116,771","38,883","40,043",0.26,0.51,0.31
0.5,"68,124","18,460",0.21,"371,923","48,647","57,343","21,583",0.31,0.27,0.14
0.6,"37,434","14,738",0.28,"409,357","11,213","72,081","6,845",0.38,0.09,0.04
0.7,"9,580","5,533",0.37,"418,937","1,633","77,614","1,312",0.45,0.02,0.01
0.8,"1,474","1,119",0.43,"420,411",159,"78,733",193,0.55,0.00,0.00
0.9,156,174,0.53,"420,567",3,"78,907",19,0.86,0.00,0.00
1.0,3,19,0.86,"420,570",0,"78,926",0,nan,0.00,0.00
