p,Neg,Pos,mPrec,TN,FP,FN,TP,Prec,Rec,$\hat{p}$
0.0,0,0,nan,0,"180,245",0,"33,825",0.16,1.00,1.00
0.05,"1,856",10,0.01,"1,856","178,389",10,"33,815",0.16,1.00,0.99
0.1,"5,923",66,0.01,"7,779","172,466",76,"33,749",0.16,1.00,0.96
0.15,"10,228",174,0.02,"18,007","162,238",250,"33,575",0.17,0.99,0.91
0.2,"14,155",426,0.03,"32,162","148,083",676,"33,149",0.18,0.98,0.85
0.25,"17,070",747,0.04,"49,232","131,013","1,423","32,402",0.20,0.96,0.76
0.3,"19,699","1,323",0.06,"68,931","111,314","2,746","31,079",0.22,0.92,0.67
0.35,"21,412","1,973",0.08,"90,343","89,902","4,719","29,106",0.24,0.86,0.56
0.4,"21,156","2,726",0.11,"111,499","68,746","7,445","26,380",0.28,0.78,0.44
0.45,"19,826","3,468",0.15,"131,325","48,920","10,913","22,912",0.32,0.68,0.34
0.5,"17,021","4,182",0.20,"148,346","31,899","15,095","18,730",0.37,0.55,0.24
0.55,"13,398","4,528",0.25,"161,744","18,501","19,623","14,202",0.43,0.42,0.15
0.6,"8,990","4,286",0.32,"170,734","9,511","23,909","9,916",0.51,0.29,0.09
0.65,"5,316","3,737",0.41,"176,050","4,195","27,646","6,179",0.60,0.18,0.05
0.7,"2,459","2,613",0.52,"178,509","1,736","30,259","3,566",0.67,0.11,0.02
0.75,"1,137","1,842",0.62,"179,646",599,"32,101","1,724",0.74,0.05,0.01
0.8,485,"1,273",0.72,"180,131",114,"33,374",451,0.80,0.01,0.00
0.85,106,426,0.80,"180,237",8,"33,800",25,0.76,0.00,0.00
0.9,6,24,0.80,"180,243",2,"33,824",1,0.33,0.00,0.00
0.95,2,1,0.33,"180,245",0,"33,825",0,nan,0.00,0.00
1.0,0,0,nan,"180,245",0,"33,825",0,nan,0.00,0.00
