p,Neg,Pos,mPrec,TN,FP,FN,TP,Prec,Rec,$\hat{p}$
0.0,0,0,nan,0,"420,570",0,"78,926",0.16,1.00,1.00
0.1,166,0,0.00,166,"420,404",0,"78,926",0.16,1.00,1.00
0.2,"3,221",26,0.01,"3,387","417,183",26,"78,900",0.16,1.00,0.99
0.3,"25,743",631,0.02,"29,130","391,440",657,"78,269",0.17,0.99,0.94
0.4,"75,006","3,954",0.05,"104,136","316,434","4,611","74,315",0.19,0.94,0.78
0.5,"125,995","13,156",0.09,"230,131","190,439","17,767","61,159",0.24,0.77,0.50
0.6,"112,236","22,267",0.17,"342,367","78,203","40,034","38,892",0.33,0.49,0.23
0.7,"56,247","20,649",0.27,"398,614","21,956","60,683","18,243",0.45,0.23,0.08
0.8,"18,854","13,727",0.42,"417,468","3,102","74,410","4,516",0.59,0.06,0.02
0.9,"3,086","4,477",0.59,"420,554",16,"78,887",39,0.71,0.00,0.00
1.0,16,39,0.71,"420,570",0,"78,926",0,nan,0.00,0.00
