p,Neg,Pos,mPrec,TN,FP,FN,TP,Prec,Rec,$\hat{p}$
0.0,"10,525",332,0.03,"10,525","410,045",332,"78,594",0.16,1.00,0.98
0.1,"24,393","1,237",0.05,"34,918","385,652","1,569","77,357",0.17,0.98,0.93
0.2,"30,448","2,057",0.06,"65,366","355,204","3,626","75,300",0.17,0.95,0.86
0.3,"32,031","2,718",0.08,"97,397","323,173","6,344","72,582",0.18,0.92,0.79
0.4,"48,459","5,536",0.10,"145,856","274,714","11,880","67,046",0.20,0.85,0.68
0.5,"72,609","10,387",0.13,"218,465","202,105","22,267","56,659",0.22,0.72,0.52
0.6,"72,992","13,707",0.16,"291,457","129,113","35,974","42,952",0.25,0.54,0.34
0.7,"49,347","11,996",0.20,"340,804","79,766","47,970","30,956",0.28,0.39,0.22
0.8,"38,011","11,921",0.24,"378,815","41,755","59,891","19,035",0.31,0.24,0.12
0.9,"28,067","11,173",0.28,"406,882","13,688","71,064","7,862",0.36,0.10,0.04
1.0,"13,688","7,862",0.36,"420,570",0,"78,926",0,nan,0.00,0.00
