p,Neg,Pos,mPrec,TN,FP,FN,TP,Prec,Rec,$\hat{p}$
0.0,"10,518",189,0.02,"10,518","410,052",189,"78,737",0.16,1.00,0.98
0.1,"57,648","2,427",0.04,"68,166","352,404","2,616","76,310",0.18,0.97,0.86
0.2,"97,364","7,864",0.07,"165,530","255,040","10,480","68,446",0.21,0.87,0.65
0.3,"95,776","12,554",0.12,"261,306","159,264","23,034","55,892",0.26,0.71,0.43
0.4,"68,450","13,784",0.17,"329,756","90,814","36,818","42,108",0.32,0.53,0.27
0.5,"42,209","12,009",0.22,"371,965","48,605","48,827","30,099",0.38,0.38,0.16
0.6,"22,550","9,188",0.29,"394,515","26,055","58,015","20,911",0.45,0.26,0.09
0.7,"12,148","6,824",0.36,"406,663","13,907","64,839","14,087",0.50,0.18,0.06
0.8,"6,901","5,340",0.44,"413,564","7,006","70,179","8,747",0.56,0.11,0.03
0.9,"4,047","4,156",0.51,"417,611","2,959","74,335","4,591",0.61,0.06,0.02
1.0,"2,959","4,591",0.61,"420,570",0,"78,926",0,nan,0.00,0.00
