p,Neg,Pos,mPrec,TN,FP,FN,TP,Prec,Rec,$\hat{p}$
0.0,"4,206",69,0.02,"4,206","416,364",69,"78,857",0.16,1.00,0.99
0.01,"2,021",39,0.02,"6,227","414,343",108,"78,818",0.16,1.00,0.99
0.02,"2,516",36,0.01,"8,743","411,827",144,"78,782",0.16,1.00,0.98
0.03,"3,019",65,0.02,"11,762","408,808",209,"78,717",0.16,1.00,0.98
0.04,"3,724",106,0.03,"15,486","405,084",315,"78,611",0.16,1.00,0.97
0.05,"4,387",127,0.03,"19,873","400,697",442,"78,484",0.16,0.99,0.96
0.06,"4,942",194,0.04,"24,815","395,755",636,"78,290",0.17,0.99,0.95
0.07,"5,763",184,0.03,"30,578","389,992",820,"78,106",0.17,0.99,0.94
0.08,"6,164",226,0.04,"36,742","383,828","1,046","77,880",0.17,0.99,0.92
0.09,"6,682",272,0.04,"43,424","377,146","1,318","77,608",0.17,0.98,0.91
0.1,"6,885",336,0.05,"50,309","370,261","1,654","77,272",0.17,0.98,0.90
0.11,"7,504",389,0.05,"57,813","362,757","2,043","76,883",0.17,0.97,0.88
0.12,"7,896",403,0.05,"65,709","354,861","2,446","76,480",0.18,0.97,0.86
0.13,"8,249",460,0.05,"73,958","346,612","2,906","76,020",0.18,0.96,0.85
0.14,"8,800",509,0.05,"82,758","337,812","3,415","75,511",0.18,0.96,0.83
0.15,"9,286",607,0.06,"92,044","328,526","4,022","74,904",0.19,0.95,0.81
0.16,"9,815",700,0.07,"101,859","318,711","4,722","74,204",0.19,0.94,0.79
0.17,"9,964",759,0.07,"111,823","308,747","5,481","73,445",0.19,0.93,0.77
0.18,"10,402",855,0.08,"122,225","298,345","6,336","72,590",0.20,0.92,0.74
0.19,"10,287",919,0.08,"132,512","288,058","7,255","71,671",0.20,0.91,0.72
0.2,"10,626",981,0.08,"143,138","277,432","8,236","70,690",0.20,0.90,0.70
0.21,"10,941","1,062",0.09,"154,079","266,491","9,298","69,628",0.21,0.88,0.67
0.22,"10,816","1,025",0.09,"164,895","255,675","10,323","68,603",0.21,0.87,0.65
0.23,"10,583","1,137",0.10,"175,478","245,092","11,460","67,466",0.22,0.85,0.63
0.24,"10,511","1,136",0.10,"185,989","234,581","12,596","66,330",0.22,0.84,0.60
0.25,"10,548","1,154",0.10,"196,537","224,033","13,750","65,176",0.23,0.83,0.58
0.26,"10,496","1,293",0.11,"207,033","213,537","15,043","63,883",0.23,0.81,0.56
0.27,"10,106","1,262",0.11,"217,139","203,431","16,305","62,621",0.24,0.79,0.53
0.28,"10,006","1,313",0.12,"227,145","193,425","17,618","61,308",0.24,0.78,0.51
0.29,"9,646","1,395",0.13,"236,791","183,779","19,013","59,913",0.25,0.76,0.49
0.3,"9,618","1,470",0.13,"246,409","174,161","20,483","58,443",0.25,0.74,0.47
0.31,"9,179","1,474",0.14,"255,588","164,982","21,957","56,969",0.26,0.72,0.44
0.32,"9,076","1,495",0.14,"264,664","155,906","23,452","55,474",0.26,0.70,0.42
0.33,"8,596","1,479",0.15,"273,260","147,310","24,931","53,995",0.27,0.68,0.40
0.34,"8,343","1,466",0.15,"281,603","138,967","26,397","52,529",0.27,0.67,0.38
0.35,"7,756","1,498",0.16,"289,359","131,211","27,895","51,031",0.28,0.65,0.36
0.36,"7,395","1,447",0.16,"296,754","123,816","29,342","49,584",0.29,0.63,0.35
0.37,"7,456","1,594",0.18,"304,210","116,360","30,936","47,990",0.29,0.61,0.33
0.38,"6,721","1,534",0.19,"310,931","109,639","32,470","46,456",0.30,0.59,0.31
0.39,"6,645","1,469",0.18,"317,576","102,994","33,939","44,987",0.30,0.57,0.30
0.4,"6,306","1,530",0.20,"323,882","96,688","35,469","43,457",0.31,0.55,0.28
0.41,"5,915","1,492",0.20,"329,797","90,773","36,961","41,965",0.32,0.53,0.27
0.42,"5,646","1,358",0.19,"335,443","85,127","38,319","40,607",0.32,0.51,0.25
0.43,"5,291","1,352",0.20,"340,734","79,836","39,671","39,255",0.33,0.50,0.24
0.44,"5,095","1,425",0.22,"345,829","74,741","41,096","37,830",0.34,0.48,0.23
0.45,"4,713","1,304",0.22,"350,542","70,028","42,400","36,526",0.34,0.46,0.21
0.46,"4,434","1,267",0.22,"354,976","65,594","43,667","35,259",0.35,0.45,0.20
0.47,"4,331","1,292",0.23,"359,307","61,263","44,959","33,967",0.36,0.43,0.19
0.48,"4,086","1,290",0.24,"363,393","57,177","46,249","32,677",0.36,0.41,0.18
0.49,"3,812","1,254",0.25,"367,205","53,365","47,503","31,423",0.37,0.40,0.17
0.5,"3,588","1,334",0.27,"370,793","49,777","48,837","30,089",0.38,0.38,0.16
0.51,"3,250","1,182",0.27,"374,043","46,527","50,019","28,907",0.38,0.37,0.15
0.52,"3,130","1,130",0.27,"377,173","43,397","51,149","27,777",0.39,0.35,0.14
0.53,"3,027","1,133",0.27,"380,200","40,370","52,282","26,644",0.40,0.34,0.13
0.54,"2,878","1,117",0.28,"383,078","37,492","53,399","25,527",0.41,0.32,0.13
0.55,"2,770","1,102",0.28,"385,848","34,722","54,501","24,425",0.41,0.31,0.12
0.56,"2,566","1,020",0.28,"388,414","32,156","55,521","23,405",0.42,0.30,0.11
0.57,"2,312",957,0.29,"390,726","29,844","56,478","22,448",0.43,0.28,0.10
0.58,"2,154","1,033",0.32,"392,880","27,690","57,511","21,415",0.44,0.27,0.10
0.59,"1,961",904,0.32,"394,841","25,729","58,415","20,511",0.44,0.26,0.09
0.6,"1,792",907,0.34,"396,633","23,937","59,322","19,604",0.45,0.25,0.09
0.61,"1,694",877,0.34,"398,327","22,243","60,199","18,727",0.46,0.24,0.08
0.62,"1,599",845,0.35,"399,926","20,644","61,044","17,882",0.46,0.23,0.08
0.63,"1,490",808,0.35,"401,416","19,154","61,852","17,074",0.47,0.22,0.07
0.64,"1,417",813,0.36,"402,833","17,737","62,665","16,261",0.48,0.21,0.07
0.65,"1,362",784,0.37,"404,195","16,375","63,449","15,477",0.49,0.20,0.06
0.66,"1,306",780,0.37,"405,501","15,069","64,229","14,697",0.49,0.19,0.06
0.67,"1,166",782,0.40,"406,667","13,903","65,011","13,915",0.50,0.18,0.06
0.68,"1,103",720,0.39,"407,770","12,800","65,731","13,195",0.51,0.17,0.05
0.69,966,684,0.41,"408,736","11,834","66,415","12,511",0.51,0.16,0.05
0.7,940,647,0.41,"409,676","10,894","67,062","11,864",0.52,0.15,0.05
0.71,849,711,0.46,"410,525","10,045","67,773","11,153",0.53,0.14,0.04
0.72,825,701,0.46,"411,350","9,220","68,474","10,452",0.53,0.13,0.04
0.73,788,598,0.43,"412,138","8,432","69,072","9,854",0.54,0.12,0.04
0.74,722,619,0.46,"412,860","7,710","69,691","9,235",0.54,0.12,0.03
0.75,692,596,0.46,"413,552","7,018","70,287","8,639",0.55,0.11,0.03
0.76,598,529,0.47,"414,150","6,420","70,816","8,110",0.56,0.10,0.03
0.77,637,538,0.46,"414,787","5,783","71,354","7,572",0.57,0.10,0.03
0.78,569,528,0.48,"415,356","5,214","71,882","7,044",0.57,0.09,0.02
0.79,489,457,0.48,"415,845","4,725","72,339","6,587",0.58,0.08,0.02
0.8,470,428,0.48,"416,315","4,255","72,767","6,159",0.59,0.08,0.02
0.81,444,432,0.49,"416,759","3,811","73,199","5,727",0.60,0.07,0.02
0.82,349,453,0.56,"417,108","3,462","73,652","5,274",0.60,0.07,0.02
0.83,396,385,0.49,"417,504","3,066","74,037","4,889",0.61,0.06,0.02
0.84,319,381,0.54,"417,823","2,747","74,418","4,508",0.62,0.06,0.01
0.85,320,363,0.53,"418,143","2,427","74,781","4,145",0.63,0.05,0.01
0.86,250,364,0.59,"418,393","2,177","75,145","3,781",0.63,0.05,0.01
0.87,258,323,0.56,"418,651","1,919","75,468","3,458",0.64,0.04,0.01
0.88,198,344,0.63,"418,849","1,721","75,812","3,114",0.64,0.04,0.01
0.89,205,306,0.60,"419,054","1,516","76,118","2,808",0.65,0.04,0.01
0.9,174,257,0.60,"419,228","1,342","76,375","2,551",0.66,0.03,0.01
0.91,170,241,0.59,"419,398","1,172","76,616","2,310",0.66,0.03,0.01
0.92,146,228,0.61,"419,544","1,026","76,844","2,082",0.67,0.03,0.01
0.93,106,215,0.67,"419,650",920,"77,059","1,867",0.67,0.02,0.01
0.94,133,201,0.60,"419,783",787,"77,260","1,666",0.68,0.02,0.00
0.95,124,181,0.59,"419,907",663,"77,441","1,485",0.69,0.02,0.00
0.96,97,159,0.62,"420,004",566,"77,600","1,326",0.70,0.02,0.00
0.97,91,155,0.63,"420,095",475,"77,755","1,171",0.71,0.01,0.00
0.98,78,148,0.65,"420,173",397,"77,903","1,023",0.72,0.01,0.00
0.99,63,116,0.65,"420,236",334,"78,019",907,0.73,0.01,0.00
1.0,334,907,0.73,"420,570",0,"78,926",0,nan,0.00,0.00
