p,Neg,Pos,mPrec,TN,FP,FN,TP,Prec,Rec,$\hat{p}$
0.0,"1,804",29,0.02,"1,804","178,441",29,"33,796",0.16,1.00,0.99
0.01,935,26,0.03,"2,739","177,506",55,"33,770",0.16,1.00,0.99
0.02,"1,249",28,0.02,"3,988","176,257",83,"33,742",0.16,1.00,0.98
0.03,"1,510",52,0.03,"5,498","174,747",135,"33,690",0.16,1.00,0.97
0.04,"1,791",63,0.03,"7,289","172,956",198,"33,627",0.16,0.99,0.97
0.05,"2,132",82,0.04,"9,421","170,824",280,"33,545",0.16,0.99,0.95
0.06,"2,274",95,0.04,"11,695","168,550",375,"33,450",0.17,0.99,0.94
0.07,"2,661",126,0.05,"14,356","165,889",501,"33,324",0.17,0.99,0.93
0.08,"2,898",124,0.04,"17,254","162,991",625,"33,200",0.17,0.98,0.92
0.09,"3,298",163,0.05,"20,552","159,693",788,"33,037",0.17,0.98,0.90
0.1,"3,386",195,0.05,"23,938","156,307",983,"32,842",0.17,0.97,0.88
0.11,"3,630",225,0.06,"27,568","152,677","1,208","32,617",0.18,0.96,0.87
0.12,"3,867",255,0.06,"31,435","148,810","1,463","32,362",0.18,0.96,0.85
0.13,"4,047",297,0.07,"35,482","144,763","1,760","32,065",0.18,0.95,0.83
0.14,"4,157",292,0.07,"39,639","140,606","2,052","31,773",0.18,0.94,0.81
0.15,"4,437",354,0.07,"44,076","136,169","2,406","31,419",0.19,0.93,0.78
0.16,"4,518",394,0.08,"48,594","131,651","2,800","31,025",0.19,0.92,0.76
0.17,"4,654",456,0.09,"53,248","126,997","3,256","30,569",0.19,0.90,0.74
0.18,"4,821",433,0.08,"58,069","122,176","3,689","30,136",0.20,0.89,0.71
0.19,"4,889",498,0.09,"62,958","117,287","4,187","29,638",0.20,0.88,0.69
0.2,"4,814",551,0.10,"67,772","112,473","4,738","29,087",0.21,0.86,0.66
0.21,"4,797",515,0.10,"72,569","107,676","5,253","28,572",0.21,0.84,0.64
0.22,"4,796",505,0.10,"77,365","102,880","5,758","28,067",0.21,0.83,0.61
0.23,"4,866",585,0.11,"82,231","98,014","6,343","27,482",0.22,0.81,0.59
0.24,"4,591",596,0.11,"86,822","93,423","6,939","26,886",0.22,0.79,0.56
0.25,"4,591",633,0.12,"91,413","88,832","7,572","26,253",0.23,0.78,0.54
0.26,"4,619",677,0.13,"96,032","84,213","8,249","25,576",0.23,0.76,0.51
0.27,"4,366",593,0.12,"100,398","79,847","8,842","24,983",0.24,0.74,0.49
0.28,"4,374",632,0.13,"104,772","75,473","9,474","24,351",0.24,0.72,0.47
0.29,"4,301",665,0.13,"109,073","71,172","10,139","23,686",0.25,0.70,0.44
0.3,"3,958",656,0.14,"113,031","67,214","10,795","23,030",0.26,0.68,0.42
0.31,"3,859",700,0.15,"116,890","63,355","11,495","22,330",0.26,0.66,0.40
0.32,"3,553",653,0.16,"120,443","59,802","12,148","21,677",0.27,0.64,0.38
0.33,"3,442",678,0.16,"123,885","56,360","12,826","20,999",0.27,0.62,0.36
0.34,"3,326",640,0.16,"127,211","53,034","13,466","20,359",0.28,0.60,0.34
0.35,"2,996",624,0.17,"130,207","50,038","14,090","19,735",0.28,0.58,0.33
0.36,"2,909",702,0.19,"133,116","47,129","14,792","19,033",0.29,0.56,0.31
0.37,"2,902",654,0.18,"136,018","44,227","15,446","18,379",0.29,0.54,0.29
0.38,"2,776",666,0.19,"138,794","41,451","16,112","17,713",0.30,0.52,0.28
0.39,"2,490",612,0.20,"141,284","38,961","16,724","17,101",0.31,0.51,0.26
0.4,"2,437",621,0.20,"143,721","36,524","17,345","16,480",0.31,0.49,0.25
0.41,"2,344",579,0.20,"146,065","34,180","17,924","15,901",0.32,0.47,0.23
0.42,"2,228",632,0.22,"148,293","31,952","18,556","15,269",0.32,0.45,0.22
0.43,"1,936",616,0.24,"150,229","30,016","19,172","14,653",0.33,0.43,0.21
0.44,"1,994",536,0.21,"152,223","28,022","19,708","14,117",0.34,0.42,0.20
0.45,"1,822",562,0.24,"154,045","26,200","20,270","13,555",0.34,0.40,0.19
0.46,"1,736",563,0.24,"155,781","24,464","20,833","12,992",0.35,0.38,0.17
0.47,"1,565",494,0.24,"157,346","22,899","21,327","12,498",0.35,0.37,0.17
0.48,"1,410",466,0.25,"158,756","21,489","21,793","12,032",0.36,0.36,0.16
0.49,"1,373",502,0.27,"160,129","20,116","22,295","11,530",0.36,0.34,0.15
0.5,"1,363",493,0.27,"161,492","18,753","22,788","11,037",0.37,0.33,0.14
0.51,"1,206",413,0.26,"162,698","17,547","23,201","10,624",0.38,0.31,0.13
0.52,"1,179",451,0.28,"163,877","16,368","23,652","10,173",0.38,0.30,0.12
0.53,"1,052",428,0.29,"164,929","15,316","24,080","9,745",0.39,0.29,0.12
0.54,"1,053",419,0.28,"165,982","14,263","24,499","9,326",0.40,0.28,0.11
0.55,973,367,0.27,"166,955","13,290","24,866","8,959",0.40,0.26,0.10
0.56,894,390,0.30,"167,849","12,396","25,256","8,569",0.41,0.25,0.10
0.57,729,356,0.33,"168,578","11,667","25,612","8,213",0.41,0.24,0.09
0.58,788,333,0.30,"169,366","10,879","25,945","7,880",0.42,0.23,0.09
0.59,758,364,0.32,"170,124","10,121","26,309","7,516",0.43,0.22,0.08
0.6,617,310,0.33,"170,741","9,504","26,619","7,206",0.43,0.21,0.08
0.61,598,280,0.32,"171,339","8,906","26,899","6,926",0.44,0.20,0.07
0.62,614,310,0.34,"171,953","8,292","27,209","6,616",0.44,0.20,0.07
0.63,551,237,0.30,"172,504","7,741","27,446","6,379",0.45,0.19,0.07
0.64,470,310,0.40,"172,974","7,271","27,756","6,069",0.45,0.18,0.06
0.65,476,264,0.36,"173,450","6,795","28,020","5,805",0.46,0.17,0.06
0.66,476,280,0.37,"173,926","6,319","28,300","5,525",0.47,0.16,0.06
0.67,391,266,0.40,"174,317","5,928","28,566","5,259",0.47,0.16,0.05
0.68,406,240,0.37,"174,723","5,522","28,806","5,019",0.48,0.15,0.05
0.69,354,216,0.38,"175,077","5,168","29,022","4,803",0.48,0.14,0.05
0.7,372,214,0.37,"175,449","4,796","29,236","4,589",0.49,0.14,0.04
0.71,312,228,0.42,"175,761","4,484","29,464","4,361",0.49,0.13,0.04
0.72,315,268,0.46,"176,076","4,169","29,732","4,093",0.50,0.12,0.04
0.73,275,232,0.46,"176,351","3,894","29,964","3,861",0.50,0.11,0.04
0.74,316,203,0.39,"176,667","3,578","30,167","3,658",0.51,0.11,0.03
0.75,271,219,0.45,"176,938","3,307","30,386","3,439",0.51,0.10,0.03
0.76,256,214,0.46,"177,194","3,051","30,600","3,225",0.51,0.10,0.03
0.77,247,200,0.45,"177,441","2,804","30,800","3,025",0.52,0.09,0.03
0.78,233,214,0.48,"177,674","2,571","31,014","2,811",0.52,0.08,0.03
0.79,224,205,0.48,"177,898","2,347","31,219","2,606",0.53,0.08,0.02
0.8,210,195,0.48,"178,108","2,137","31,414","2,411",0.53,0.07,0.02
0.81,191,149,0.44,"178,299","1,946","31,563","2,262",0.54,0.07,0.02
0.82,211,167,0.44,"178,510","1,735","31,730","2,095",0.55,0.06,0.02
0.83,157,124,0.44,"178,667","1,578","31,854","1,971",0.56,0.06,0.02
0.84,137,135,0.50,"178,804","1,441","31,989","1,836",0.56,0.05,0.02
0.85,117,157,0.57,"178,921","1,324","32,146","1,679",0.56,0.05,0.01
0.86,119,139,0.54,"179,040","1,205","32,285","1,540",0.56,0.05,0.01
0.87,119,149,0.56,"179,159","1,086","32,434","1,391",0.56,0.04,0.01
0.88,127,108,0.46,"179,286",959,"32,542","1,283",0.57,0.04,0.01
0.89,89,104,0.54,"179,375",870,"32,646","1,179",0.58,0.03,0.01
0.9,98,120,0.55,"179,473",772,"32,766","1,059",0.58,0.03,0.01
0.91,84,95,0.53,"179,557",688,"32,861",964,0.58,0.03,0.01
0.92,82,83,0.50,"179,639",606,"32,944",881,0.59,0.03,0.01
0.93,83,97,0.54,"179,722",523,"33,041",784,0.60,0.02,0.01
0.94,61,88,0.59,"179,783",462,"33,129",696,0.60,0.02,0.01
0.95,69,75,0.52,"179,852",393,"33,204",621,0.61,0.02,0.00
0.96,49,75,0.60,"179,901",344,"33,279",546,0.61,0.02,0.00
0.97,53,51,0.49,"179,954",291,"33,330",495,0.63,0.01,0.00
0.98,37,64,0.63,"179,991",254,"33,394",431,0.63,0.01,0.00
0.99,34,50,0.60,"180,025",220,"33,444",381,0.63,0.01,0.00
1.0,220,381,0.63,"180,245",0,"33,825",0,nan,0.00,0.00
