p,Neg,Pos,mPrec,TN,FP,FN,TP,Prec,Rec,$\hat{p}$
0.0,1,0,0.00,1,"180,244",0,"33,825",0.16,1.00,1.00
0.01,4,0,0.00,5,"180,240",0,"33,825",0.16,1.00,1.00
0.02,5,1,0.17,10,"180,235",1,"33,824",0.16,1.00,1.00
0.03,7,0,0.00,17,"180,228",1,"33,824",0.16,1.00,1.00
0.04,14,0,0.00,31,"180,214",1,"33,824",0.16,1.00,1.00
0.05,12,1,0.08,43,"180,202",2,"33,823",0.16,1.00,1.00
0.06,32,1,0.03,75,"180,170",3,"33,822",0.16,1.00,1.00
0.07,40,1,0.02,115,"180,130",4,"33,821",0.16,1.00,1.00
0.08,65,0,0.00,180,"180,065",4,"33,821",0.16,1.00,1.00
0.09,80,1,0.01,260,"179,985",5,"33,820",0.16,1.00,1.00
0.1,132,0,0.00,392,"179,853",5,"33,820",0.16,1.00,1.00
0.11,167,4,0.02,559,"179,686",9,"33,816",0.16,1.00,1.00
0.12,240,6,0.02,799,"179,446",15,"33,810",0.16,1.00,1.00
0.13,255,2,0.01,"1,054","179,191",17,"33,808",0.16,1.00,0.99
0.14,349,7,0.02,"1,403","178,842",24,"33,801",0.16,1.00,0.99
0.15,433,11,0.02,"1,836","178,409",35,"33,790",0.16,1.00,0.99
0.16,532,11,0.02,"2,368","177,877",46,"33,779",0.16,1.00,0.99
0.17,741,22,0.03,"3,109","177,136",68,"33,757",0.16,1.00,0.99
0.18,798,17,0.02,"3,907","176,338",85,"33,740",0.16,1.00,0.98
0.19,"1,002",25,0.02,"4,909","175,336",110,"33,715",0.16,1.00,0.98
0.2,"1,189",43,0.03,"6,098","174,147",153,"33,672",0.16,1.00,0.97
0.21,"1,313",51,0.04,"7,411","172,834",204,"33,621",0.16,0.99,0.96
0.22,"1,621",57,0.03,"9,032","171,213",261,"33,564",0.16,0.99,0.96
0.23,"1,906",75,0.04,"10,938","169,307",336,"33,489",0.17,0.99,0.95
0.24,"2,001",84,0.04,"12,939","167,306",420,"33,405",0.17,0.99,0.94
0.25,"2,278",97,0.04,"15,217","165,028",517,"33,308",0.17,0.98,0.93
0.26,"2,520",133,0.05,"17,737","162,508",650,"33,175",0.17,0.98,0.91
0.27,"2,734",129,0.05,"20,471","159,774",779,"33,046",0.17,0.98,0.90
0.28,"2,986",161,0.05,"23,457","156,788",940,"32,885",0.17,0.97,0.89
0.29,"3,169",213,0.06,"26,626","153,619","1,153","32,672",0.18,0.97,0.87
0.3,"3,387",197,0.05,"30,013","150,232","1,350","32,475",0.18,0.96,0.85
0.31,"3,732",270,0.07,"33,745","146,500","1,620","32,205",0.18,0.95,0.83
0.32,"3,909",303,0.07,"37,654","142,591","1,923","31,902",0.18,0.94,0.82
0.33,"4,167",320,0.07,"41,821","138,424","2,243","31,582",0.19,0.93,0.79
0.34,"4,479",370,0.08,"46,300","133,945","2,613","31,212",0.19,0.92,0.77
0.35,"4,569",346,0.07,"50,869","129,376","2,959","30,866",0.19,0.91,0.75
0.36,"4,673",466,0.09,"55,542","124,703","3,425","30,400",0.20,0.90,0.72
0.37,"4,880",454,0.09,"60,422","119,823","3,879","29,946",0.20,0.89,0.70
0.38,"5,026",492,0.09,"65,448","114,797","4,371","29,454",0.20,0.87,0.67
0.39,"5,204",601,0.10,"70,652","109,593","4,972","28,853",0.21,0.85,0.65
0.4,"5,172",547,0.10,"75,824","104,421","5,519","28,306",0.21,0.84,0.62
0.41,"5,205",642,0.11,"81,029","99,216","6,161","27,664",0.22,0.82,0.59
0.42,"5,193",623,0.11,"86,222","94,023","6,784","27,041",0.22,0.80,0.57
0.43,"5,147",719,0.12,"91,369","88,876","7,503","26,322",0.23,0.78,0.54
0.44,"5,109",713,0.12,"96,478","83,767","8,216","25,609",0.23,0.76,0.51
0.45,"5,026",767,0.13,"101,504","78,741","8,983","24,842",0.24,0.73,0.48
0.46,"5,006",778,0.13,"106,510","73,735","9,761","24,064",0.25,0.71,0.46
0.47,"4,781",816,0.15,"111,291","68,954","10,577","23,248",0.25,0.69,0.43
0.48,"4,863",859,0.15,"116,154","64,091","11,436","22,389",0.26,0.66,0.40
0.49,"4,565",862,0.16,"120,719","59,526","12,298","21,527",0.27,0.64,0.38
0.5,"4,524",817,0.15,"125,243","55,002","13,115","20,710",0.27,0.61,0.35
0.51,"4,069",851,0.17,"129,312","50,933","13,966","19,859",0.28,0.59,0.33
0.52,"3,985",830,0.17,"133,297","46,948","14,796","19,029",0.29,0.56,0.31
0.53,"3,937",911,0.19,"137,234","43,011","15,707","18,118",0.30,0.54,0.29
0.54,"3,632",796,0.18,"140,866","39,379","16,503","17,322",0.31,0.51,0.26
0.55,"3,449",909,0.21,"144,315","35,930","17,412","16,413",0.31,0.49,0.24
0.56,"3,124",882,0.22,"147,439","32,806","18,294","15,531",0.32,0.46,0.23
0.57,"3,039",856,0.22,"150,478","29,767","19,150","14,675",0.33,0.43,0.21
0.58,"2,780",839,0.23,"153,258","26,987","19,989","13,836",0.34,0.41,0.19
0.59,"2,546",814,0.24,"155,804","24,441","20,803","13,022",0.35,0.38,0.18
0.6,"2,348",791,0.25,"158,152","22,093","21,594","12,231",0.36,0.36,0.16
0.61,"2,264",732,0.24,"160,416","19,829","22,326","11,499",0.37,0.34,0.15
0.62,"1,960",729,0.27,"162,376","17,869","23,055","10,770",0.38,0.32,0.13
0.63,"1,949",699,0.26,"164,325","15,920","23,754","10,071",0.39,0.30,0.12
0.64,"1,604",705,0.31,"165,929","14,316","24,459","9,366",0.40,0.28,0.11
0.65,"1,607",650,0.29,"167,536","12,709","25,109","8,716",0.41,0.26,0.10
0.66,"1,404",649,0.32,"168,940","11,305","25,758","8,067",0.42,0.24,0.09
0.67,"1,237",642,0.34,"170,177","10,068","26,400","7,425",0.42,0.22,0.08
0.68,"1,165",517,0.31,"171,342","8,903","26,917","6,908",0.44,0.20,0.07
0.69,994,543,0.35,"172,336","7,909","27,460","6,365",0.45,0.19,0.07
0.7,904,534,0.37,"173,240","7,005","27,994","5,831",0.45,0.17,0.06
0.71,834,499,0.37,"174,074","6,171","28,493","5,332",0.46,0.16,0.05
0.72,822,490,0.37,"174,896","5,349","28,983","4,842",0.48,0.14,0.05
0.73,736,498,0.40,"175,632","4,613","29,481","4,344",0.48,0.13,0.04
0.74,698,453,0.39,"176,330","3,915","29,934","3,891",0.50,0.12,0.04
0.75,610,453,0.43,"176,940","3,305","30,387","3,438",0.51,0.10,0.03
0.76,555,413,0.43,"177,495","2,750","30,800","3,025",0.52,0.09,0.03
0.77,482,404,0.46,"177,977","2,268","31,204","2,621",0.54,0.08,0.02
0.78,447,405,0.48,"178,424","1,821","31,609","2,216",0.55,0.07,0.02
0.79,369,387,0.51,"178,793","1,452","31,996","1,829",0.56,0.05,0.02
0.8,314,323,0.51,"179,107","1,138","32,319","1,506",0.57,0.04,0.01
0.81,260,314,0.55,"179,367",878,"32,633","1,192",0.58,0.04,0.01
0.82,228,294,0.56,"179,595",650,"32,927",898,0.58,0.03,0.01
0.83,178,224,0.56,"179,773",472,"33,151",674,0.59,0.02,0.01
0.84,154,189,0.55,"179,927",318,"33,340",485,0.60,0.01,0.00
0.85,103,136,0.57,"180,030",215,"33,476",349,0.62,0.01,0.00
0.86,82,111,0.58,"180,112",133,"33,587",238,0.64,0.01,0.00
0.87,56,84,0.60,"180,168",77,"33,671",154,0.67,0.00,0.00
0.88,25,77,0.75,"180,193",52,"33,748",77,0.60,0.00,0.00
0.89,16,27,0.63,"180,209",36,"33,775",50,0.58,0.00,0.00
0.9,14,18,0.56,"180,223",22,"33,793",32,0.59,0.00,0.00
0.91,10,18,0.64,"180,233",12,"33,811",14,0.54,0.00,0.00
0.92,6,7,0.54,"180,239",6,"33,818",7,0.54,0.00,0.00
0.93,1,4,0.80,"180,240",5,"33,822",3,0.38,0.00,0.00
0.94,3,0,0.00,"180,243",2,"33,822",3,0.60,0.00,0.00
0.95,2,1,0.33,"180,245",0,"33,823",2,1.00,0.00,0.00
0.96,0,1,1.00,"180,245",0,"33,824",1,1.00,0.00,0.00
0.97,0,0,nan,"180,245",0,"33,824",1,1.00,0.00,0.00
0.98,0,0,nan,"180,245",0,"33,824",1,1.00,0.00,0.00
0.99,0,0,nan,"180,245",0,"33,824",1,1.00,0.00,0.00
1.0,0,1,1.00,"180,245",0,"33,825",0,nan,0.00,0.00
