p,Neg,Pos,mPrec,TN,FP,FN,TP,Prec,Rec,$\hat{p}$
0.0,1,0,0.00,1,"420,569",0,"78,926",0.16,1.00,1.00
0.1,"3,479",8,0.00,"3,480","417,090",8,"78,918",0.16,1.00,0.99
0.2,"29,470",264,0.01,"32,950","387,620",272,"78,654",0.17,1.00,0.93
0.3,"63,718","1,563",0.02,"96,668","323,902","1,835","77,091",0.19,0.98,0.80
0.4,"84,467","4,483",0.05,"181,135","239,435","6,318","72,608",0.23,0.92,0.62
0.5,"88,019","9,507",0.10,"269,154","151,416","15,825","63,101",0.29,0.80,0.43
0.6,"73,023","15,185",0.17,"342,177","78,393","31,010","47,916",0.38,0.61,0.25
0.7,"46,978","17,325",0.27,"389,155","31,415","48,335","30,591",0.49,0.39,0.12
0.8,"21,742","14,864",0.41,"410,897","9,673","63,199","15,727",0.62,0.20,0.05
0.9,"7,917","10,536",0.57,"418,814","1,756","73,735","5,191",0.75,0.07,0.01
1.0,"1,756","5,191",0.75,"420,570",0,"78,926",0,nan,0.00,0.00
