p,Neg,Pos,mPrec,TN,FP,FN,TP,Prec,Rec,$\hat{p}$
0.0,1,0,0.00,1,"420,569",0,"78,926",0.16,1.00,1.00
0.01,11,0,0.00,12,"420,558",0,"78,926",0.16,1.00,1.00
0.02,11,0,0.00,23,"420,547",0,"78,926",0.16,1.00,1.00
0.03,24,0,0.00,47,"420,523",0,"78,926",0.16,1.00,1.00
0.04,40,0,0.00,87,"420,483",0,"78,926",0.16,1.00,1.00
0.05,52,0,0.00,139,"420,431",0,"78,926",0.16,1.00,1.00
0.06,59,1,0.02,198,"420,372",1,"78,925",0.16,1.00,1.00
0.07,61,0,0.00,259,"420,311",1,"78,925",0.16,1.00,1.00
0.08,77,0,0.00,336,"420,234",1,"78,925",0.16,1.00,1.00
0.09,134,0,0.00,470,"420,100",1,"78,925",0.16,1.00,1.00
0.1,158,0,0.00,628,"419,942",1,"78,925",0.16,1.00,1.00
0.11,181,0,0.00,809,"419,761",1,"78,925",0.16,1.00,1.00
0.12,266,2,0.01,"1,075","419,495",3,"78,923",0.16,1.00,1.00
0.13,294,0,0.00,"1,369","419,201",3,"78,923",0.16,1.00,1.00
0.14,391,3,0.01,"1,760","418,810",6,"78,920",0.16,1.00,1.00
0.15,534,5,0.01,"2,294","418,276",11,"78,915",0.16,1.00,1.00
0.16,672,12,0.02,"2,966","417,604",23,"78,903",0.16,1.00,0.99
0.17,841,2,0.00,"3,807","416,763",25,"78,901",0.16,1.00,0.99
0.18,"1,017",13,0.01,"4,824","415,746",38,"78,888",0.16,1.00,0.99
0.19,"1,051",14,0.01,"5,875","414,695",52,"78,874",0.16,1.00,0.99
0.2,"1,234",18,0.01,"7,109","413,461",70,"78,856",0.16,1.00,0.99
0.21,"1,354",19,0.01,"8,463","412,107",89,"78,837",0.16,1.00,0.98
0.22,"1,659",32,0.02,"10,122","410,448",121,"78,805",0.16,1.00,0.98
0.23,"1,912",38,0.02,"12,034","408,536",159,"78,767",0.16,1.00,0.98
0.24,"2,123",37,0.02,"14,157","406,413",196,"78,730",0.16,1.00,0.97
0.25,"2,465",64,0.03,"16,622","403,948",260,"78,666",0.16,1.00,0.97
0.26,"2,921",77,0.03,"19,543","401,027",337,"78,589",0.16,1.00,0.96
0.27,"3,189",79,0.02,"22,732","397,838",416,"78,510",0.16,0.99,0.95
0.28,"3,663",106,0.03,"26,395","394,175",522,"78,404",0.17,0.99,0.95
0.29,"4,235",143,0.03,"30,630","389,940",665,"78,261",0.17,0.99,0.94
0.3,"4,640",169,0.04,"35,270","385,300",834,"78,092",0.17,0.99,0.93
0.31,"5,106",172,0.03,"40,376","380,194","1,006","77,920",0.17,0.99,0.92
0.32,"5,676",188,0.03,"46,052","374,518","1,194","77,732",0.17,0.98,0.91
0.33,"6,239",268,0.04,"52,291","368,279","1,462","77,464",0.17,0.98,0.89
0.34,"6,595",290,0.04,"58,886","361,684","1,752","77,174",0.18,0.98,0.88
0.35,"7,248",332,0.04,"66,134","354,436","2,084","76,842",0.18,0.97,0.86
0.36,"7,780",436,0.05,"73,914","346,656","2,520","76,406",0.18,0.97,0.85
0.37,"8,340",471,0.05,"82,254","338,316","2,991","75,935",0.18,0.96,0.83
0.38,"8,986",592,0.06,"91,240","329,330","3,583","75,343",0.19,0.95,0.81
0.39,"9,507",635,0.06,"100,747","319,823","4,218","74,708",0.19,0.95,0.79
0.4,"10,648",771,0.07,"111,395","309,175","4,989","73,937",0.19,0.94,0.77
0.41,"10,977",819,0.07,"122,372","298,198","5,808","73,118",0.20,0.93,0.74
0.42,"11,385",948,0.08,"133,757","286,813","6,756","72,170",0.20,0.91,0.72
0.43,"12,281","1,126",0.08,"146,038","274,532","7,882","71,044",0.21,0.90,0.69
0.44,"13,025","1,316",0.09,"159,063","261,507","9,198","69,728",0.21,0.88,0.66
0.45,"13,101","1,346",0.09,"172,164","248,406","10,544","68,382",0.22,0.87,0.63
0.46,"13,303","1,513",0.10,"185,467","235,103","12,057","66,869",0.22,0.85,0.60
0.47,"13,734","1,604",0.10,"199,201","221,369","13,661","65,265",0.23,0.83,0.57
0.48,"13,508","1,813",0.12,"212,709","207,861","15,474","63,452",0.23,0.80,0.54
0.49,"13,786","1,900",0.12,"226,495","194,075","17,374","61,552",0.24,0.78,0.51
0.5,"13,735","2,022",0.13,"240,230","180,340","19,396","59,530",0.25,0.75,0.48
0.51,"13,549","2,203",0.14,"253,779","166,791","21,599","57,327",0.26,0.73,0.45
0.52,"13,341","2,250",0.14,"267,120","153,450","23,849","55,077",0.26,0.70,0.42
0.53,"13,113","2,384",0.15,"280,233","140,337","26,233","52,693",0.27,0.67,0.39
0.54,"12,479","2,407",0.16,"292,712","127,858","28,640","50,286",0.28,0.64,0.36
0.55,"12,233","2,523",0.17,"304,945","115,625","31,163","47,763",0.29,0.61,0.33
0.56,"11,544","2,609",0.18,"316,489","104,081","33,772","45,154",0.30,0.57,0.30
0.57,"10,555","2,593",0.20,"327,044","93,526","36,365","42,561",0.31,0.54,0.27
0.58,"10,397","2,671",0.20,"337,441","83,129","39,036","39,890",0.32,0.51,0.25
0.59,"9,361","2,634",0.22,"346,802","73,768","41,670","37,256",0.34,0.47,0.22
0.6,"8,766","2,656",0.23,"355,568","65,002","44,326","34,600",0.35,0.44,0.20
0.61,"7,960","2,541",0.24,"363,528","57,042","46,867","32,059",0.36,0.41,0.18
0.62,"7,085","2,479",0.26,"370,613","49,957","49,346","29,580",0.37,0.37,0.16
0.63,"6,466","2,428",0.27,"377,079","43,491","51,774","27,152",0.38,0.34,0.14
0.64,"5,819","2,271",0.28,"382,898","37,672","54,045","24,881",0.40,0.32,0.13
0.65,"5,272","2,169",0.29,"388,170","32,400","56,214","22,712",0.41,0.29,0.11
0.66,"4,406","2,005",0.31,"392,576","27,994","58,219","20,707",0.43,0.26,0.10
0.67,"3,948","1,853",0.32,"396,524","24,046","60,072","18,854",0.44,0.24,0.09
0.68,"3,557","1,779",0.33,"400,081","20,489","61,851","17,075",0.45,0.22,0.08
0.69,"3,070","1,717",0.36,"403,151","17,419","63,568","15,358",0.47,0.19,0.07
0.7,"2,731","1,607",0.37,"405,882","14,688","65,175","13,751",0.48,0.17,0.06
0.71,"2,388","1,512",0.39,"408,270","12,300","66,687","12,239",0.50,0.16,0.05
0.72,"2,040","1,525",0.43,"410,310","10,260","68,212","10,714",0.51,0.14,0.04
0.73,"1,790","1,501",0.46,"412,100","8,470","69,713","9,213",0.52,0.12,0.04
0.74,"1,625","1,282",0.44,"413,725","6,845","70,995","7,931",0.54,0.10,0.03
0.75,"1,426","1,261",0.47,"415,151","5,419","72,256","6,670",0.55,0.08,0.02
0.76,"1,257","1,150",0.48,"416,408","4,162","73,406","5,520",0.57,0.07,0.02
0.77,937,"1,029",0.52,"417,345","3,225","74,435","4,491",0.58,0.06,0.02
0.78,793,905,0.53,"418,138","2,432","75,340","3,586",0.60,0.05,0.01
0.79,633,790,0.56,"418,771","1,799","76,130","2,796",0.61,0.04,0.01
0.8,516,683,0.57,"419,287","1,283","76,813","2,113",0.62,0.03,0.01
0.81,386,583,0.60,"419,673",897,"77,396","1,530",0.63,0.02,0.00
0.82,305,406,0.57,"419,978",592,"77,802","1,124",0.66,0.01,0.00
0.83,206,332,0.62,"420,184",386,"78,134",792,0.67,0.01,0.00
0.84,139,242,0.64,"420,323",247,"78,376",550,0.69,0.01,0.00
0.85,101,179,0.64,"420,424",146,"78,555",371,0.72,0.00,0.00
0.86,56,131,0.70,"420,480",90,"78,686",240,0.73,0.00,0.00
0.87,35,75,0.68,"420,515",55,"78,761",165,0.75,0.00,0.00
0.88,19,63,0.77,"420,534",36,"78,824",102,0.74,0.00,0.00
0.89,19,27,0.59,"420,553",17,"78,851",75,0.82,0.00,0.00
0.9,6,29,0.83,"420,559",11,"78,880",46,0.81,0.00,0.00
0.91,3,10,0.77,"420,562",8,"78,890",36,0.82,0.00,0.00
0.92,3,10,0.77,"420,565",5,"78,900",26,0.84,0.00,0.00
0.93,0,4,1.00,"420,565",5,"78,904",22,0.81,0.00,0.00
0.94,3,9,0.75,"420,568",2,"78,913",13,0.87,0.00,0.00
0.95,1,4,0.80,"420,569",1,"78,917",9,0.90,0.00,0.00
0.96,0,1,1.00,"420,569",1,"78,918",8,0.89,0.00,0.00
0.97,0,2,1.00,"420,569",1,"78,920",6,0.86,0.00,0.00
0.98,1,0,0.00,"420,570",0,"78,920",6,1.00,0.00,0.00
0.99,0,2,1.00,"420,570",0,"78,922",4,1.00,0.00,0.00
1.0,0,4,1.00,"420,570",0,"78,926",0,nan,0.00,0.00
