p,Neg,Pos,mPrec,TN,FP,FN,TP,Prec,Rec,$\hat{p}$
0.0,"4,206",13,0.00,"4,206","416,364",13,"78,913",0.16,1.00,0.99
0.1,"24,525",199,0.01,"28,731","391,839",212,"78,714",0.17,1.00,0.94
0.2,"50,307","1,048",0.02,"79,038","341,532","1,260","77,666",0.19,0.98,0.84
0.3,"67,232","2,848",0.04,"146,270","274,300","4,108","74,818",0.21,0.95,0.70
0.4,"75,643","5,911",0.07,"221,913","198,657","10,019","68,907",0.26,0.87,0.54
0.5,"71,598","9,950",0.12,"293,511","127,059","19,969","58,957",0.32,0.75,0.37
0.6,"57,880","13,585",0.19,"351,391","69,179","33,554","45,372",0.40,0.57,0.23
0.7,"37,843","14,819",0.28,"389,234","31,336","48,373","30,553",0.49,0.39,0.12
0.8,"19,556","12,817",0.40,"408,790","11,780","61,190","17,736",0.60,0.22,0.06
0.9,"8,573","9,762",0.53,"417,363","3,207","70,952","7,974",0.71,0.10,0.02
1.0,"3,207","7,974",0.71,"420,570",0,"78,926",0,nan,0.00,0.00
