p,Neg,Pos,mPrec,TN,FP,FN,TP,Prec,Rec,$\hat{p}$
0.0,"10,515",56,0.01,"10,515","410,055",56,"78,870",0.16,1.00,0.98
0.1,"98,454","2,316",0.02,"108,969","311,601","2,372","76,554",0.20,0.97,0.78
0.2,"107,746","7,257",0.06,"216,715","203,855","9,629","69,297",0.25,0.88,0.55
0.3,"81,396","11,048",0.12,"298,111","122,459","20,677","58,249",0.32,0.74,0.36
0.4,"54,920","13,194",0.19,"353,031","67,539","33,871","45,055",0.40,0.57,0.23
0.5,"33,037","12,489",0.27,"386,068","34,502","46,360","32,566",0.49,0.41,0.13
0.6,"17,945","10,133",0.36,"404,013","16,557","56,493","22,433",0.58,0.28,0.08
0.7,"8,832","7,894",0.47,"412,845","7,725","64,387","14,539",0.65,0.18,0.04
0.8,"4,340","5,737",0.57,"417,185","3,385","70,124","8,802",0.72,0.11,0.02
0.9,"2,018","3,942",0.66,"419,203","1,367","74,066","4,860",0.78,0.06,0.01
1.0,"1,367","4,860",0.78,"420,570",0,"78,926",0,nan,0.00,0.00
