p,Neg,Pos,mPrec,TN,FP,FN,TP,Prec,Rec,$\hat{p}$
0.0,1,0,0.00,1,"180,244",0,"33,825",0.16,1.00,1.00
0.1,156,1,0.01,157,"180,088",1,"33,824",0.16,1.00,1.00
0.2,"3,146",71,0.02,"3,303","176,942",72,"33,753",0.16,1.00,0.98
0.3,"15,631",635,0.04,"18,934","161,311",707,"33,118",0.17,0.98,0.91
0.4,"36,959","2,719",0.07,"55,893","124,352","3,426","30,399",0.20,0.90,0.72
0.5,"53,385","6,898",0.11,"109,278","70,967","10,324","23,501",0.25,0.69,0.44
0.6,"42,226","9,296",0.18,"151,504","28,741","19,620","14,205",0.33,0.42,0.20
0.7,"20,439","7,659",0.27,"171,943","8,302","27,279","6,546",0.44,0.19,0.07
0.8,"6,820","4,754",0.41,"178,763","1,482","32,033","1,792",0.55,0.05,0.02
0.9,"1,423","1,694",0.54,"180,186",59,"33,727",98,0.62,0.00,0.00
1.0,59,98,0.62,"180,245",0,"33,825",0,nan,0.00,0.00
