p,Neg,Pos,mPrec,TN,FP,FN,TP,Prec,Rec,$\hat{p}$
0.0,"4,508",102,0.02,"4,508","175,737",102,"33,723",0.16,1.00,0.98
0.01,571,19,0.03,"5,079","175,166",121,"33,704",0.16,1.00,0.98
0.02,589,22,0.04,"5,668","174,577",143,"33,682",0.16,1.00,0.97
0.03,661,16,0.02,"6,329","173,916",159,"33,666",0.16,1.00,0.97
0.04,729,23,0.03,"7,058","173,187",182,"33,643",0.16,0.99,0.97
0.05,774,28,0.03,"7,832","172,413",210,"33,615",0.16,0.99,0.96
0.06,806,25,0.03,"8,638","171,607",235,"33,590",0.16,0.99,0.96
0.07,845,38,0.04,"9,483","170,762",273,"33,552",0.16,0.99,0.95
0.08,888,40,0.04,"10,371","169,874",313,"33,512",0.16,0.99,0.95
0.09,965,38,0.04,"11,336","168,909",351,"33,474",0.17,0.99,0.95
0.1,"1,091",49,0.04,"12,427","167,818",400,"33,425",0.17,0.99,0.94
0.11,"1,138",53,0.04,"13,565","166,680",453,"33,372",0.17,0.99,0.93
0.12,"1,135",53,0.04,"14,700","165,545",506,"33,319",0.17,0.99,0.93
0.13,"1,219",59,0.05,"15,919","164,326",565,"33,260",0.17,0.98,0.92
0.14,"1,350",57,0.04,"17,269","162,976",622,"33,203",0.17,0.98,0.92
0.15,"1,487",59,0.04,"18,756","161,489",681,"33,144",0.17,0.98,0.91
0.16,"1,542",80,0.05,"20,298","159,947",761,"33,064",0.17,0.98,0.90
0.17,"1,490",90,0.06,"21,788","158,457",851,"32,974",0.17,0.97,0.89
0.18,"1,619",105,0.06,"23,407","156,838",956,"32,869",0.17,0.97,0.89
0.19,"1,764",114,0.06,"25,171","155,074","1,070","32,755",0.17,0.97,0.88
0.2,"1,887",110,0.06,"27,058","153,187","1,180","32,645",0.18,0.97,0.87
0.21,"1,980",131,0.06,"29,038","151,207","1,311","32,514",0.18,0.96,0.86
0.22,"2,040",122,0.06,"31,078","149,167","1,433","32,392",0.18,0.96,0.85
0.23,"2,159",146,0.06,"33,237","147,008","1,579","32,246",0.18,0.95,0.84
0.24,"2,149",167,0.07,"35,386","144,859","1,746","32,079",0.18,0.95,0.83
0.25,"2,244",158,0.07,"37,630","142,615","1,904","31,921",0.18,0.94,0.82
0.26,"2,462",179,0.07,"40,092","140,153","2,083","31,742",0.18,0.94,0.80
0.27,"2,433",202,0.08,"42,525","137,720","2,285","31,540",0.19,0.93,0.79
0.28,"2,608",214,0.08,"45,133","135,112","2,499","31,326",0.19,0.93,0.78
0.29,"2,482",222,0.08,"47,615","132,630","2,721","31,104",0.19,0.92,0.76
0.3,"2,889",248,0.08,"50,504","129,741","2,969","30,856",0.19,0.91,0.75
0.31,"2,932",255,0.08,"53,436","126,809","3,224","30,601",0.19,0.90,0.74
0.32,"2,825",296,0.09,"56,261","123,984","3,520","30,305",0.20,0.90,0.72
0.33,"2,781",267,0.09,"59,042","121,203","3,787","30,038",0.20,0.89,0.71
0.34,"2,896",294,0.09,"61,938","118,307","4,081","29,744",0.20,0.88,0.69
0.35,"3,004",295,0.09,"64,942","115,303","4,376","29,449",0.20,0.87,0.68
0.36,"3,021",306,0.09,"67,963","112,282","4,682","29,143",0.21,0.86,0.66
0.37,"3,138",348,0.10,"71,101","109,144","5,030","28,795",0.21,0.85,0.64
0.38,"3,204",352,0.10,"74,305","105,940","5,382","28,443",0.21,0.84,0.63
0.39,"3,303",382,0.10,"77,608","102,637","5,764","28,061",0.21,0.83,0.61
0.4,"3,304",403,0.11,"80,912","99,333","6,167","27,658",0.22,0.82,0.59
0.41,"3,304",385,0.10,"84,216","96,029","6,552","27,273",0.22,0.81,0.58
0.42,"3,158",457,0.13,"87,374","92,871","7,009","26,816",0.22,0.79,0.56
0.43,"3,400",478,0.12,"90,774","89,471","7,487","26,338",0.23,0.78,0.54
0.44,"3,211",428,0.12,"93,985","86,260","7,915","25,910",0.23,0.77,0.52
0.45,"3,375",433,0.11,"97,360","82,885","8,348","25,477",0.24,0.75,0.51
0.46,"3,174",504,0.14,"100,534","79,711","8,852","24,973",0.24,0.74,0.49
0.47,"3,233",475,0.13,"103,767","76,478","9,327","24,498",0.24,0.72,0.47
0.48,"3,259",556,0.15,"107,026","73,219","9,883","23,942",0.25,0.71,0.45
0.49,"3,222",546,0.14,"110,248","69,997","10,429","23,396",0.25,0.69,0.44
0.5,"3,099",560,0.15,"113,347","66,898","10,989","22,836",0.25,0.68,0.42
0.51,"3,201",527,0.14,"116,548","63,697","11,516","22,309",0.26,0.66,0.40
0.52,"2,992",593,0.17,"119,540","60,705","12,109","21,716",0.26,0.64,0.39
0.53,"2,986",557,0.16,"122,526","57,719","12,666","21,159",0.27,0.63,0.37
0.54,"3,038",627,0.17,"125,564","54,681","13,293","20,532",0.27,0.61,0.35
0.55,"2,737",529,0.16,"128,301","51,944","13,822","20,003",0.28,0.59,0.34
0.56,"2,694",568,0.17,"130,995","49,250","14,390","19,435",0.28,0.57,0.32
0.57,"2,769",607,0.18,"133,764","46,481","14,997","18,828",0.29,0.56,0.31
0.58,"2,678",630,0.19,"136,442","43,803","15,627","18,198",0.29,0.54,0.29
0.59,"2,359",583,0.20,"138,801","41,444","16,210","17,615",0.30,0.52,0.28
0.6,"2,392",538,0.18,"141,193","39,052","16,748","17,077",0.30,0.50,0.26
0.61,"2,430",600,0.20,"143,623","36,622","17,348","16,477",0.31,0.49,0.25
0.62,"2,350",573,0.20,"145,973","34,272","17,921","15,904",0.32,0.47,0.23
0.63,"2,116",618,0.23,"148,089","32,156","18,539","15,286",0.32,0.45,0.22
0.64,"2,096",591,0.22,"150,185","30,060","19,130","14,695",0.33,0.43,0.21
0.65,"2,027",587,0.22,"152,212","28,033","19,717","14,108",0.33,0.42,0.20
0.66,"1,927",585,0.23,"154,139","26,106","20,302","13,523",0.34,0.40,0.19
0.67,"1,766",604,0.25,"155,905","24,340","20,906","12,919",0.35,0.38,0.17
0.68,"1,727",594,0.26,"157,632","22,613","21,500","12,325",0.35,0.36,0.16
0.69,"1,601",561,0.26,"159,233","21,012","22,061","11,764",0.36,0.35,0.15
0.7,"1,507",538,0.26,"160,740","19,505","22,599","11,226",0.37,0.33,0.14
0.71,"1,449",545,0.27,"162,189","18,056","23,144","10,681",0.37,0.32,0.13
0.72,"1,313",514,0.28,"163,502","16,743","23,658","10,167",0.38,0.30,0.13
0.73,"1,279",475,0.27,"164,781","15,464","24,133","9,692",0.39,0.29,0.12
0.74,"1,182",498,0.30,"165,963","14,282","24,631","9,194",0.39,0.27,0.11
0.75,"1,095",463,0.30,"167,058","13,187","25,094","8,731",0.40,0.26,0.10
0.76,"1,095",484,0.31,"168,153","12,092","25,578","8,247",0.41,0.24,0.10
0.77,995,417,0.30,"169,148","11,097","25,995","7,830",0.41,0.23,0.09
0.78,851,427,0.33,"169,999","10,246","26,422","7,403",0.42,0.22,0.08
0.79,846,396,0.32,"170,845","9,400","26,818","7,007",0.43,0.21,0.08
0.8,798,419,0.34,"171,643","8,602","27,237","6,588",0.43,0.19,0.07
0.81,730,418,0.36,"172,373","7,872","27,655","6,170",0.44,0.18,0.07
0.82,708,377,0.35,"173,081","7,164","28,032","5,793",0.45,0.17,0.06
0.83,621,388,0.38,"173,702","6,543","28,420","5,405",0.45,0.16,0.06
0.84,568,366,0.39,"174,270","5,975","28,786","5,039",0.46,0.15,0.05
0.85,544,331,0.38,"174,814","5,431","29,117","4,708",0.46,0.14,0.05
0.86,545,355,0.39,"175,359","4,886","29,472","4,353",0.47,0.13,0.04
0.87,541,335,0.38,"175,900","4,345","29,807","4,018",0.48,0.12,0.04
0.88,491,315,0.39,"176,391","3,854","30,122","3,703",0.49,0.11,0.04
0.89,399,321,0.45,"176,790","3,455","30,443","3,382",0.49,0.10,0.03
0.9,413,312,0.43,"177,203","3,042","30,755","3,070",0.50,0.09,0.03
0.91,366,265,0.42,"177,569","2,676","31,020","2,805",0.51,0.08,0.03
0.92,291,275,0.49,"177,860","2,385","31,295","2,530",0.51,0.07,0.02
0.93,312,275,0.47,"178,172","2,073","31,570","2,255",0.52,0.07,0.02
0.94,266,260,0.49,"178,438","1,807","31,830","1,995",0.52,0.06,0.02
0.95,236,189,0.44,"178,674","1,571","32,019","1,806",0.53,0.05,0.02
0.96,227,223,0.50,"178,901","1,344","32,242","1,583",0.54,0.05,0.01
0.97,229,198,0.46,"179,130","1,115","32,440","1,385",0.55,0.04,0.01
0.98,191,199,0.51,"179,321",924,"32,639","1,186",0.56,0.04,0.01
0.99,152,178,0.54,"179,473",772,"32,817","1,008",0.57,0.03,0.01
1.0,772,"1,008",0.57,"180,245",0,"33,825",0,nan,0.00,0.00
