p,Neg,Pos,mPrec,TN,FP,FN,TP,Prec,Rec,$\hat{p}$
0.0,"1,803",34,0.02,"1,803","178,442",34,"33,791",0.16,1.00,0.99
0.01,848,14,0.02,"2,651","177,594",48,"33,777",0.16,1.00,0.99
0.02,"1,075",30,0.03,"3,726","176,519",78,"33,747",0.16,1.00,0.98
0.03,"1,290",36,0.03,"5,016","175,229",114,"33,711",0.16,1.00,0.98
0.04,"1,519",48,0.03,"6,535","173,710",162,"33,663",0.16,1.00,0.97
0.05,"1,773",51,0.03,"8,308","171,937",213,"33,612",0.16,0.99,0.96
0.06,"2,063",83,0.04,"10,371","169,874",296,"33,529",0.16,0.99,0.95
0.07,"2,367",111,0.04,"12,738","167,507",407,"33,418",0.17,0.99,0.94
0.08,"2,492",142,0.05,"15,230","165,015",549,"33,276",0.17,0.98,0.93
0.09,"2,640",110,0.04,"17,870","162,375",659,"33,166",0.17,0.98,0.91
0.1,"2,973",141,0.05,"20,843","159,402",800,"33,025",0.17,0.98,0.90
0.11,"3,021",199,0.06,"23,864","156,381",999,"32,826",0.17,0.97,0.88
0.12,"3,284",199,0.06,"27,148","153,097","1,198","32,627",0.18,0.96,0.87
0.13,"3,378",240,0.07,"30,526","149,719","1,438","32,387",0.18,0.96,0.85
0.14,"3,572",239,0.06,"34,098","146,147","1,677","32,148",0.18,0.95,0.83
0.15,"3,855",325,0.08,"37,953","142,292","2,002","31,823",0.18,0.94,0.81
0.16,"3,932",325,0.08,"41,885","138,360","2,327","31,498",0.19,0.93,0.79
0.17,"4,218",357,0.08,"46,103","134,142","2,684","31,141",0.19,0.92,0.77
0.18,"4,182",376,0.08,"50,285","129,960","3,060","30,765",0.19,0.91,0.75
0.19,"4,342",398,0.08,"54,627","125,618","3,458","30,367",0.19,0.90,0.73
0.2,"4,444",431,0.09,"59,071","121,174","3,889","29,936",0.20,0.89,0.71
0.21,"4,702",469,0.09,"63,773","116,472","4,358","29,467",0.20,0.87,0.68
0.22,"4,578",499,0.10,"68,351","111,894","4,857","28,968",0.21,0.86,0.66
0.23,"4,584",483,0.10,"72,935","107,310","5,340","28,485",0.21,0.84,0.63
0.24,"4,515",518,0.10,"77,450","102,795","5,858","27,967",0.21,0.83,0.61
0.25,"4,384",489,0.10,"81,834","98,411","6,347","27,478",0.22,0.81,0.59
0.26,"4,455",570,0.11,"86,289","93,956","6,917","26,908",0.22,0.80,0.56
0.27,"4,140",553,0.12,"90,429","89,816","7,470","26,355",0.23,0.78,0.54
0.28,"4,303",564,0.12,"94,732","85,513","8,034","25,791",0.23,0.76,0.52
0.29,"4,091",611,0.13,"98,823","81,422","8,645","25,180",0.24,0.74,0.50
0.3,"3,967",598,0.13,"102,790","77,455","9,243","24,582",0.24,0.73,0.48
0.31,"3,938",607,0.13,"106,728","73,517","9,850","23,975",0.25,0.71,0.46
0.32,"3,833",637,0.14,"110,561","69,684","10,487","23,338",0.25,0.69,0.43
0.33,"3,776",660,0.15,"114,337","65,908","11,147","22,678",0.26,0.67,0.41
0.34,"3,465",617,0.15,"117,802","62,443","11,764","22,061",0.26,0.65,0.39
0.35,"3,519",593,0.14,"121,321","58,924","12,357","21,468",0.27,0.63,0.38
0.36,"3,168",655,0.17,"124,489","55,756","13,012","20,813",0.27,0.62,0.36
0.37,"2,939",639,0.18,"127,428","52,817","13,651","20,174",0.28,0.60,0.34
0.38,"2,930",667,0.19,"130,358","49,887","14,318","19,507",0.28,0.58,0.32
0.39,"2,864",599,0.17,"133,222","47,023","14,917","18,908",0.29,0.56,0.31
0.4,"2,832",627,0.18,"136,054","44,191","15,544","18,281",0.29,0.54,0.29
0.41,"2,609",617,0.19,"138,663","41,582","16,161","17,664",0.30,0.52,0.28
0.42,"2,466",591,0.19,"141,129","39,116","16,752","17,073",0.30,0.50,0.26
0.43,"2,335",565,0.19,"143,464","36,781","17,317","16,508",0.31,0.49,0.25
0.44,"2,194",611,0.22,"145,658","34,587","17,928","15,897",0.31,0.47,0.24
0.45,"2,075",577,0.22,"147,733","32,512","18,505","15,320",0.32,0.45,0.22
0.46,"2,000",570,0.22,"149,733","30,512","19,075","14,750",0.33,0.44,0.21
0.47,"1,883",541,0.22,"151,616","28,629","19,616","14,209",0.33,0.42,0.20
0.48,"1,873",591,0.24,"153,489","26,756","20,207","13,618",0.34,0.40,0.19
0.49,"1,756",531,0.23,"155,245","25,000","20,738","13,087",0.34,0.39,0.18
0.5,"1,616",502,0.24,"156,861","23,384","21,240","12,585",0.35,0.37,0.17
0.51,"1,483",509,0.26,"158,344","21,901","21,749","12,076",0.36,0.36,0.16
0.52,"1,434",507,0.26,"159,778","20,467","22,256","11,569",0.36,0.34,0.15
0.53,"1,379",448,0.25,"161,157","19,088","22,704","11,121",0.37,0.33,0.14
0.54,"1,215",464,0.28,"162,372","17,873","23,168","10,657",0.37,0.32,0.13
0.55,"1,216",474,0.28,"163,588","16,657","23,642","10,183",0.38,0.30,0.13
0.56,"1,174",453,0.28,"164,762","15,483","24,095","9,730",0.39,0.29,0.12
0.57,"1,104",426,0.28,"165,866","14,379","24,521","9,304",0.39,0.28,0.11
0.58,"1,042",435,0.29,"166,908","13,337","24,956","8,869",0.40,0.26,0.10
0.59,956,387,0.29,"167,864","12,381","25,343","8,482",0.41,0.25,0.10
0.6,806,398,0.33,"168,670","11,575","25,741","8,084",0.41,0.24,0.09
0.61,812,366,0.31,"169,482","10,763","26,107","7,718",0.42,0.23,0.09
0.62,727,383,0.35,"170,209","10,036","26,490","7,335",0.42,0.22,0.08
0.63,712,351,0.33,"170,921","9,324","26,841","6,984",0.43,0.21,0.08
0.64,644,331,0.34,"171,565","8,680","27,172","6,653",0.43,0.20,0.07
0.65,624,324,0.34,"172,189","8,056","27,496","6,329",0.44,0.19,0.07
0.66,567,326,0.37,"172,756","7,489","27,822","6,003",0.44,0.18,0.06
0.67,538,317,0.37,"173,294","6,951","28,139","5,686",0.45,0.17,0.06
0.68,516,321,0.38,"173,810","6,435","28,460","5,365",0.45,0.16,0.06
0.69,487,299,0.38,"174,297","5,948","28,759","5,066",0.46,0.15,0.05
0.7,418,258,0.38,"174,715","5,530","29,017","4,808",0.47,0.14,0.05
0.71,392,262,0.40,"175,107","5,138","29,279","4,546",0.47,0.13,0.05
0.72,407,271,0.40,"175,514","4,731","29,550","4,275",0.47,0.13,0.04
0.73,359,253,0.41,"175,873","4,372","29,803","4,022",0.48,0.12,0.04
0.74,353,216,0.38,"176,226","4,019","30,019","3,806",0.49,0.11,0.04
0.75,286,224,0.44,"176,512","3,733","30,243","3,582",0.49,0.11,0.03
0.76,305,233,0.43,"176,817","3,428","30,476","3,349",0.49,0.10,0.03
0.77,253,210,0.45,"177,070","3,175","30,686","3,139",0.50,0.09,0.03
0.78,250,188,0.43,"177,320","2,925","30,874","2,951",0.50,0.09,0.03
0.79,260,195,0.43,"177,580","2,665","31,069","2,756",0.51,0.08,0.03
0.8,260,188,0.42,"177,840","2,405","31,257","2,568",0.52,0.08,0.02
0.81,200,170,0.46,"178,040","2,205","31,427","2,398",0.52,0.07,0.02
0.82,222,184,0.45,"178,262","1,983","31,611","2,214",0.53,0.07,0.02
0.83,159,168,0.51,"178,421","1,824","31,779","2,046",0.53,0.06,0.02
0.84,171,137,0.44,"178,592","1,653","31,916","1,909",0.54,0.06,0.02
0.85,149,150,0.50,"178,741","1,504","32,066","1,759",0.54,0.05,0.02
0.86,153,155,0.50,"178,894","1,351","32,221","1,604",0.54,0.05,0.01
0.87,156,119,0.43,"179,050","1,195","32,340","1,485",0.55,0.04,0.01
0.88,133,116,0.47,"179,183","1,062","32,456","1,369",0.56,0.04,0.01
0.89,107,132,0.55,"179,290",955,"32,588","1,237",0.56,0.04,0.01
0.9,117,131,0.53,"179,407",838,"32,719","1,106",0.57,0.03,0.01
0.91,88,110,0.56,"179,495",750,"32,829",996,0.57,0.03,0.01
0.92,83,82,0.50,"179,578",667,"32,911",914,0.58,0.03,0.01
0.93,71,104,0.59,"179,649",596,"33,015",810,0.58,0.02,0.01
0.94,62,90,0.59,"179,711",534,"33,105",720,0.57,0.02,0.01
0.95,62,72,0.54,"179,773",472,"33,177",648,0.58,0.02,0.01
0.96,52,70,0.57,"179,825",420,"33,247",578,0.58,0.02,0.00
0.97,36,81,0.69,"179,861",384,"33,328",497,0.56,0.01,0.00
0.98,59,60,0.50,"179,920",325,"33,388",437,0.57,0.01,0.00
0.99,57,55,0.49,"179,977",268,"33,443",382,0.59,0.01,0.00
1.0,268,382,0.59,"180,245",0,"33,825",0,nan,0.00,0.00
