p,Neg,Pos,mPrec,TN,FP,FN,TP,Prec,Rec,$\hat{p}$
0.0,0,0,nan,0,"420,570",0,"78,926",0.16,1.00,1.00
0.01,313,0,0.00,313,"420,257",0,"78,926",0.16,1.00,1.00
0.02,549,0,0.00,862,"419,708",0,"78,926",0.16,1.00,1.00
0.03,833,1,0.00,"1,695","418,875",1,"78,925",0.16,1.00,1.00
0.04,"1,258",3,0.00,"2,953","417,617",4,"78,922",0.16,1.00,0.99
0.05,"1,738",5,0.00,"4,691","415,879",9,"78,917",0.16,1.00,0.99
0.06,"2,185",5,0.00,"6,876","413,694",14,"78,912",0.16,1.00,0.99
0.07,"2,641",11,0.00,"9,517","411,053",25,"78,901",0.16,1.00,0.98
0.08,"3,192",13,0.00,"12,709","407,861",38,"78,888",0.16,1.00,0.97
0.09,"3,474",32,0.01,"16,183","404,387",70,"78,856",0.16,1.00,0.97
0.1,"3,916",20,0.01,"20,099","400,471",90,"78,836",0.16,1.00,0.96
0.11,"4,315",31,0.01,"24,414","396,156",121,"78,805",0.17,1.00,0.95
0.12,"4,648",50,0.01,"29,062","391,508",171,"78,755",0.17,1.00,0.94
0.13,"4,918",58,0.01,"33,980","386,590",229,"78,697",0.17,1.00,0.93
0.14,"5,253",56,0.01,"39,233","381,337",285,"78,641",0.17,1.00,0.92
0.15,"5,485",80,0.01,"44,718","375,852",365,"78,561",0.17,1.00,0.91
0.16,"5,791",111,0.02,"50,509","370,061",476,"78,450",0.17,0.99,0.90
0.17,"6,081",107,0.02,"56,590","363,980",583,"78,343",0.18,0.99,0.89
0.18,"6,355",113,0.02,"62,945","357,625",696,"78,230",0.18,0.99,0.87
0.19,"6,516",145,0.02,"69,461","351,109",841,"78,085",0.18,0.99,0.86
0.2,"6,745",183,0.03,"76,206","344,364","1,024","77,902",0.18,0.99,0.85
0.21,"6,817",195,0.03,"83,023","337,547","1,219","77,707",0.19,0.98,0.83
0.22,"7,151",183,0.02,"90,174","330,396","1,402","77,524",0.19,0.98,0.82
0.23,"7,319",212,0.03,"97,493","323,077","1,614","77,312",0.19,0.98,0.80
0.24,"7,632",286,0.04,"105,125","315,445","1,900","77,026",0.20,0.98,0.79
0.25,"7,507",303,0.04,"112,632","307,938","2,203","76,723",0.20,0.97,0.77
0.26,"7,772",335,0.04,"120,404","300,166","2,538","76,388",0.20,0.97,0.75
0.27,"7,801",380,0.05,"128,205","292,365","2,918","76,008",0.21,0.96,0.74
0.28,"7,989",389,0.05,"136,194","284,376","3,307","75,619",0.21,0.96,0.72
0.29,"8,304",440,0.05,"144,498","276,072","3,747","75,179",0.21,0.95,0.70
0.3,"8,368",448,0.05,"152,866","267,704","4,195","74,731",0.22,0.95,0.69
0.31,"8,294",496,0.06,"161,160","259,410","4,691","74,235",0.22,0.94,0.67
0.32,"8,272",533,0.06,"169,432","251,138","5,224","73,702",0.23,0.93,0.65
0.33,"8,243",637,0.07,"177,675","242,895","5,861","73,065",0.23,0.93,0.63
0.34,"8,323",649,0.07,"185,998","234,572","6,510","72,416",0.24,0.92,0.61
0.35,"8,333",699,0.08,"194,331","226,239","7,209","71,717",0.24,0.91,0.60
0.36,"8,411",767,0.08,"202,742","217,828","7,976","70,950",0.25,0.90,0.58
0.37,"8,324",846,0.09,"211,066","209,504","8,822","70,104",0.25,0.89,0.56
0.38,"8,299",833,0.09,"219,365","201,205","9,655","69,271",0.26,0.88,0.54
0.39,"8,147",893,0.10,"227,512","193,058","10,548","68,378",0.26,0.87,0.52
0.4,"8,155",959,0.11,"235,667","184,903","11,507","67,419",0.27,0.85,0.51
0.41,"8,125",906,0.10,"243,792","176,778","12,413","66,513",0.27,0.84,0.49
0.42,"7,868","1,047",0.12,"251,660","168,910","13,460","65,466",0.28,0.83,0.47
0.43,"7,974","1,079",0.12,"259,634","160,936","14,539","64,387",0.29,0.82,0.45
0.44,"7,872","1,109",0.12,"267,506","153,064","15,648","63,278",0.29,0.80,0.43
0.45,"7,617","1,171",0.13,"275,123","145,447","16,819","62,107",0.30,0.79,0.42
0.46,"7,490","1,245",0.14,"282,613","137,957","18,064","60,862",0.31,0.77,0.40
0.47,"7,356","1,278",0.15,"289,969","130,601","19,342","59,584",0.31,0.75,0.38
0.48,"7,316","1,373",0.16,"297,285","123,285","20,715","58,211",0.32,0.74,0.36
0.49,"7,085","1,407",0.17,"304,370","116,200","22,122","56,804",0.33,0.72,0.35
0.5,"6,860","1,410",0.17,"311,230","109,340","23,532","55,394",0.34,0.70,0.33
0.51,"6,587","1,469",0.18,"317,817","102,753","25,001","53,925",0.34,0.68,0.31
0.52,"6,535","1,527",0.19,"324,352","96,218","26,528","52,398",0.35,0.66,0.30
0.53,"6,385","1,558",0.20,"330,737","89,833","28,086","50,840",0.36,0.64,0.28
0.54,"6,239","1,590",0.20,"336,976","83,594","29,676","49,250",0.37,0.62,0.27
0.55,"6,039","1,666",0.22,"343,015","77,555","31,342","47,584",0.38,0.60,0.25
0.56,"5,963","1,786",0.23,"348,978","71,592","33,128","45,798",0.39,0.58,0.24
0.57,"5,540","1,748",0.24,"354,518","66,052","34,876","44,050",0.40,0.56,0.22
0.58,"5,328","1,825",0.26,"359,846","60,724","36,701","42,225",0.41,0.53,0.21
0.59,"4,972","1,842",0.27,"364,818","55,752","38,543","40,383",0.42,0.51,0.19
0.6,"4,763","1,831",0.28,"369,581","50,989","40,374","38,552",0.43,0.49,0.18
0.61,"4,628","1,772",0.28,"374,209","46,361","42,146","36,780",0.44,0.47,0.17
0.62,"4,381","1,822",0.29,"378,590","41,980","43,968","34,958",0.45,0.44,0.15
0.63,"4,126","1,842",0.31,"382,716","37,854","45,810","33,116",0.47,0.42,0.14
0.64,"3,851","1,868",0.33,"386,567","34,003","47,678","31,248",0.48,0.40,0.13
0.65,"3,541","1,811",0.34,"390,108","30,462","49,489","29,437",0.49,0.37,0.12
0.66,"3,456","1,805",0.34,"393,564","27,006","51,294","27,632",0.51,0.35,0.11
0.67,"3,008","1,748",0.37,"396,572","23,998","53,042","25,884",0.52,0.33,0.10
0.68,"2,774","1,757",0.39,"399,346","21,224","54,799","24,127",0.53,0.31,0.09
0.69,"2,640","1,703",0.39,"401,986","18,584","56,502","22,424",0.55,0.28,0.08
0.7,"2,367","1,694",0.42,"404,353","16,217","58,196","20,730",0.56,0.26,0.07
0.71,"2,206","1,699",0.44,"406,559","14,011","59,895","19,031",0.58,0.24,0.07
0.72,"1,978","1,595",0.45,"408,537","12,033","61,490","17,436",0.59,0.22,0.06
0.73,"1,770","1,463",0.45,"410,307","10,263","62,953","15,973",0.61,0.20,0.05
0.74,"1,504","1,385",0.48,"411,811","8,759","64,338","14,588",0.62,0.18,0.05
0.75,"1,322","1,352",0.51,"413,133","7,437","65,690","13,236",0.64,0.17,0.04
0.76,"1,155","1,215",0.51,"414,288","6,282","66,905","12,021",0.66,0.15,0.04
0.77,"1,015","1,243",0.55,"415,303","5,267","68,148","10,778",0.67,0.14,0.03
0.78,873,"1,138",0.57,"416,176","4,394","69,286","9,640",0.69,0.12,0.03
0.79,731,"1,049",0.59,"416,907","3,663","70,335","8,591",0.70,0.11,0.02
0.8,615,940,0.60,"417,522","3,048","71,275","7,651",0.72,0.10,0.02
0.81,560,953,0.63,"418,082","2,488","72,228","6,698",0.73,0.08,0.02
0.82,442,847,0.66,"418,524","2,046","73,075","5,851",0.74,0.07,0.02
0.83,429,853,0.67,"418,953","1,617","73,928","4,998",0.76,0.06,0.01
0.84,356,765,0.68,"419,309","1,261","74,693","4,233",0.77,0.05,0.01
0.85,293,825,0.74,"419,602",968,"75,518","3,408",0.78,0.04,0.01
0.86,268,744,0.74,"419,870",700,"76,262","2,664",0.79,0.03,0.01
0.87,219,735,0.77,"420,089",481,"76,997","1,929",0.80,0.02,0.00
0.88,170,611,0.78,"420,259",311,"77,608","1,318",0.81,0.02,0.00
0.89,138,505,0.79,"420,397",173,"78,113",813,0.82,0.01,0.00
0.9,84,388,0.82,"420,481",89,"78,501",425,0.83,0.01,0.00
0.91,47,211,0.82,"420,528",42,"78,712",214,0.84,0.00,0.00
0.92,29,126,0.81,"420,557",13,"78,838",88,0.87,0.00,0.00
0.93,8,48,0.86,"420,565",5,"78,886",40,0.89,0.00,0.00
0.94,4,32,0.89,"420,569",1,"78,918",8,0.89,0.00,0.00
0.95,1,4,0.80,"420,570",0,"78,922",4,1.00,0.00,0.00
0.96,0,3,1.00,"420,570",0,"78,925",1,1.00,0.00,0.00
0.97,0,1,1.00,"420,570",0,"78,926",0,nan,0.00,0.00
0.98,0,0,nan,"420,570",0,"78,926",0,nan,0.00,0.00
0.99,0,0,nan,"420,570",0,"78,926",0,nan,0.00,0.00
1.0,0,0,nan,"420,570",0,"78,926",0,nan,0.00,0.00
