p,Neg,Pos,mPrec,TN,FP,FN,TP,Prec,Rec,$\hat{p}$
0.0,"1,803",6,0.00,"1,803","178,442",6,"33,819",0.16,1.00,0.99
0.1,"10,240",123,0.01,"12,043","168,202",129,"33,696",0.17,1.00,0.94
0.2,"21,285",587,0.03,"33,328","146,917",716,"33,109",0.18,0.98,0.84
0.3,"28,633","1,494",0.05,"61,961","118,284","2,210","31,615",0.21,0.93,0.70
0.4,"32,142","2,901",0.08,"94,103","86,142","5,111","28,714",0.25,0.85,0.54
0.5,"30,566","4,390",0.13,"124,669","55,576","9,501","24,324",0.30,0.72,0.37
0.6,"24,860","5,783",0.19,"149,529","30,716","15,284","18,541",0.38,0.55,0.23
0.7,"16,424","6,045",0.27,"165,953","14,292","21,329","12,496",0.47,0.37,0.13
0.8,"8,864","5,310",0.37,"174,817","5,428","26,639","7,186",0.57,0.21,0.06
0.9,"3,977","3,908",0.50,"178,794","1,451","30,547","3,278",0.69,0.10,0.02
1.0,"1,451","3,278",0.69,"180,245",0,"33,825",0,nan,0.00,0.00
