p,Neg,Pos,mPrec,TN,FP,FN,TP,Prec,Rec,$\hat{p}$
0.0,"3,236",147,0.04,"3,236","177,009",147,"33,678",0.16,1.00,0.98
0.05,"4,138",209,0.05,"7,374","172,871",356,"33,469",0.16,0.99,0.96
0.1,"5,546",342,0.06,"12,920","167,325",698,"33,127",0.17,0.98,0.94
0.15,"7,963",559,0.07,"20,883","159,362","1,257","32,568",0.17,0.96,0.90
0.2,"8,008",578,0.07,"28,891","151,354","1,835","31,990",0.17,0.95,0.86
0.25,"6,572",539,0.08,"35,463","144,782","2,374","31,451",0.18,0.93,0.82
0.3,"8,044",846,0.10,"43,507","136,738","3,220","30,605",0.18,0.90,0.78
0.35,"11,619","1,373",0.11,"55,126","125,119","4,593","29,232",0.19,0.86,0.72
0.4,"15,387","2,172",0.12,"70,513","109,732","6,765","27,060",0.20,0.80,0.64
0.45,"16,731","2,401",0.13,"87,244","93,001","9,166","24,659",0.21,0.73,0.55
0.5,"15,932","2,661",0.14,"103,176","77,069","11,827","21,998",0.22,0.65,0.46
0.55,"13,951","2,615",0.16,"117,127","63,118","14,442","19,383",0.23,0.57,0.39
0.6,"13,078","2,735",0.17,"130,205","50,040","17,177","16,648",0.25,0.49,0.31
0.65,"11,467","2,763",0.19,"141,672","38,573","19,940","13,885",0.26,0.41,0.25
0.7,"9,150","2,435",0.21,"150,822","29,423","22,375","11,450",0.28,0.34,0.19
0.75,"8,687","2,837",0.25,"159,509","20,736","25,212","8,613",0.29,0.25,0.14
0.8,"7,211","2,555",0.26,"166,720","13,525","27,767","6,058",0.31,0.18,0.09
0.85,"5,691","2,185",0.28,"172,411","7,834","29,952","3,873",0.33,0.11,0.05
0.9,"3,674","1,571",0.30,"176,085","4,160","31,523","2,302",0.36,0.07,0.03
0.95,"2,064","1,091",0.35,"178,149","2,096","32,614","1,211",0.37,0.04,0.02
1.0,"2,096","1,211",0.37,"180,245",0,"33,825",0,nan,0.00,0.00
