p,Neg,Pos,mPrec,TN,FP,FN,TP,Prec,Rec,$\hat{p}$
0.0,"4,507",31,0.01,"4,507","175,738",31,"33,794",0.16,1.00,0.98
0.1,"12,373",225,0.02,"16,880","163,365",256,"33,569",0.17,0.99,0.92
0.2,"20,541",611,0.03,"37,421","142,824",867,"32,958",0.19,0.97,0.82
0.3,"26,561","1,485",0.05,"63,982","116,263","2,352","31,473",0.21,0.93,0.69
0.4,"30,675","2,835",0.08,"94,657","85,588","5,187","28,638",0.25,0.85,0.53
0.5,"30,505","4,489",0.13,"125,162","55,083","9,676","24,149",0.30,0.71,0.37
0.6,"25,384","6,203",0.20,"150,546","29,699","15,879","17,946",0.38,0.53,0.22
0.7,"16,801","6,349",0.27,"167,347","12,898","22,228","11,597",0.47,0.34,0.11
0.8,"8,209","5,060",0.38,"175,556","4,689","27,288","6,537",0.58,0.19,0.05
0.9,"3,305","3,390",0.51,"178,861","1,384","30,678","3,147",0.69,0.09,0.02
1.0,"1,384","3,147",0.69,"180,245",0,"33,825",0,nan,0.00,0.00
