p,Neg,Pos,mPrec,TN,FP,FN,TP,Prec,Rec,$\hat{p}$
0.0,1,0,0.00,1,"180,244",0,"33,825",0.16,1.00,1.00
0.1,"7,025",174,0.02,"7,026","173,219",174,"33,651",0.16,0.99,0.97
0.2,"45,892","3,136",0.06,"52,918","127,327","3,310","30,515",0.19,0.90,0.74
0.3,"61,136","7,786",0.11,"114,054","66,191","11,096","22,729",0.26,0.67,0.42
0.4,"38,019","8,669",0.19,"152,073","28,172","19,765","14,060",0.33,0.42,0.20
0.5,"17,794","6,557",0.27,"169,867","10,378","26,322","7,503",0.42,0.22,0.08
0.6,"6,902","4,118",0.37,"176,769","3,476","30,440","3,385",0.49,0.10,0.03
0.7,"2,655","2,299",0.46,"179,424",821,"32,739","1,086",0.57,0.03,0.01
0.8,704,892,0.56,"180,128",117,"33,631",194,0.62,0.01,0.00
0.9,106,185,0.64,"180,234",11,"33,816",9,0.45,0.00,0.00
1.0,11,9,0.45,"180,245",0,"33,825",0,nan,0.00,0.00
