p,Neg,Pos,mPrec,TN,FP,FN,TP,Prec,Rec,$\hat{p}$
0.0,"10,515",162,0.02,"10,515","410,055",162,"78,764",0.16,1.00,0.98
0.01,"1,311",39,0.03,"11,826","408,744",201,"78,725",0.16,1.00,0.98
0.02,"1,446",35,0.02,"13,272","407,298",236,"78,690",0.16,1.00,0.97
0.03,"1,679",29,0.02,"14,951","405,619",265,"78,661",0.16,1.00,0.97
0.04,"1,801",40,0.02,"16,752","403,818",305,"78,621",0.16,1.00,0.97
0.05,"1,898",36,0.02,"18,650","401,920",341,"78,585",0.16,1.00,0.96
0.06,"2,000",59,0.03,"20,650","399,920",400,"78,526",0.16,0.99,0.96
0.07,"2,171",62,0.03,"22,821","397,749",462,"78,464",0.16,0.99,0.95
0.08,"2,398",59,0.02,"25,219","395,351",521,"78,405",0.17,0.99,0.95
0.09,"2,629",78,0.03,"27,848","392,722",599,"78,327",0.17,0.99,0.94
0.1,"2,576",110,0.04,"30,424","390,146",709,"78,217",0.17,0.99,0.94
0.11,"2,898",103,0.03,"33,322","387,248",812,"78,114",0.17,0.99,0.93
0.12,"3,154",118,0.04,"36,476","384,094",930,"77,996",0.17,0.99,0.93
0.13,"3,186",116,0.04,"39,662","380,908","1,046","77,880",0.17,0.99,0.92
0.14,"3,477",149,0.04,"43,139","377,431","1,195","77,731",0.17,0.98,0.91
0.15,"3,682",151,0.04,"46,821","373,749","1,346","77,580",0.17,0.98,0.90
0.16,"3,723",149,0.04,"50,544","370,026","1,495","77,431",0.17,0.98,0.90
0.17,"3,933",194,0.05,"54,477","366,093","1,689","77,237",0.17,0.98,0.89
0.18,"4,127",210,0.05,"58,604","361,966","1,899","77,027",0.18,0.98,0.88
0.19,"4,367",194,0.04,"62,971","357,599","2,093","76,833",0.18,0.97,0.87
0.2,"4,818",247,0.05,"67,789","352,781","2,340","76,586",0.18,0.97,0.86
0.21,"4,895",254,0.05,"72,684","347,886","2,594","76,332",0.18,0.97,0.85
0.22,"5,156",284,0.05,"77,840","342,730","2,878","76,048",0.18,0.96,0.84
0.23,"5,293",318,0.06,"83,133","337,437","3,196","75,730",0.18,0.96,0.83
0.24,"5,607",336,0.06,"88,740","331,830","3,532","75,394",0.19,0.96,0.82
0.25,"5,962",402,0.06,"94,702","325,868","3,934","74,992",0.19,0.95,0.80
0.26,"6,074",429,0.07,"100,776","319,794","4,363","74,563",0.19,0.94,0.79
0.27,"6,395",464,0.07,"107,171","313,399","4,827","74,099",0.19,0.94,0.78
0.28,"6,419",468,0.07,"113,590","306,980","5,295","73,631",0.19,0.93,0.76
0.29,"6,677",490,0.07,"120,267","300,303","5,785","73,141",0.20,0.93,0.75
0.3,"6,617",568,0.08,"126,884","293,686","6,353","72,573",0.20,0.92,0.73
0.31,"7,109",575,0.07,"133,993","286,577","6,928","71,998",0.20,0.91,0.72
0.32,"7,300",626,0.08,"141,293","279,277","7,554","71,372",0.20,0.90,0.70
0.33,"7,415",712,0.09,"148,708","271,862","8,266","70,660",0.21,0.90,0.69
0.34,"7,296",730,0.09,"156,004","264,566","8,996","69,930",0.21,0.89,0.67
0.35,"7,471",787,0.10,"163,475","257,095","9,783","69,143",0.21,0.88,0.65
0.36,"7,643",744,0.09,"171,118","249,452","10,527","68,399",0.22,0.87,0.64
0.37,"7,604",870,0.10,"178,722","241,848","11,397","67,529",0.22,0.86,0.62
0.38,"7,537",879,0.10,"186,259","234,311","12,276","66,650",0.22,0.84,0.60
0.39,"7,970",911,0.10,"194,229","226,341","13,187","65,739",0.23,0.83,0.58
0.4,"7,786",888,0.10,"202,015","218,555","14,075","64,851",0.23,0.82,0.57
0.41,"8,032","1,018",0.11,"210,047","210,523","15,093","63,833",0.23,0.81,0.55
0.42,"7,645","1,011",0.12,"217,692","202,878","16,104","62,822",0.24,0.80,0.53
0.43,"7,804","1,036",0.12,"225,496","195,074","17,140","61,786",0.24,0.78,0.51
0.44,"7,698","1,079",0.12,"233,194","187,376","18,219","60,707",0.24,0.77,0.50
0.45,"7,518","1,098",0.13,"240,712","179,858","19,317","59,609",0.25,0.76,0.48
0.46,"7,591","1,148",0.13,"248,303","172,267","20,465","58,461",0.25,0.74,0.46
0.47,"7,487","1,227",0.14,"255,790","164,780","21,692","57,234",0.26,0.73,0.44
0.48,"7,316","1,210",0.14,"263,106","157,464","22,902","56,024",0.26,0.71,0.43
0.49,"7,203","1,218",0.14,"270,309","150,261","24,120","54,806",0.27,0.69,0.41
0.5,"7,262","1,259",0.15,"277,571","142,999","25,379","53,547",0.27,0.68,0.39
0.51,"6,876","1,331",0.16,"284,447","136,123","26,710","52,216",0.28,0.66,0.38
0.52,"6,829","1,339",0.16,"291,276","129,294","28,049","50,877",0.28,0.64,0.36
0.53,"6,703","1,380",0.17,"297,979","122,591","29,429","49,497",0.29,0.63,0.34
0.54,"6,435","1,352",0.17,"304,414","116,156","30,781","48,145",0.29,0.61,0.33
0.55,"6,148","1,402",0.19,"310,562","110,008","32,183","46,743",0.30,0.59,0.31
0.56,"5,844","1,373",0.19,"316,406","104,164","33,556","45,370",0.30,0.57,0.30
0.57,"6,224","1,462",0.19,"322,630","97,940","35,018","43,908",0.31,0.56,0.28
0.58,"5,674","1,362",0.19,"328,304","92,266","36,380","42,546",0.32,0.54,0.27
0.59,"5,438","1,399",0.20,"333,742","86,828","37,779","41,147",0.32,0.52,0.26
0.6,"5,301","1,366",0.20,"339,043","81,527","39,145","39,781",0.33,0.50,0.24
0.61,"5,099","1,348",0.21,"344,142","76,428","40,493","38,433",0.33,0.49,0.23
0.62,"4,770","1,376",0.22,"348,912","71,658","41,869","37,057",0.34,0.47,0.22
0.63,"4,641","1,399",0.23,"353,553","67,017","43,268","35,658",0.35,0.45,0.21
0.64,"4,413","1,447",0.25,"357,966","62,604","44,715","34,211",0.35,0.43,0.19
0.65,"4,180","1,306",0.24,"362,146","58,424","46,021","32,905",0.36,0.42,0.18
0.66,"4,062","1,277",0.24,"366,208","54,362","47,298","31,628",0.37,0.40,0.17
0.67,"3,750","1,389",0.27,"369,958","50,612","48,687","30,239",0.37,0.38,0.16
0.68,"3,517","1,290",0.27,"373,475","47,095","49,977","28,949",0.38,0.37,0.15
0.69,"3,277","1,189",0.27,"376,752","43,818","51,166","27,760",0.39,0.35,0.14
0.7,"3,146","1,204",0.28,"379,898","40,672","52,370","26,556",0.40,0.34,0.13
0.71,"2,881","1,205",0.29,"382,779","37,791","53,575","25,351",0.40,0.32,0.13
0.72,"2,814","1,116",0.28,"385,593","34,977","54,691","24,235",0.41,0.31,0.12
0.73,"2,703","1,137",0.30,"388,296","32,274","55,828","23,098",0.42,0.29,0.11
0.74,"2,499","1,137",0.31,"390,795","29,775","56,965","21,961",0.42,0.28,0.10
0.75,"2,307","1,056",0.31,"393,102","27,468","58,021","20,905",0.43,0.26,0.10
0.76,"2,185","1,088",0.33,"395,287","25,283","59,109","19,817",0.44,0.25,0.09
0.77,"1,949",921,0.32,"397,236","23,334","60,030","18,896",0.45,0.24,0.08
0.78,"1,931",976,0.34,"399,167","21,403","61,006","17,920",0.46,0.23,0.08
0.79,"1,760",935,0.35,"400,927","19,643","61,941","16,985",0.46,0.22,0.07
0.8,"1,686","1,000",0.37,"402,613","17,957","62,941","15,985",0.47,0.20,0.07
0.81,"1,431",871,0.38,"404,044","16,526","63,812","15,114",0.48,0.19,0.06
0.82,"1,483",850,0.36,"405,527","15,043","64,662","14,264",0.49,0.18,0.06
0.83,"1,382",917,0.40,"406,909","13,661","65,579","13,347",0.49,0.17,0.05
0.84,"1,255",829,0.40,"408,164","12,406","66,408","12,518",0.50,0.16,0.05
0.85,"1,211",874,0.42,"409,375","11,195","67,282","11,644",0.51,0.15,0.05
0.86,"1,083",847,0.44,"410,458","10,112","68,129","10,797",0.52,0.14,0.04
0.87,"1,007",791,0.44,"411,465","9,105","68,920","10,006",0.52,0.13,0.04
0.88,999,848,0.46,"412,464","8,106","69,768","9,158",0.53,0.12,0.03
0.89,928,724,0.44,"413,392","7,178","70,492","8,434",0.54,0.11,0.03
0.9,861,713,0.45,"414,253","6,317","71,205","7,721",0.55,0.10,0.03
0.91,759,761,0.50,"415,012","5,558","71,966","6,960",0.56,0.09,0.03
0.92,738,683,0.48,"415,750","4,820","72,649","6,277",0.57,0.08,0.02
0.93,677,653,0.49,"416,427","4,143","73,302","5,624",0.58,0.07,0.02
0.94,641,608,0.49,"417,068","3,502","73,910","5,016",0.59,0.06,0.02
0.95,522,633,0.55,"417,590","2,980","74,543","4,383",0.60,0.06,0.01
0.96,466,598,0.56,"418,056","2,514","75,141","3,785",0.60,0.05,0.01
0.97,438,508,0.54,"418,494","2,076","75,649","3,277",0.61,0.04,0.01
0.98,388,463,0.54,"418,882","1,688","76,112","2,814",0.63,0.04,0.01
0.99,341,422,0.55,"419,223","1,347","76,534","2,392",0.64,0.03,0.01
1.0,"1,347","2,392",0.64,"420,570",0,"78,926",0,nan,0.00,0.00
