p,Neg,Pos,mPrec,TN,FP,FN,TP,Prec,Rec,$\hat{p}$
0.0,"4,206",11,0.00,"4,206","416,364",11,"78,915",0.16,1.00,0.99
0.01,"1,651",8,0.00,"5,857","414,713",19,"78,907",0.16,1.00,0.99
0.02,"1,993",8,0.00,"7,850","412,720",27,"78,899",0.16,1.00,0.98
0.03,"2,332",11,0.00,"10,182","410,388",38,"78,888",0.16,1.00,0.98
0.04,"2,515",15,0.01,"12,697","407,873",53,"78,873",0.16,1.00,0.97
0.05,"2,850",14,0.00,"15,547","405,023",67,"78,859",0.16,1.00,0.97
0.06,"3,093",18,0.01,"18,640","401,930",85,"78,841",0.16,1.00,0.96
0.07,"3,406",23,0.01,"22,046","398,524",108,"78,818",0.17,1.00,0.96
0.08,"3,673",43,0.01,"25,719","394,851",151,"78,775",0.17,1.00,0.95
0.09,"3,991",40,0.01,"29,710","390,860",191,"78,735",0.17,1.00,0.94
0.1,"4,137",39,0.01,"33,847","386,723",230,"78,696",0.17,1.00,0.93
0.11,"4,348",58,0.01,"38,195","382,375",288,"78,638",0.17,1.00,0.92
0.12,"4,650",67,0.01,"42,845","377,725",355,"78,571",0.17,1.00,0.91
0.13,"4,857",85,0.02,"47,702","372,868",440,"78,486",0.17,0.99,0.90
0.14,"5,059",83,0.02,"52,761","367,809",523,"78,403",0.18,0.99,0.89
0.15,"5,288",85,0.02,"58,049","362,521",608,"78,318",0.18,0.99,0.88
0.16,"5,287",122,0.02,"63,336","357,234",730,"78,196",0.18,0.99,0.87
0.17,"5,578",136,0.02,"68,914","351,656",866,"78,060",0.18,0.99,0.86
0.18,"5,727",125,0.02,"74,641","345,929",991,"77,935",0.18,0.99,0.85
0.19,"5,951",166,0.03,"80,592","339,978","1,157","77,769",0.19,0.99,0.84
0.2,"5,814",177,0.03,"86,406","334,164","1,334","77,592",0.19,0.98,0.82
0.21,"6,084",205,0.03,"92,490","328,080","1,539","77,387",0.19,0.98,0.81
0.22,"6,197",198,0.03,"98,687","321,883","1,737","77,189",0.19,0.98,0.80
0.23,"6,308",251,0.04,"104,995","315,575","1,988","76,938",0.20,0.97,0.79
0.24,"6,316",258,0.04,"111,311","309,259","2,246","76,680",0.20,0.97,0.77
0.25,"6,601",280,0.04,"117,912","302,658","2,526","76,400",0.20,0.97,0.76
0.26,"6,731",307,0.04,"124,643","295,927","2,833","76,093",0.20,0.96,0.74
0.27,"6,752",351,0.05,"131,395","289,175","3,184","75,742",0.21,0.96,0.73
0.28,"7,089",333,0.04,"138,484","282,086","3,517","75,409",0.21,0.96,0.72
0.29,"6,995",386,0.05,"145,479","275,091","3,903","75,023",0.21,0.95,0.70
0.3,"7,181",461,0.06,"152,660","267,910","4,364","74,562",0.22,0.94,0.69
0.31,"7,167",434,0.06,"159,827","260,743","4,798","74,128",0.22,0.94,0.67
0.32,"7,228",466,0.06,"167,055","253,515","5,264","73,662",0.23,0.93,0.66
0.33,"7,174",475,0.06,"174,229","246,341","5,739","73,187",0.23,0.93,0.64
0.34,"7,337",509,0.06,"181,566","239,004","6,248","72,678",0.23,0.92,0.62
0.35,"7,419",588,0.07,"188,985","231,585","6,836","72,090",0.24,0.91,0.61
0.36,"7,451",631,0.08,"196,436","224,134","7,467","71,459",0.24,0.91,0.59
0.37,"7,374",630,0.08,"203,810","216,760","8,097","70,829",0.25,0.90,0.58
0.38,"7,531",733,0.09,"211,341","209,229","8,830","70,096",0.25,0.89,0.56
0.39,"7,382",742,0.09,"218,723","201,847","9,572","69,354",0.26,0.88,0.54
0.4,"7,365",773,0.09,"226,088","194,482","10,345","68,581",0.26,0.87,0.53
0.41,"7,256",800,0.10,"233,344","187,226","11,145","67,781",0.27,0.86,0.51
0.42,"7,162",839,0.10,"240,506","180,064","11,984","66,942",0.27,0.85,0.49
0.43,"7,188",883,0.11,"247,694","172,876","12,867","66,059",0.28,0.84,0.48
0.44,"7,183",948,0.12,"254,877","165,693","13,815","65,111",0.28,0.82,0.46
0.45,"7,186","1,024",0.12,"262,063","158,507","14,839","64,087",0.29,0.81,0.45
0.46,"6,957","1,048",0.13,"269,020","151,550","15,887","63,039",0.29,0.80,0.43
0.47,"6,974","1,136",0.14,"275,994","144,576","17,023","61,903",0.30,0.78,0.41
0.48,"6,774","1,168",0.15,"282,768","137,802","18,191","60,735",0.31,0.77,0.40
0.49,"6,623","1,153",0.15,"289,391","131,179","19,344","59,582",0.31,0.75,0.38
0.5,"6,587","1,196",0.15,"295,978","124,592","20,540","58,386",0.32,0.74,0.37
0.51,"6,502","1,282",0.16,"302,480","118,090","21,822","57,104",0.33,0.72,0.35
0.52,"6,353","1,294",0.17,"308,833","111,737","23,116","55,810",0.33,0.71,0.34
0.53,"6,027","1,348",0.18,"314,860","105,710","24,464","54,462",0.34,0.69,0.32
0.54,"6,123","1,392",0.19,"320,983","99,587","25,856","53,070",0.35,0.67,0.31
0.55,"5,875","1,379",0.19,"326,858","93,712","27,235","51,691",0.36,0.65,0.29
0.56,"5,608","1,437",0.20,"332,466","88,104","28,672","50,254",0.36,0.64,0.28
0.57,"5,487","1,456",0.21,"337,953","82,617","30,128","48,798",0.37,0.62,0.26
0.58,"5,304","1,424",0.21,"343,257","77,313","31,552","47,374",0.38,0.60,0.25
0.59,"5,104","1,483",0.23,"348,361","72,209","33,035","45,891",0.39,0.58,0.24
0.6,"4,925","1,539",0.24,"353,286","67,284","34,574","44,352",0.40,0.56,0.22
0.61,"4,660","1,531",0.25,"357,946","62,624","36,105","42,821",0.41,0.54,0.21
0.62,"4,632","1,519",0.25,"362,578","57,992","37,624","41,302",0.42,0.52,0.20
0.63,"4,319","1,522",0.26,"366,897","53,673","39,146","39,780",0.43,0.50,0.19
0.64,"4,029","1,588",0.28,"370,926","49,644","40,734","38,192",0.43,0.48,0.18
0.65,"3,971","1,579",0.28,"374,897","45,673","42,313","36,613",0.44,0.46,0.16
0.66,"3,620","1,519",0.30,"378,517","42,053","43,832","35,094",0.45,0.44,0.15
0.67,"3,535","1,559",0.31,"382,052","38,518","45,391","33,535",0.47,0.42,0.14
0.68,"3,204","1,494",0.32,"385,256","35,314","46,885","32,041",0.48,0.41,0.13
0.69,"3,021","1,528",0.34,"388,277","32,293","48,413","30,513",0.49,0.39,0.13
0.7,"2,838","1,401",0.33,"391,115","29,455","49,814","29,112",0.50,0.37,0.12
0.71,"2,633","1,394",0.35,"393,748","26,822","51,208","27,718",0.51,0.35,0.11
0.72,"2,434","1,361",0.36,"396,182","24,388","52,569","26,357",0.52,0.33,0.10
0.73,"2,259","1,318",0.37,"398,441","22,129","53,887","25,039",0.53,0.32,0.09
0.74,"2,066","1,362",0.40,"400,507","20,063","55,249","23,677",0.54,0.30,0.09
0.75,"1,850","1,202",0.39,"402,357","18,213","56,451","22,475",0.55,0.28,0.08
0.76,"1,742","1,296",0.43,"404,099","16,471","57,747","21,179",0.56,0.27,0.08
0.77,"1,574","1,194",0.43,"405,673","14,897","58,941","19,985",0.57,0.25,0.07
0.78,"1,493","1,173",0.44,"407,166","13,404","60,114","18,812",0.58,0.24,0.06
0.79,"1,374","1,132",0.45,"408,540","12,030","61,246","17,680",0.60,0.22,0.06
0.8,"1,223","1,098",0.47,"409,763","10,807","62,344","16,582",0.61,0.21,0.05
0.81,"1,139","1,099",0.49,"410,902","9,668","63,443","15,483",0.62,0.20,0.05
0.82,"1,007","1,062",0.51,"411,909","8,661","64,505","14,421",0.62,0.18,0.05
0.83,"1,015",997,0.50,"412,924","7,646","65,502","13,424",0.64,0.17,0.04
0.84,865,966,0.53,"413,789","6,781","66,468","12,458",0.65,0.16,0.04
0.85,783,882,0.53,"414,572","5,998","67,350","11,576",0.66,0.15,0.04
0.86,766,896,0.54,"415,338","5,232","68,246","10,680",0.67,0.14,0.03
0.87,686,918,0.57,"416,024","4,546","69,164","9,762",0.68,0.12,0.03
0.88,620,854,0.58,"416,644","3,926","70,018","8,908",0.69,0.11,0.03
0.89,540,821,0.60,"417,184","3,386","70,839","8,087",0.70,0.10,0.02
0.9,529,792,0.60,"417,713","2,857","71,631","7,295",0.72,0.09,0.02
0.91,424,743,0.64,"418,137","2,433","72,374","6,552",0.73,0.08,0.02
0.92,375,808,0.68,"418,512","2,058","73,182","5,744",0.74,0.07,0.02
0.93,359,676,0.65,"418,871","1,699","73,858","5,068",0.75,0.06,0.01
0.94,337,716,0.68,"419,208","1,362","74,574","4,352",0.76,0.06,0.01
0.95,266,686,0.72,"419,474","1,096","75,260","3,666",0.77,0.05,0.01
0.96,249,728,0.75,"419,723",847,"75,988","2,938",0.78,0.04,0.01
0.97,218,673,0.76,"419,941",629,"76,661","2,265",0.78,0.03,0.01
0.98,195,585,0.75,"420,136",434,"77,246","1,680",0.79,0.02,0.00
0.99,148,457,0.76,"420,284",286,"77,703","1,223",0.81,0.02,0.00
1.0,286,"1,223",0.81,"420,570",0,"78,926",0,nan,0.00,0.00
