p,Neg,Pos,mPrec,TN,FP,FN,TP,Prec,Rec,FP/P,$\hat{p}$
0.0,"15,021",138,0.01,"15,021","585,794",138,"112,613",0.16,1.00,5.195466115599862,0.98
0.05,"119,112","3,297",0.03,"134,133","466,682","3,435","109,316",0.19,0.97,4.13904976452537,0.81
0.1,"102,747","6,123",0.06,"236,880","363,935","9,558","103,193",0.22,0.92,3.227776250321505,0.65
0.15,"81,474","7,835",0.09,"318,354","282,461","17,393","95,358",0.25,0.85,2.5051751203980452,0.53
0.2,"63,630","8,656",0.12,"381,984","218,831","26,049","86,702",0.28,0.77,1.9408342276343447,0.43
0.25,"50,011","9,014",0.15,"431,995","168,820","35,063","77,688",0.32,0.69,1.4972816205621235,0.35
0.3,"39,819","8,926",0.18,"471,814","129,001","43,989","68,762",0.35,0.61,1.1441228902626142,0.28
0.35,"30,883","8,240",0.21,"502,697","98,118","52,229","60,522",0.38,0.54,0.8702184459561334,0.22
0.4,"24,127","8,092",0.25,"526,824","73,991","60,321","52,430",0.41,0.47,0.6562336475951432,0.18
0.45,"18,730","7,472",0.29,"545,554","55,261","67,793","44,958",0.45,0.40,0.4901153870032195,0.14
0.5,"14,449","6,822",0.32,"560,003","40,812","74,615","38,136",0.48,0.34,0.36196574753217264,0.11
0.55,"10,845","5,945",0.35,"570,848","29,967","80,560","32,191",0.52,0.29,0.26578034784613885,0.09
0.6,"8,253","5,319",0.39,"579,101","21,714","85,879","26,872",0.55,0.24,0.19258365779460937,0.07
0.65,"6,105","4,721",0.44,"585,206","15,609","90,600","22,151",0.59,0.20,0.13843779656056265,0.05
0.7,"4,463","4,088",0.48,"589,669","11,146","94,688","18,063",0.62,0.16,0.0988549990687444,0.04
0.75,"3,254","3,496",0.52,"592,923","7,892","98,184","14,567",0.65,0.13,0.06999494461246464,0.03
0.8,"2,309","2,957",0.56,"595,232","5,583","101,141","11,610",0.68,0.10,0.04951619054376458,0.02
0.85,"1,710","2,631",0.61,"596,942","3,873","103,772","8,979",0.70,0.08,0.034350027937667955,0.02
0.9,"1,282","2,322",0.64,"598,224","2,591","106,094","6,657",0.72,0.06,0.022979840533565114,0.01
0.95,958,"2,087",0.69,"599,182","1,633","108,181","4,570",0.74,0.04,0.01448324183377531,0.01
1.0,"1,633","4,570",0.74,"600,815",0,"112,751",0,nan,0.00,0.0,0.00
