p,Neg,Pos,mPrec,TN,FP,FN,TP,Prec,Rec,$\hat{p}$
0.0,"10,515",126,0.01,"10,515","410,055",126,"78,800",0.16,1.00,0.98
0.01,"1,422",33,0.02,"11,937","408,633",159,"78,767",0.16,1.00,0.98
0.02,"1,674",27,0.02,"13,611","406,959",186,"78,740",0.16,1.00,0.97
0.03,"1,724",28,0.02,"15,335","405,235",214,"78,712",0.16,1.00,0.97
0.04,"1,872",48,0.03,"17,207","403,363",262,"78,664",0.16,1.00,0.97
0.05,"1,951",48,0.02,"19,158","401,412",310,"78,616",0.16,1.00,0.96
0.06,"2,128",48,0.02,"21,286","399,284",358,"78,568",0.16,1.00,0.96
0.07,"2,308",74,0.03,"23,594","396,976",432,"78,494",0.17,0.99,0.95
0.08,"2,535",68,0.03,"26,129","394,441",500,"78,426",0.17,0.99,0.95
0.09,"2,791",78,0.03,"28,920","391,650",578,"78,348",0.17,0.99,0.94
0.1,"2,919",101,0.03,"31,839","388,731",679,"78,247",0.17,0.99,0.93
0.11,"3,045",85,0.03,"34,884","385,686",764,"78,162",0.17,0.99,0.93
0.12,"3,345",133,0.04,"38,229","382,341",897,"78,029",0.17,0.99,0.92
0.13,"3,464",123,0.03,"41,693","378,877","1,020","77,906",0.17,0.99,0.91
0.14,"3,606",156,0.04,"45,299","375,271","1,176","77,750",0.17,0.99,0.91
0.15,"3,783",173,0.04,"49,082","371,488","1,349","77,577",0.17,0.98,0.90
0.16,"4,060",232,0.05,"53,142","367,428","1,581","77,345",0.17,0.98,0.89
0.17,"4,361",221,0.05,"57,503","363,067","1,802","77,124",0.18,0.98,0.88
0.18,"4,605",228,0.05,"62,108","358,462","2,030","76,896",0.18,0.97,0.87
0.19,"4,607",266,0.05,"66,715","353,855","2,296","76,630",0.18,0.97,0.86
0.2,"4,846",252,0.05,"71,561","349,009","2,548","76,378",0.18,0.97,0.85
0.21,"4,991",303,0.06,"76,552","344,018","2,851","76,075",0.18,0.96,0.84
0.22,"5,221",287,0.05,"81,773","338,797","3,138","75,788",0.18,0.96,0.83
0.23,"5,678",361,0.06,"87,451","333,119","3,499","75,427",0.18,0.96,0.82
0.24,"5,685",417,0.07,"93,136","327,434","3,916","75,010",0.19,0.95,0.81
0.25,"6,133",404,0.06,"99,269","321,301","4,320","74,606",0.19,0.95,0.79
0.26,"6,302",462,0.07,"105,571","314,999","4,782","74,144",0.19,0.94,0.78
0.27,"6,493",452,0.07,"112,064","308,506","5,234","73,692",0.19,0.93,0.77
0.28,"6,740",514,0.07,"118,804","301,766","5,748","73,178",0.20,0.93,0.75
0.29,"6,794",503,0.07,"125,598","294,972","6,251","72,675",0.20,0.92,0.74
0.3,"7,393",660,0.08,"132,991","287,579","6,911","72,015",0.20,0.91,0.72
0.31,"7,310",677,0.08,"140,301","280,269","7,588","71,338",0.20,0.90,0.70
0.32,"7,365",670,0.08,"147,666","272,904","8,258","70,668",0.21,0.90,0.69
0.33,"7,777",777,0.09,"155,443","265,127","9,035","69,891",0.21,0.89,0.67
0.34,"7,774",733,0.09,"163,217","257,353","9,768","69,158",0.21,0.88,0.65
0.35,"7,992",862,0.10,"171,209","249,361","10,630","68,296",0.21,0.87,0.64
0.36,"7,857",843,0.10,"179,066","241,504","11,473","67,453",0.22,0.85,0.62
0.37,"7,935",958,0.11,"187,001","233,569","12,431","66,495",0.22,0.84,0.60
0.38,"7,650",916,0.11,"194,651","225,919","13,347","65,579",0.22,0.83,0.58
0.39,"8,022",943,0.11,"202,673","217,897","14,290","64,636",0.23,0.82,0.57
0.4,"7,773","1,024",0.12,"210,446","210,124","15,314","63,612",0.23,0.81,0.55
0.41,"8,090","1,074",0.12,"218,536","202,034","16,388","62,538",0.24,0.79,0.53
0.42,"7,978","1,098",0.12,"226,514","194,056","17,486","61,440",0.24,0.78,0.51
0.43,"7,701","1,150",0.13,"234,215","186,355","18,636","60,290",0.24,0.76,0.49
0.44,"7,822","1,129",0.13,"242,037","178,533","19,765","59,161",0.25,0.75,0.48
0.45,"7,864","1,246",0.14,"249,901","170,669","21,011","57,915",0.25,0.73,0.46
0.46,"7,627","1,233",0.14,"257,528","163,042","22,244","56,682",0.26,0.72,0.44
0.47,"7,588","1,286",0.14,"265,116","155,454","23,530","55,396",0.26,0.70,0.42
0.48,"7,273","1,331",0.15,"272,389","148,181","24,861","54,065",0.27,0.69,0.40
0.49,"7,221","1,259",0.15,"279,610","140,960","26,120","52,806",0.27,0.67,0.39
0.5,"7,150","1,354",0.16,"286,760","133,810","27,474","51,452",0.28,0.65,0.37
0.51,"6,992","1,404",0.17,"293,752","126,818","28,878","50,048",0.28,0.63,0.35
0.52,"6,884","1,419",0.17,"300,636","119,934","30,297","48,629",0.29,0.62,0.34
0.53,"6,405","1,444",0.18,"307,041","113,529","31,741","47,185",0.29,0.60,0.32
0.54,"6,365","1,384",0.18,"313,406","107,164","33,125","45,801",0.30,0.58,0.31
0.55,"6,184","1,421",0.19,"319,590","100,980","34,546","44,380",0.31,0.56,0.29
0.56,"5,903","1,442",0.20,"325,493","95,077","35,988","42,938",0.31,0.54,0.28
0.57,"5,841","1,408",0.19,"331,334","89,236","37,396","41,530",0.32,0.53,0.26
0.58,"5,304","1,370",0.21,"336,638","83,932","38,766","40,160",0.32,0.51,0.25
0.59,"5,123","1,410",0.22,"341,761","78,809","40,176","38,750",0.33,0.49,0.24
0.6,"5,067","1,402",0.22,"346,828","73,742","41,578","37,348",0.34,0.47,0.22
0.61,"4,672","1,374",0.23,"351,500","69,070","42,952","35,974",0.34,0.46,0.21
0.62,"4,471","1,371",0.23,"355,971","64,599","44,323","34,603",0.35,0.44,0.20
0.63,"4,339","1,404",0.24,"360,310","60,260","45,727","33,199",0.36,0.42,0.19
0.64,"4,062","1,276",0.24,"364,372","56,198","47,003","31,923",0.36,0.40,0.18
0.65,"3,858","1,328",0.26,"368,230","52,340","48,331","30,595",0.37,0.39,0.17
0.66,"3,755","1,238",0.25,"371,985","48,585","49,569","29,357",0.38,0.37,0.16
0.67,"3,480","1,232",0.26,"375,465","45,105","50,801","28,125",0.38,0.36,0.15
0.68,"3,361","1,267",0.27,"378,826","41,744","52,068","26,858",0.39,0.34,0.14
0.69,"3,054","1,191",0.28,"381,880","38,690","53,259","25,667",0.40,0.33,0.13
0.7,"2,808","1,167",0.29,"384,688","35,882","54,426","24,500",0.41,0.31,0.12
0.71,"2,745","1,168",0.30,"387,433","33,137","55,594","23,332",0.41,0.30,0.11
0.72,"2,592","1,121",0.30,"390,025","30,545","56,715","22,211",0.42,0.28,0.11
0.73,"2,404","1,039",0.30,"392,429","28,141","57,754","21,172",0.43,0.27,0.10
0.74,"2,128","1,049",0.33,"394,557","26,013","58,803","20,123",0.44,0.25,0.09
0.75,"2,079","1,010",0.33,"396,636","23,934","59,813","19,113",0.44,0.24,0.09
0.76,"1,893","1,078",0.36,"398,529","22,041","60,891","18,035",0.45,0.23,0.08
0.77,"1,856","1,024",0.36,"400,385","20,185","61,915","17,011",0.46,0.22,0.07
0.78,"1,660",951,0.36,"402,045","18,525","62,866","16,060",0.46,0.20,0.07
0.79,"1,521",891,0.37,"403,566","17,004","63,757","15,169",0.47,0.19,0.06
0.8,"1,484",911,0.38,"405,050","15,520","64,668","14,258",0.48,0.18,0.06
0.81,"1,323",801,0.38,"406,373","14,197","65,469","13,457",0.49,0.17,0.06
0.82,"1,270",904,0.42,"407,643","12,927","66,373","12,553",0.49,0.16,0.05
0.83,"1,132",817,0.42,"408,775","11,795","67,190","11,736",0.50,0.15,0.05
0.84,"1,091",780,0.42,"409,866","10,704","67,970","10,956",0.51,0.14,0.04
0.85,962,773,0.45,"410,828","9,742","68,743","10,183",0.51,0.13,0.04
0.86,"1,020",697,0.41,"411,848","8,722","69,440","9,486",0.52,0.12,0.04
0.87,843,733,0.47,"412,691","7,879","70,173","8,753",0.53,0.11,0.03
0.88,839,652,0.44,"413,530","7,040","70,825","8,101",0.54,0.10,0.03
0.89,736,646,0.47,"414,266","6,304","71,471","7,455",0.54,0.09,0.03
0.9,734,674,0.48,"415,000","5,570","72,145","6,781",0.55,0.09,0.02
0.91,645,612,0.49,"415,645","4,925","72,757","6,169",0.56,0.08,0.02
0.92,587,629,0.52,"416,232","4,338","73,386","5,540",0.56,0.07,0.02
0.93,582,576,0.50,"416,814","3,756","73,962","4,964",0.57,0.06,0.02
0.94,524,504,0.49,"417,338","3,232","74,466","4,460",0.58,0.06,0.02
0.95,467,525,0.53,"417,805","2,765","74,991","3,935",0.59,0.05,0.01
0.96,390,488,0.56,"418,195","2,375","75,479","3,447",0.59,0.04,0.01
0.97,362,423,0.54,"418,557","2,013","75,902","3,024",0.60,0.04,0.01
0.98,334,360,0.52,"418,891","1,679","76,262","2,664",0.61,0.03,0.01
0.99,279,371,0.57,"419,170","1,400","76,633","2,293",0.62,0.03,0.01
1.0,"1,400","2,293",0.62,"420,570",0,"78,926",0,nan,0.00,0.00
