p,Neg,Pos,mPrec,TN,FP,FN,TP,Prec,Rec,$\hat{p}$
0.0,1,0,0.00,1,"180,244",0,"33,825",0.16,1.00,1.00
0.1,"44,666","1,243",0.03,"44,667","135,578","1,243","32,582",0.19,0.96,0.79
0.2,"65,201","5,925",0.08,"109,868","70,377","7,168","26,657",0.27,0.79,0.45
0.3,"39,928","8,237",0.17,"149,796","30,449","15,405","18,420",0.38,0.54,0.23
0.4,"18,274","6,886",0.27,"168,070","12,175","22,291","11,534",0.49,0.34,0.11
0.5,"7,454","4,703",0.39,"175,524","4,721","26,994","6,831",0.59,0.20,0.05
0.6,"2,905","3,026",0.51,"178,429","1,816","30,020","3,805",0.68,0.11,0.03
0.7,"1,295","2,210",0.63,"179,724",521,"32,230","1,595",0.75,0.05,0.01
0.8,456,"1,303",0.74,"180,180",65,"33,533",292,0.82,0.01,0.00
0.9,61,270,0.82,"180,241",4,"33,803",22,0.85,0.00,0.00
1.0,4,22,0.85,"180,245",0,"33,825",0,nan,0.00,0.00
