p,Neg,Pos,mPrec,TN,FP,FN,TP,Prec,Rec,$\hat{p}$
0.0,0,0,nan,0,"180,245",0,"33,825",0.16,1.00,1.00
0.05,91,1,0.01,91,"180,154",1,"33,824",0.16,1.00,1.00
0.1,288,4,0.01,379,"179,866",5,"33,820",0.16,1.00,1.00
0.15,"1,272",27,0.02,"1,651","178,594",32,"33,793",0.16,1.00,0.99
0.2,"3,405",81,0.02,"5,056","175,189",113,"33,712",0.16,1.00,0.98
0.25,"7,403",275,0.04,"12,459","167,786",388,"33,437",0.17,0.99,0.94
0.3,"14,177",776,0.05,"26,636","153,609","1,164","32,661",0.18,0.97,0.87
0.35,"22,232","1,726",0.07,"48,868","131,377","2,890","30,935",0.19,0.91,0.76
0.4,"30,672","3,161",0.09,"79,540","100,705","6,051","27,774",0.22,0.82,0.60
0.45,"33,590","4,997",0.13,"113,130","67,115","11,048","22,777",0.25,0.67,0.42
0.5,"29,401","6,221",0.17,"142,531","37,714","17,269","16,556",0.31,0.49,0.25
0.55,"19,987","6,065",0.23,"162,518","17,727","23,334","10,491",0.37,0.31,0.13
0.6,"10,402","4,703",0.31,"172,920","7,325","28,037","5,788",0.44,0.17,0.06
0.65,"4,915","3,261",0.40,"177,835","2,410","31,298","2,527",0.51,0.07,0.02
0.7,"1,971","1,933",0.50,"179,806",439,"33,231",594,0.58,0.02,0.00
0.75,403,538,0.57,"180,209",36,"33,769",56,0.61,0.00,0.00
0.8,32,53,0.62,"180,241",4,"33,822",3,0.43,0.00,0.00
0.85,4,2,0.33,"180,245",0,"33,824",1,1.00,0.00,0.00
0.9,0,1,1.00,"180,245",0,"33,825",0,nan,0.00,0.00
0.95,0,0,nan,"180,245",0,"33,825",0,nan,0.00,0.00
1.0,0,0,nan,"180,245",0,"33,825",0,nan,0.00,0.00
