p,Neg,Pos,mPrec,TN,FP,FN,TP,Prec,Rec,$\hat{p}$
0.0,"4,507",100,0.02,"4,507","175,738",100,"33,725",0.16,1.00,0.98
0.1,"10,676",416,0.04,"15,183","165,062",516,"33,309",0.17,0.98,0.93
0.2,"19,882","1,207",0.06,"35,065","145,180","1,723","32,102",0.18,0.95,0.83
0.3,"28,854","2,492",0.08,"63,919","116,326","4,215","29,610",0.20,0.88,0.68
0.4,"32,899","4,047",0.11,"96,818","83,427","8,262","25,563",0.23,0.76,0.51
0.5,"30,208","5,207",0.15,"127,026","53,219","13,469","20,356",0.28,0.60,0.34
0.6,"22,844","5,515",0.19,"149,870","30,375","18,984","14,841",0.33,0.44,0.21
0.7,"14,695","4,871",0.25,"164,565","15,680","23,855","9,970",0.39,0.29,0.12
0.8,"8,248","3,884",0.32,"172,813","7,432","27,739","6,086",0.45,0.18,0.06
0.9,"4,608","3,004",0.39,"177,421","2,824","30,743","3,082",0.52,0.09,0.03
1.0,"2,824","3,082",0.52,"180,245",0,"33,825",0,nan,0.00,0.00
