,Neg,Pos,N/P,TN,FP,FN,TP,FP/TP,Prec.,Rec.,$\hat{p}$
"(-0.001, 0.01]",166,0,inf,166,"180,079",0,"33,825",5.32,0.16,1.00,1.00
"(0.01, 0.02]",594,4,148.50,760,"179,485",4,"33,821",5.31,0.16,1.00,1.00
"(0.02, 0.03]","1,166",11,106.00,"1,926","178,319",15,"33,810",5.27,0.16,1.00,0.99
"(0.03, 0.04]","1,781",12,148.42,"3,707","176,538",27,"33,798",5.22,0.16,1.00,0.98
"(0.04, 0.05]","2,376",25,95.04,"6,083","174,162",52,"33,773",5.16,0.16,1.00,0.97
"(0.05, 0.06]","3,022",27,111.93,"9,105","171,140",79,"33,746",5.07,0.16,1.00,0.96
"(0.06, 0.07]","3,394",57,59.54,"12,499","167,746",136,"33,689",4.98,0.17,1.00,0.94
"(0.07, 0.08]","3,928",70,56.11,"16,427","163,818",206,"33,619",4.87,0.17,0.99,0.92
"(0.08, 0.09]","4,256",119,35.76,"20,683","159,562",325,"33,500",4.76,0.17,0.99,0.90
"(0.09, 0.1]","4,576",133,34.41,"25,259","154,986",458,"33,367",4.64,0.18,0.99,0.88
"(0.1, 0.11]","4,740",168,28.21,"29,999","150,246",626,"33,199",4.53,0.18,0.98,0.86
"(0.11, 0.12]","4,815",159,30.28,"34,814","145,431",785,"33,040",4.40,0.19,0.98,0.83
"(0.12, 0.13]","4,949",195,25.38,"39,763","140,482",980,"32,845",4.28,0.19,0.97,0.81
"(0.13, 0.14]","5,044",234,21.56,"44,807","135,438","1,214","32,611",4.15,0.19,0.96,0.79
"(0.14, 0.15]","5,101",290,17.59,"49,908","130,337","1,504","32,321",4.03,0.20,0.96,0.76
"(0.15, 0.16]","5,003",295,16.96,"54,911","125,334","1,799","32,026",3.91,0.20,0.95,0.74
"(0.16, 0.17]","5,030",305,16.49,"59,941","120,304","2,104","31,721",3.79,0.21,0.94,0.71
"(0.17, 0.18]","5,087",364,13.98,"65,028","115,217","2,468","31,357",3.67,0.21,0.93,0.68
"(0.18, 0.19]","5,099",383,13.31,"70,127","110,118","2,851","30,974",3.56,0.22,0.92,0.66
"(0.19, 0.2]","4,975",375,13.27,"75,102","105,143","3,226","30,599",3.44,0.23,0.90,0.63
"(0.2, 0.21]","4,910",451,10.89,"80,012","100,233","3,677","30,148",3.32,0.23,0.89,0.61
"(0.21, 0.22]","4,850",487,9.96,"84,862","95,383","4,164","29,661",3.22,0.24,0.88,0.58
"(0.22, 0.23]","4,741",468,10.13,"89,603","90,642","4,632","29,193",3.10,0.24,0.86,0.56
"(0.23, 0.24]","4,570",508,9.00,"94,173","86,072","5,140","28,685",3.00,0.25,0.85,0.54
"(0.24, 0.25]","4,389",527,8.33,"98,562","81,683","5,667","28,158",2.90,0.26,0.83,0.51
"(0.25, 0.26]","4,277",548,7.80,"102,839","77,406","6,215","27,610",2.80,0.26,0.82,0.49
"(0.26, 0.27]","4,063",571,7.12,"106,902","73,343","6,786","27,039",2.71,0.27,0.80,0.47
"(0.27, 0.28]","3,937",561,7.02,"110,839","69,406","7,347","26,478",2.62,0.28,0.78,0.45
"(0.28, 0.29]","3,947",575,6.86,"114,786","65,459","7,922","25,903",2.53,0.28,0.77,0.43
"(0.29, 0.3]","3,749",632,5.93,"118,535","61,710","8,554","25,271",2.44,0.29,0.75,0.41
"(0.3, 0.31]","3,628",624,5.81,"122,163","58,082","9,178","24,647",2.36,0.30,0.73,0.39
"(0.31, 0.32]","3,436",629,5.46,"125,599","54,646","9,807","24,018",2.28,0.31,0.71,0.37
"(0.32, 0.33]","3,286",640,5.13,"128,885","51,360","10,447","23,378",2.20,0.31,0.69,0.35
"(0.33, 0.34]","3,085",648,4.76,"131,970","48,275","11,095","22,730",2.12,0.32,0.67,0.33
"(0.34, 0.35]","2,972",604,4.92,"134,942","45,303","11,699","22,126",2.05,0.33,0.65,0.31
"(0.35, 0.36]","2,892",629,4.60,"137,834","42,411","12,328","21,497",1.97,0.34,0.64,0.30
"(0.36, 0.37]","2,730",613,4.45,"140,564","39,681","12,941","20,884",1.90,0.34,0.62,0.28
"(0.37, 0.38]","2,673",650,4.11,"143,237","37,008","13,591","20,234",1.83,0.35,0.60,0.27
"(0.38, 0.39]","2,484",645,3.85,"145,721","34,524","14,236","19,589",1.76,0.36,0.58,0.25
"(0.39, 0.4]","2,379",630,3.78,"148,100","32,145","14,866","18,959",1.70,0.37,0.56,0.24
"(0.4, 0.41]","2,295",657,3.49,"150,395","29,850","15,523","18,302",1.63,0.38,0.54,0.22
"(0.41, 0.42]","1,999",618,3.23,"152,394","27,851","16,141","17,684",1.57,0.39,0.52,0.21
"(0.42, 0.43]","1,924",630,3.05,"154,318","25,927","16,771","17,054",1.52,0.40,0.50,0.20
"(0.43, 0.44]","1,892",631,3.00,"156,210","24,035","17,402","16,423",1.46,0.41,0.49,0.19
"(0.44, 0.45]","1,794",627,2.86,"158,004","22,241","18,029","15,796",1.41,0.42,0.47,0.18
"(0.45, 0.46]","1,661",600,2.77,"159,665","20,580","18,629","15,196",1.35,0.42,0.45,0.17
"(0.46, 0.47]","1,551",601,2.58,"161,216","19,029","19,230","14,595",1.30,0.43,0.43,0.16
"(0.47, 0.48]","1,485",596,2.49,"162,701","17,544","19,826","13,999",1.25,0.44,0.41,0.15
"(0.48, 0.49]","1,409",524,2.69,"164,110","16,135","20,350","13,475",1.20,0.46,0.40,0.14
"(0.49, 0.5]","1,299",554,2.34,"165,409","14,836","20,904","12,921",1.15,0.47,0.38,0.13
"(0.5, 0.51]","1,180",572,2.06,"166,589","13,656","21,476","12,349",1.11,0.47,0.37,0.12
"(0.51, 0.52]","1,094",526,2.08,"167,683","12,562","22,002","11,823",1.06,0.48,0.35,0.11
"(0.52, 0.53]","1,010",533,1.89,"168,693","11,552","22,535","11,290",1.02,0.49,0.33,0.11
"(0.53, 0.54]",973,520,1.87,"169,666","10,579","23,055","10,770",0.98,0.50,0.32,0.10
"(0.54, 0.55]",890,497,1.79,"170,556","9,689","23,552","10,273",0.94,0.51,0.30,0.09
"(0.55, 0.56]",835,530,1.58,"171,391","8,854","24,082","9,743",0.91,0.52,0.29,0.09
"(0.56, 0.57]",762,508,1.50,"172,153","8,092","24,590","9,235",0.88,0.53,0.27,0.08
"(0.57, 0.58]",714,422,1.69,"172,867","7,378","25,012","8,813",0.84,0.54,0.26,0.08
"(0.58, 0.59]",688,501,1.37,"173,555","6,690","25,513","8,312",0.80,0.55,0.25,0.07
"(0.59, 0.6]",621,460,1.35,"174,176","6,069","25,973","7,852",0.77,0.56,0.23,0.07
"(0.6, 0.61]",585,427,1.37,"174,761","5,484","26,400","7,425",0.74,0.58,0.22,0.06
"(0.61, 0.62]",506,429,1.18,"175,267","4,978","26,829","6,996",0.71,0.58,0.21,0.06
"(0.62, 0.63]",440,373,1.18,"175,707","4,538","27,202","6,623",0.69,0.59,0.20,0.05
"(0.63, 0.64]",448,372,1.20,"176,155","4,090","27,574","6,251",0.65,0.60,0.18,0.05
"(0.64, 0.65]",389,368,1.06,"176,544","3,701","27,942","5,883",0.63,0.61,0.17,0.04
"(0.65, 0.66]",387,356,1.09,"176,931","3,314","28,298","5,527",0.60,0.63,0.16,0.04
"(0.66, 0.67]",346,306,1.13,"177,277","2,968","28,604","5,221",0.57,0.64,0.15,0.04
"(0.67, 0.68]",332,301,1.10,"177,609","2,636","28,905","4,920",0.54,0.65,0.15,0.04
"(0.68, 0.69]",238,348,0.68,"177,847","2,398","29,253","4,572",0.52,0.66,0.14,0.03
"(0.69, 0.7]",240,320,0.75,"178,087","2,158","29,573","4,252",0.51,0.66,0.13,0.03
"(0.7, 0.71]",246,298,0.83,"178,333","1,912","29,871","3,954",0.48,0.67,0.12,0.03
"(0.71, 0.72]",198,246,0.80,"178,531","1,714","30,117","3,708",0.46,0.68,0.11,0.03
"(0.72, 0.73]",189,272,0.69,"178,720","1,525","30,389","3,436",0.44,0.69,0.10,0.02
"(0.73, 0.74]",161,249,0.65,"178,881","1,364","30,638","3,187",0.43,0.70,0.09,0.02
"(0.74, 0.75]",150,267,0.56,"179,031","1,214","30,905","2,920",0.42,0.71,0.09,0.02
"(0.75, 0.76]",162,280,0.58,"179,193","1,052","31,185","2,640",0.40,0.72,0.08,0.02
"(0.76, 0.77]",143,206,0.69,"179,336",909,"31,391","2,434",0.37,0.73,0.07,0.02
"(0.77, 0.78]",124,211,0.59,"179,460",785,"31,602","2,223",0.35,0.74,0.07,0.01
"(0.78, 0.79]",107,255,0.42,"179,567",678,"31,857","1,968",0.34,0.74,0.06,0.01
"(0.79, 0.8]",111,229,0.48,"179,678",567,"32,086","1,739",0.33,0.75,0.05,0.01
"(0.8, 0.81]",94,223,0.42,"179,772",473,"32,309","1,516",0.31,0.76,0.04,0.01
"(0.81, 0.82]",72,223,0.32,"179,844",401,"32,532","1,293",0.31,0.76,0.04,0.01
"(0.82, 0.83]",87,235,0.37,"179,931",314,"32,767","1,058",0.30,0.77,0.03,0.01
"(0.83, 0.84]",78,176,0.44,"180,009",236,"32,943",882,0.27,0.79,0.03,0.01
"(0.84, 0.85]",43,165,0.26,"180,052",193,"33,108",717,0.27,0.79,0.02,0.00
"(0.85, 0.86]",54,167,0.32,"180,106",139,"33,275",550,0.25,0.80,0.02,0.00
"(0.86, 0.87]",41,136,0.30,"180,147",98,"33,411",414,0.24,0.81,0.01,0.00
"(0.87, 0.88]",35,124,0.28,"180,182",63,"33,535",290,0.22,0.82,0.01,0.00
"(0.88, 0.89]",26,98,0.27,"180,208",37,"33,633",192,0.19,0.84,0.01,0.00
"(0.89, 0.9]",18,81,0.22,"180,226",19,"33,714",111,0.17,0.85,0.00,0.00
"(0.9, 0.91]",8,45,0.18,"180,234",11,"33,759",66,0.17,0.86,0.00,0.00
"(0.91, 0.92]",5,29,0.17,"180,239",6,"33,788",37,0.16,0.86,0.00,0.00
"(0.92, 0.93]",3,16,0.19,"180,242",3,"33,804",21,0.14,0.88,0.00,0.00
"(0.93, 0.94]",3,7,0.43,"180,245",0,"33,811",14,0.00,1.00,0.00,0.00
"(0.94, 0.95]",0,4,0.00,"180,245",0,"33,815",10,0.00,1.00,0.00,0.00
"(0.95, 0.96]",0,4,0.00,"180,245",0,"33,819",6,0.00,1.00,0.00,0.00
"(0.96, 0.97]",0,5,0.00,"180,245",0,"33,824",1,0.00,1.00,0.00,0.00
"(0.97, 0.98]",0,0,nan,"180,245",0,"33,824",1,0.00,1.00,0.00,0.00
"(0.98, 0.99]",0,0,nan,"180,245",0,"33,824",1,0.00,1.00,0.00,0.00
"(0.99, 1.0]",0,1,0.00,"180,245",0,"33,825",0,nan,nan,0.00,0.00
