p,Neg,Pos,mPrec,TN,FP,FN,TP,Prec,Rec,$\hat{p}$
0.0,"10,515",132,0.01,"10,515","410,055",132,"78,794",0.16,1.00,0.98
0.1,"23,590",724,0.03,"34,105","386,465",856,"78,070",0.17,0.99,0.93
0.2,"43,278","2,066",0.05,"77,383","343,187","2,922","76,004",0.18,0.96,0.84
0.3,"64,203","4,757",0.07,"141,586","278,984","7,679","71,247",0.20,0.90,0.70
0.4,"75,479","8,470",0.10,"217,065","203,505","16,149","62,777",0.24,0.80,0.53
0.5,"71,465","11,566",0.14,"288,530","132,040","27,715","51,211",0.28,0.65,0.37
0.6,"55,947","12,974",0.19,"344,477","76,093","40,689","38,237",0.33,0.48,0.23
0.7,"37,279","12,399",0.25,"381,756","38,814","53,088","25,838",0.40,0.33,0.13
0.8,"21,309","10,324",0.33,"403,065","17,505","63,412","15,514",0.47,0.20,0.07
0.9,"11,233","8,053",0.42,"414,298","6,272","71,465","7,461",0.54,0.09,0.03
1.0,"6,272","7,461",0.54,"420,570",0,"78,926",0,nan,0.00,0.00
