p,Neg,Pos,mPrec,TN,FP,FN,TP,Prec,Rec,$\hat{p}$
0.0,"1,803",12,0.01,"1,803","178,442",12,"33,813",0.16,1.00,0.99
0.01,552,3,0.01,"2,355","177,890",15,"33,810",0.16,1.00,0.99
0.02,571,7,0.01,"2,926","177,319",22,"33,803",0.16,1.00,0.99
0.03,741,5,0.01,"3,667","176,578",27,"33,798",0.16,1.00,0.98
0.04,833,4,0.00,"4,500","175,745",31,"33,794",0.16,1.00,0.98
0.05,895,14,0.02,"5,395","174,850",45,"33,780",0.16,1.00,0.97
0.06,975,7,0.01,"6,370","173,875",52,"33,773",0.16,1.00,0.97
0.07,"1,114",14,0.01,"7,484","172,761",66,"33,759",0.16,1.00,0.96
0.08,"1,201",13,0.01,"8,685","171,560",79,"33,746",0.16,1.00,0.96
0.09,"1,387",26,0.02,"10,072","170,173",105,"33,720",0.17,1.00,0.95
0.1,"1,429",21,0.01,"11,501","168,744",126,"33,699",0.17,1.00,0.95
0.11,"1,534",35,0.02,"13,035","167,210",161,"33,664",0.17,1.00,0.94
0.12,"1,638",40,0.02,"14,673","165,572",201,"33,624",0.17,0.99,0.93
0.13,"1,732",42,0.02,"16,405","163,840",243,"33,582",0.17,0.99,0.92
0.14,"1,811",48,0.03,"18,216","162,029",291,"33,534",0.17,0.99,0.91
0.15,"1,957",40,0.02,"20,173","160,072",331,"33,494",0.17,0.99,0.90
0.16,"1,973",48,0.02,"22,146","158,099",379,"33,446",0.17,0.99,0.89
0.17,"2,149",60,0.03,"24,295","155,950",439,"33,386",0.18,0.99,0.88
0.18,"2,195",63,0.03,"26,490","153,755",502,"33,323",0.18,0.99,0.87
0.19,"2,324",64,0.03,"28,814","151,431",566,"33,259",0.18,0.98,0.86
0.2,"2,348",73,0.03,"31,162","149,083",639,"33,186",0.18,0.98,0.85
0.21,"2,381",83,0.03,"33,543","146,702",722,"33,103",0.18,0.98,0.84
0.22,"2,560",101,0.04,"36,103","144,142",823,"33,002",0.19,0.98,0.83
0.23,"2,549",101,0.04,"38,652","141,593",924,"32,901",0.19,0.97,0.82
0.24,"2,682",115,0.04,"41,334","138,911","1,039","32,786",0.19,0.97,0.80
0.25,"2,666",118,0.04,"44,000","136,245","1,157","32,668",0.19,0.97,0.79
0.26,"2,869",147,0.05,"46,869","133,376","1,304","32,521",0.20,0.96,0.77
0.27,"2,827",156,0.05,"49,696","130,549","1,460","32,365",0.20,0.96,0.76
0.28,"2,918",163,0.05,"52,614","127,631","1,623","32,202",0.20,0.95,0.75
0.29,"3,019",166,0.05,"55,633","124,612","1,789","32,036",0.20,0.95,0.73
0.3,"2,973",187,0.06,"58,606","121,639","1,976","31,849",0.21,0.94,0.72
0.31,"3,077",204,0.06,"61,683","118,562","2,180","31,645",0.21,0.94,0.70
0.32,"3,049",215,0.07,"64,732","115,513","2,395","31,430",0.21,0.93,0.69
0.33,"3,278",208,0.06,"68,010","112,235","2,603","31,222",0.22,0.92,0.67
0.34,"3,226",262,0.08,"71,236","109,009","2,865","30,960",0.22,0.92,0.65
0.35,"3,219",287,0.08,"74,455","105,790","3,152","30,673",0.22,0.91,0.64
0.36,"3,257",298,0.08,"77,712","102,533","3,450","30,375",0.23,0.90,0.62
0.37,"3,435",295,0.08,"81,147","99,098","3,745","30,080",0.23,0.89,0.60
0.38,"3,321",321,0.09,"84,468","95,777","4,066","29,759",0.24,0.88,0.59
0.39,"3,412",346,0.09,"87,880","92,365","4,412","29,413",0.24,0.87,0.57
0.4,"3,329",387,0.10,"91,209","89,036","4,799","29,026",0.25,0.86,0.55
0.41,"3,397",383,0.10,"94,606","85,639","5,182","28,643",0.25,0.85,0.53
0.42,"3,352",371,0.10,"97,958","82,287","5,553","28,272",0.26,0.84,0.52
0.43,"3,396",394,0.10,"101,354","78,891","5,947","27,878",0.26,0.82,0.50
0.44,"3,357",428,0.11,"104,711","75,534","6,375","27,450",0.27,0.81,0.48
0.45,"3,337",441,0.12,"108,048","72,197","6,816","27,009",0.27,0.80,0.46
0.46,"3,318",486,0.13,"111,366","68,879","7,302","26,523",0.28,0.78,0.45
0.47,"3,404",522,0.13,"114,770","65,475","7,824","26,001",0.28,0.77,0.43
0.48,"3,165",571,0.15,"117,935","62,310","8,395","25,430",0.29,0.75,0.41
0.49,"3,181",565,0.15,"121,116","59,129","8,960","24,865",0.30,0.74,0.39
0.5,"3,192",566,0.15,"124,308","55,937","9,526","24,299",0.30,0.72,0.37
0.51,"3,078",583,0.16,"127,386","52,859","10,109","23,716",0.31,0.70,0.36
0.52,"2,953",614,0.17,"130,339","49,906","10,723","23,102",0.32,0.68,0.34
0.53,"2,989",616,0.17,"133,328","46,917","11,339","22,486",0.32,0.66,0.32
0.54,"2,835",601,0.17,"136,163","44,082","11,940","21,885",0.33,0.65,0.31
0.55,"2,861",672,0.19,"139,024","41,221","12,612","21,213",0.34,0.63,0.29
0.56,"2,702",654,0.19,"141,726","38,519","13,266","20,559",0.35,0.61,0.28
0.57,"2,697",715,0.21,"144,423","35,822","13,981","19,844",0.36,0.59,0.26
0.58,"2,539",764,0.23,"146,962","33,283","14,745","19,080",0.36,0.56,0.24
0.59,"2,365",751,0.24,"149,327","30,918","15,496","18,329",0.37,0.54,0.23
0.6,"2,341",726,0.24,"151,668","28,577","16,222","17,603",0.38,0.52,0.22
0.61,"2,225",684,0.24,"153,893","26,352","16,906","16,919",0.39,0.50,0.20
0.62,"2,174",725,0.25,"156,067","24,178","17,631","16,194",0.40,0.48,0.19
0.63,"1,913",698,0.27,"157,980","22,265","18,329","15,496",0.41,0.46,0.18
0.64,"1,920",653,0.25,"159,900","20,345","18,982","14,843",0.42,0.44,0.16
0.65,"1,765",733,0.29,"161,665","18,580","19,715","14,110",0.43,0.42,0.15
0.66,"1,660",678,0.29,"163,325","16,920","20,393","13,432",0.44,0.40,0.14
0.67,"1,523",652,0.30,"164,848","15,397","21,045","12,780",0.45,0.38,0.13
0.68,"1,479",675,0.31,"166,327","13,918","21,720","12,105",0.47,0.36,0.12
0.69,"1,318",655,0.33,"167,645","12,600","22,375","11,450",0.48,0.34,0.11
0.7,"1,224",626,0.34,"168,869","11,376","23,001","10,824",0.49,0.32,0.10
0.71,"1,090",634,0.37,"169,959","10,286","23,635","10,190",0.50,0.30,0.10
0.72,"1,025",564,0.35,"170,984","9,261","24,199","9,626",0.51,0.28,0.09
0.73,913,578,0.39,"171,897","8,348","24,777","9,048",0.52,0.27,0.08
0.74,889,573,0.39,"172,786","7,459","25,350","8,475",0.53,0.25,0.07
0.75,745,497,0.40,"173,531","6,714","25,847","7,978",0.54,0.24,0.07
0.76,727,507,0.41,"174,258","5,987","26,354","7,471",0.56,0.22,0.06
0.77,694,486,0.41,"174,952","5,293","26,840","6,985",0.57,0.21,0.06
0.78,597,444,0.43,"175,549","4,696","27,284","6,541",0.58,0.19,0.05
0.79,512,438,0.46,"176,061","4,184","27,722","6,103",0.59,0.18,0.05
0.8,475,425,0.47,"176,536","3,709","28,147","5,678",0.60,0.17,0.04
0.81,441,412,0.48,"176,977","3,268","28,559","5,266",0.62,0.16,0.04
0.82,386,407,0.51,"177,363","2,882","28,966","4,859",0.63,0.14,0.04
0.83,371,341,0.48,"177,734","2,511","29,307","4,518",0.64,0.13,0.03
0.84,303,313,0.51,"178,037","2,208","29,620","4,205",0.66,0.12,0.03
0.85,304,316,0.51,"178,341","1,904","29,936","3,889",0.67,0.11,0.03
0.86,241,316,0.57,"178,582","1,663","30,252","3,573",0.68,0.11,0.02
0.87,219,343,0.61,"178,801","1,444","30,595","3,230",0.69,0.10,0.02
0.88,204,305,0.60,"179,005","1,240","30,900","2,925",0.70,0.09,0.02
0.89,170,282,0.62,"179,175","1,070","31,182","2,643",0.71,0.08,0.02
0.9,145,247,0.63,"179,320",925,"31,429","2,396",0.72,0.07,0.02
0.91,140,271,0.66,"179,460",785,"31,700","2,125",0.73,0.06,0.01
0.92,127,224,0.64,"179,587",658,"31,924","1,901",0.74,0.06,0.01
0.93,95,261,0.73,"179,682",563,"32,185","1,640",0.74,0.05,0.01
0.94,87,219,0.72,"179,769",476,"32,404","1,421",0.75,0.04,0.01
0.95,80,236,0.75,"179,849",396,"32,640","1,185",0.75,0.04,0.01
0.96,97,232,0.71,"179,946",299,"32,872",953,0.76,0.03,0.01
0.97,71,205,0.74,"180,017",228,"33,077",748,0.77,0.02,0.00
0.98,46,168,0.79,"180,063",182,"33,245",580,0.76,0.02,0.00
0.99,50,127,0.72,"180,113",132,"33,372",453,0.77,0.01,0.00
1.0,132,453,0.77,"180,245",0,"33,825",0,nan,0.00,0.00
