p,Neg,Pos,mPrec,TN,FP,FN,TP,Prec,Rec,$\hat{p}$
0.0,0,0,nan,0,"420,570",0,"78,926",0.16,1.00,1.00
0.01,0,0,nan,0,"420,570",0,"78,926",0.16,1.00,1.00
0.02,0,0,nan,0,"420,570",0,"78,926",0.16,1.00,1.00
0.03,0,0,nan,0,"420,570",0,"78,926",0.16,1.00,1.00
0.04,0,0,nan,0,"420,570",0,"78,926",0.16,1.00,1.00
0.05,0,0,nan,0,"420,570",0,"78,926",0.16,1.00,1.00
0.06,0,0,nan,0,"420,570",0,"78,926",0.16,1.00,1.00
0.07,0,0,nan,0,"420,570",0,"78,926",0.16,1.00,1.00
0.08,0,0,nan,0,"420,570",0,"78,926",0.16,1.00,1.00
0.09,0,0,nan,0,"420,570",0,"78,926",0.16,1.00,1.00
0.1,0,0,nan,0,"420,570",0,"78,926",0.16,1.00,1.00
0.11,0,0,nan,0,"420,570",0,"78,926",0.16,1.00,1.00
0.12,0,0,nan,0,"420,570",0,"78,926",0.16,1.00,1.00
0.13,0,0,nan,0,"420,570",0,"78,926",0.16,1.00,1.00
0.14,8,0,0.00,8,"420,562",0,"78,926",0.16,1.00,1.00
0.15,3,0,0.00,11,"420,559",0,"78,926",0.16,1.00,1.00
0.16,30,1,0.03,41,"420,529",1,"78,925",0.16,1.00,1.00
0.17,69,0,0.00,110,"420,460",1,"78,925",0.16,1.00,1.00
0.18,95,5,0.05,205,"420,365",6,"78,920",0.16,1.00,1.00
0.19,130,2,0.02,335,"420,235",8,"78,918",0.16,1.00,1.00
0.2,78,0,0.00,413,"420,157",8,"78,918",0.16,1.00,1.00
0.21,717,10,0.01,"1,130","419,440",18,"78,908",0.16,1.00,1.00
0.22,688,21,0.03,"1,818","418,752",39,"78,887",0.16,1.00,1.00
0.23,"1,406",43,0.03,"3,224","417,346",82,"78,844",0.16,1.00,0.99
0.24,"1,609",49,0.03,"4,833","415,737",131,"78,795",0.16,1.00,0.99
0.25,"1,973",71,0.03,"6,806","413,764",202,"78,724",0.16,1.00,0.99
0.26,"2,545",88,0.03,"9,351","411,219",290,"78,636",0.16,1.00,0.98
0.27,"3,610",149,0.04,"12,961","407,609",439,"78,487",0.16,0.99,0.97
0.28,"5,265",225,0.04,"18,226","402,344",664,"78,262",0.16,0.99,0.96
0.29,"7,161",378,0.05,"25,387","395,183","1,042","77,884",0.16,0.99,0.95
0.3,"7,164",386,0.05,"32,551","388,019","1,428","77,498",0.17,0.98,0.93
0.31,"7,258",450,0.06,"39,809","380,761","1,878","77,048",0.17,0.98,0.92
0.32,"7,053",458,0.06,"46,862","373,708","2,336","76,590",0.17,0.97,0.90
0.33,"8,120",543,0.06,"54,982","365,588","2,879","76,047",0.17,0.96,0.88
0.34,"7,902",554,0.07,"62,884","357,686","3,433","75,493",0.17,0.96,0.87
0.35,"7,569",571,0.07,"70,453","350,117","4,004","74,922",0.18,0.95,0.85
0.36,"7,401",604,0.08,"77,854","342,716","4,608","74,318",0.18,0.94,0.83
0.37,"7,850",668,0.08,"85,704","334,866","5,276","73,650",0.18,0.93,0.82
0.38,"8,191",745,0.08,"93,895","326,675","6,021","72,905",0.18,0.92,0.80
0.39,"8,461",825,0.09,"102,356","318,214","6,846","72,080",0.18,0.91,0.78
0.4,"10,192","1,125",0.10,"112,548","308,022","7,971","70,955",0.19,0.90,0.76
0.41,"11,874","1,352",0.10,"124,422","296,148","9,323","69,603",0.19,0.88,0.73
0.42,"12,160","1,402",0.10,"136,582","283,988","10,725","68,201",0.19,0.86,0.71
0.43,"14,436","1,832",0.11,"151,018","269,552","12,557","66,369",0.20,0.84,0.67
0.44,"15,581","2,067",0.12,"166,599","253,971","14,624","64,302",0.20,0.81,0.64
0.45,"19,079","2,606",0.12,"185,678","234,892","17,230","61,696",0.21,0.78,0.59
0.46,"19,727","2,939",0.13,"205,405","215,165","20,169","58,757",0.21,0.74,0.55
0.47,"18,901","3,054",0.14,"224,306","196,264","23,223","55,703",0.22,0.71,0.50
0.48,"18,330","3,222",0.15,"242,636","177,934","26,445","52,481",0.23,0.66,0.46
0.49,"20,129","3,636",0.15,"262,765","157,805","30,081","48,845",0.24,0.62,0.41
0.5,"17,451","3,504",0.17,"280,216","140,354","33,585","45,341",0.24,0.57,0.37
0.51,"13,104","2,780",0.18,"293,320","127,250","36,365","42,561",0.25,0.54,0.34
0.52,"13,261","2,985",0.18,"306,581","113,989","39,350","39,576",0.26,0.50,0.31
0.53,"11,352","2,695",0.19,"317,933","102,637","42,045","36,881",0.26,0.47,0.28
0.54,"11,655","2,910",0.20,"329,588","90,982","44,955","33,971",0.27,0.43,0.25
0.55,"11,367","3,044",0.21,"340,955","79,615","47,999","30,927",0.28,0.39,0.22
0.56,"10,137","2,929",0.22,"351,092","69,478","50,928","27,998",0.29,0.35,0.20
0.57,"8,869","2,733",0.24,"359,961","60,609","53,661","25,265",0.29,0.32,0.17
0.58,"9,138","3,041",0.25,"369,099","51,471","56,702","22,224",0.30,0.28,0.15
0.59,"8,471","2,815",0.25,"377,570","43,000","59,517","19,409",0.31,0.25,0.12
0.6,"9,168","3,240",0.26,"386,738","33,832","62,757","16,169",0.32,0.20,0.10
0.61,"8,232","3,152",0.28,"394,970","25,600","65,909","13,017",0.34,0.16,0.08
0.62,"5,816","2,437",0.30,"400,786","19,784","68,346","10,580",0.35,0.13,0.06
0.63,"5,063","2,242",0.31,"405,849","14,721","70,588","8,338",0.36,0.11,0.05
0.64,"3,951","1,868",0.32,"409,800","10,770","72,456","6,470",0.38,0.08,0.03
0.65,"3,387","1,784",0.35,"413,187","7,383","74,240","4,686",0.39,0.06,0.02
0.66,"2,461","1,367",0.36,"415,648","4,922","75,607","3,319",0.40,0.04,0.02
0.67,"1,635",950,0.37,"417,283","3,287","76,557","2,369",0.42,0.03,0.01
0.68,"1,119",777,0.41,"418,402","2,168","77,334","1,592",0.42,0.02,0.01
0.69,800,543,0.40,"419,202","1,368","77,877","1,049",0.43,0.01,0.00
0.7,512,327,0.39,"419,714",856,"78,204",722,0.46,0.01,0.00
0.71,291,237,0.45,"420,005",565,"78,441",485,0.46,0.01,0.00
0.72,229,160,0.41,"420,234",336,"78,601",325,0.49,0.00,0.00
0.73,135,127,0.48,"420,369",201,"78,728",198,0.50,0.00,0.00
0.74,75,80,0.52,"420,444",126,"78,808",118,0.48,0.00,0.00
0.75,73,66,0.47,"420,517",53,"78,874",52,0.50,0.00,0.00
0.76,29,33,0.53,"420,546",24,"78,907",19,0.44,0.00,0.00
0.77,10,8,0.44,"420,556",14,"78,915",11,0.44,0.00,0.00
0.78,5,7,0.58,"420,561",9,"78,922",4,0.31,0.00,0.00
0.79,4,2,0.33,"420,565",5,"78,924",2,0.29,0.00,0.00
0.8,1,2,0.67,"420,566",4,"78,926",0,0.00,0.00,0.00
0.81,1,0,0.00,"420,567",3,"78,926",0,0.00,0.00,0.00
0.82,3,0,0.00,"420,570",0,"78,926",0,nan,0.00,0.00
0.83,0,0,nan,"420,570",0,"78,926",0,nan,0.00,0.00
0.84,0,0,nan,"420,570",0,"78,926",0,nan,0.00,0.00
0.85,0,0,nan,"420,570",0,"78,926",0,nan,0.00,0.00
0.86,0,0,nan,"420,570",0,"78,926",0,nan,0.00,0.00
0.87,0,0,nan,"420,570",0,"78,926",0,nan,0.00,0.00
0.88,0,0,nan,"420,570",0,"78,926",0,nan,0.00,0.00
0.89,0,0,nan,"420,570",0,"78,926",0,nan,0.00,0.00
0.9,0,0,nan,"420,570",0,"78,926",0,nan,0.00,0.00
0.91,0,0,nan,"420,570",0,"78,926",0,nan,0.00,0.00
0.92,0,0,nan,"420,570",0,"78,926",0,nan,0.00,0.00
0.93,0,0,nan,"420,570",0,"78,926",0,nan,0.00,0.00
0.94,0,0,nan,"420,570",0,"78,926",0,nan,0.00,0.00
0.95,0,0,nan,"420,570",0,"78,926",0,nan,0.00,0.00
0.96,0,0,nan,"420,570",0,"78,926",0,nan,0.00,0.00
0.97,0,0,nan,"420,570",0,"78,926",0,nan,0.00,0.00
0.98,0,0,nan,"420,570",0,"78,926",0,nan,0.00,0.00
0.99,0,0,nan,"420,570",0,"78,926",0,nan,0.00,0.00
1.0,0,0,nan,"420,570",0,"78,926",0,nan,0.00,0.00
