p,Neg,Pos,mPrec,TN,FP,FN,TP,Prec,Rec,$\hat{p}$
0.0,1,0,0.00,1,"420,569",0,"78,926",0.16,1.00,1.00
0.01,0,0,nan,1,"420,569",0,"78,926",0.16,1.00,1.00
0.02,10,0,0.00,11,"420,559",0,"78,926",0.16,1.00,1.00
0.03,14,0,0.00,25,"420,545",0,"78,926",0.16,1.00,1.00
0.04,26,0,0.00,51,"420,519",0,"78,926",0.16,1.00,1.00
0.05,24,0,0.00,75,"420,495",0,"78,926",0.16,1.00,1.00
0.06,44,1,0.02,119,"420,451",1,"78,925",0.16,1.00,1.00
0.07,62,0,0.00,181,"420,389",1,"78,925",0.16,1.00,1.00
0.08,104,1,0.01,285,"420,285",2,"78,924",0.16,1.00,1.00
0.09,120,0,0.00,405,"420,165",2,"78,924",0.16,1.00,1.00
0.1,201,0,0.00,606,"419,964",2,"78,924",0.16,1.00,1.00
0.11,268,2,0.01,874,"419,696",4,"78,922",0.16,1.00,1.00
0.12,335,2,0.01,"1,209","419,361",6,"78,920",0.16,1.00,1.00
0.13,431,1,0.00,"1,640","418,930",7,"78,919",0.16,1.00,1.00
0.14,605,8,0.01,"2,245","418,325",15,"78,911",0.16,1.00,1.00
0.15,696,8,0.01,"2,941","417,629",23,"78,903",0.16,1.00,0.99
0.16,986,14,0.01,"3,927","416,643",37,"78,889",0.16,1.00,0.99
0.17,"1,128",17,0.01,"5,055","415,515",54,"78,872",0.16,1.00,0.99
0.18,"1,402",15,0.01,"6,457","414,113",69,"78,857",0.16,1.00,0.99
0.19,"1,757",35,0.02,"8,214","412,356",104,"78,822",0.16,1.00,0.98
0.2,"2,099",56,0.03,"10,313","410,257",160,"78,766",0.16,1.00,0.98
0.21,"2,472",61,0.02,"12,785","407,785",221,"78,705",0.16,1.00,0.97
0.22,"3,012",64,0.02,"15,797","404,773",285,"78,641",0.16,1.00,0.97
0.23,"3,391",88,0.03,"19,188","401,382",373,"78,553",0.16,1.00,0.96
0.24,"4,069",124,0.03,"23,257","397,313",497,"78,429",0.16,0.99,0.95
0.25,"4,477",142,0.03,"27,734","392,836",639,"78,287",0.17,0.99,0.94
0.26,"4,961",165,0.03,"32,695","387,875",804,"78,122",0.17,0.99,0.93
0.27,"5,499",213,0.04,"38,194","382,376","1,017","77,909",0.17,0.99,0.92
0.28,"5,934",245,0.04,"44,128","376,442","1,262","77,664",0.17,0.98,0.91
0.29,"6,533",284,0.04,"50,661","369,909","1,546","77,380",0.17,0.98,0.90
0.3,"7,133",314,0.04,"57,794","362,776","1,860","77,066",0.18,0.98,0.88
0.31,"7,923",413,0.05,"65,717","354,853","2,273","76,653",0.18,0.97,0.86
0.32,"8,345",441,0.05,"74,062","346,508","2,714","76,212",0.18,0.97,0.85
0.33,"8,865",521,0.06,"82,927","337,643","3,235","75,691",0.18,0.96,0.83
0.34,"9,462",628,0.06,"92,389","328,181","3,863","75,063",0.19,0.95,0.81
0.35,"10,037",704,0.07,"102,426","318,144","4,567","74,359",0.19,0.94,0.79
0.36,"10,606",765,0.07,"113,032","307,538","5,332","73,594",0.19,0.93,0.76
0.37,"11,008",908,0.08,"124,040","296,530","6,240","72,686",0.20,0.92,0.74
0.38,"11,255",984,0.08,"135,295","285,275","7,224","71,702",0.20,0.91,0.71
0.39,"11,446","1,068",0.09,"146,741","273,829","8,292","70,634",0.21,0.89,0.69
0.4,"11,861","1,130",0.09,"158,602","261,968","9,422","69,504",0.21,0.88,0.66
0.41,"11,888","1,270",0.10,"170,490","250,080","10,692","68,234",0.21,0.86,0.64
0.42,"12,132","1,338",0.10,"182,622","237,948","12,030","66,896",0.22,0.85,0.61
0.43,"12,142","1,326",0.10,"194,764","225,806","13,356","65,570",0.23,0.83,0.58
0.44,"12,116","1,551",0.11,"206,880","213,690","14,907","64,019",0.23,0.81,0.56
0.45,"12,144","1,562",0.11,"219,024","201,546","16,469","62,457",0.24,0.79,0.53
0.46,"12,065","1,629",0.12,"231,089","189,481","18,098","60,828",0.24,0.77,0.50
0.47,"11,946","1,743",0.13,"243,035","177,535","19,841","59,085",0.25,0.75,0.47
0.48,"11,614","1,860",0.14,"254,649","165,921","21,701","57,225",0.26,0.73,0.45
0.49,"11,220","1,925",0.15,"265,869","154,701","23,626","55,300",0.26,0.70,0.42
0.5,"10,994","1,885",0.15,"276,863","143,707","25,511","53,415",0.27,0.68,0.39
0.51,"10,265","1,970",0.16,"287,128","133,442","27,481","51,445",0.28,0.65,0.37
0.52,"10,074","1,919",0.16,"297,202","123,368","29,400","49,526",0.29,0.63,0.35
0.53,"9,450","1,976",0.17,"306,652","113,918","31,376","47,550",0.29,0.60,0.32
0.54,"9,179","2,049",0.18,"315,831","104,739","33,425","45,501",0.30,0.58,0.30
0.55,"8,670","1,977",0.19,"324,501","96,069","35,402","43,524",0.31,0.55,0.28
0.56,"8,190","2,067",0.20,"332,691","87,879","37,469","41,457",0.32,0.53,0.26
0.57,"7,850","1,995",0.20,"340,541","80,029","39,464","39,462",0.33,0.50,0.24
0.58,"7,276","2,091",0.22,"347,817","72,753","41,555","37,371",0.34,0.47,0.22
0.59,"6,701","2,007",0.23,"354,518","66,052","43,562","35,364",0.35,0.45,0.20
0.6,"6,380","1,935",0.23,"360,898","59,672","45,497","33,429",0.36,0.42,0.19
0.61,"5,797","1,805",0.24,"366,695","53,875","47,302","31,624",0.37,0.40,0.17
0.62,"5,380","1,897",0.26,"372,075","48,495","49,199","29,727",0.38,0.38,0.16
0.63,"4,979","1,761",0.26,"377,054","43,516","50,960","27,966",0.39,0.35,0.14
0.64,"4,587","1,775",0.28,"381,641","38,929","52,735","26,191",0.40,0.33,0.13
0.65,"4,186","1,723",0.29,"385,827","34,743","54,458","24,468",0.41,0.31,0.12
0.66,"3,815","1,593",0.29,"389,642","30,928","56,051","22,875",0.43,0.29,0.11
0.67,"3,531","1,565",0.31,"393,173","27,397","57,616","21,310",0.44,0.27,0.10
0.68,"3,015","1,510",0.33,"396,188","24,382","59,126","19,800",0.45,0.25,0.09
0.69,"2,721","1,452",0.35,"398,909","21,661","60,578","18,348",0.46,0.23,0.08
0.7,"2,505","1,465",0.37,"401,414","19,156","62,043","16,883",0.47,0.21,0.07
0.71,"2,169","1,353",0.38,"403,583","16,987","63,396","15,530",0.48,0.20,0.07
0.72,"2,026","1,260",0.38,"405,609","14,961","64,656","14,270",0.49,0.18,0.06
0.73,"1,959","1,275",0.39,"407,568","13,002","65,931","12,995",0.50,0.16,0.05
0.74,"1,723","1,229",0.42,"409,291","11,279","67,160","11,766",0.51,0.15,0.05
0.75,"1,591","1,191",0.43,"410,882","9,688","68,351","10,575",0.52,0.13,0.04
0.76,"1,462","1,141",0.44,"412,344","8,226","69,492","9,434",0.53,0.12,0.04
0.77,"1,245","1,049",0.46,"413,589","6,981","70,541","8,385",0.55,0.11,0.03
0.78,"1,196","1,097",0.48,"414,785","5,785","71,638","7,288",0.56,0.09,0.03
0.79,"1,021",964,0.49,"415,806","4,764","72,602","6,324",0.57,0.08,0.02
0.8,944,948,0.50,"416,750","3,820","73,550","5,376",0.58,0.07,0.02
0.81,841,877,0.51,"417,591","2,979","74,427","4,499",0.60,0.06,0.01
0.82,673,836,0.55,"418,264","2,306","75,263","3,663",0.61,0.05,0.01
0.83,572,733,0.56,"418,836","1,734","75,996","2,930",0.63,0.04,0.01
0.84,490,657,0.57,"419,326","1,244","76,653","2,273",0.65,0.03,0.01
0.85,362,584,0.62,"419,688",882,"77,237","1,689",0.66,0.02,0.01
0.86,283,492,0.63,"419,971",599,"77,729","1,197",0.67,0.02,0.00
0.87,205,355,0.63,"420,176",394,"78,084",842,0.68,0.01,0.00
0.88,157,254,0.62,"420,333",237,"78,338",588,0.71,0.01,0.00
0.89,103,218,0.68,"420,436",134,"78,556",370,0.73,0.00,0.00
0.9,48,155,0.76,"420,484",86,"78,711",215,0.71,0.00,0.00
0.91,29,79,0.73,"420,513",57,"78,790",136,0.70,0.00,0.00
0.92,22,57,0.72,"420,535",35,"78,847",79,0.69,0.00,0.00
0.93,16,27,0.63,"420,551",19,"78,874",52,0.73,0.00,0.00
0.94,6,26,0.81,"420,557",13,"78,900",26,0.67,0.00,0.00
0.95,5,9,0.64,"420,562",8,"78,909",17,0.68,0.00,0.00
0.96,4,8,0.67,"420,566",4,"78,917",9,0.69,0.00,0.00
0.97,4,2,0.33,"420,570",0,"78,919",7,1.00,0.00,0.00
0.98,0,5,1.00,"420,570",0,"78,924",2,1.00,0.00,0.00
0.99,0,1,1.00,"420,570",0,"78,925",1,1.00,0.00,0.00
1.0,0,1,1.00,"420,570",0,"78,926",0,nan,0.00,0.00
