p,Neg,Pos,mPrec,TN,FP,FN,TP,Prec,Rec,$\hat{p}$
0.0,"2,743",20,0.01,"2,743","177,502",20,"33,805",0.16,1.00,0.99
0.05,"4,296",59,0.01,"7,039","173,206",79,"33,746",0.16,1.00,0.97
0.1,"7,086",111,0.02,"14,125","166,120",190,"33,635",0.17,0.99,0.93
0.15,"10,027",253,0.02,"24,152","156,093",443,"33,382",0.18,0.99,0.89
0.2,"12,563",404,0.03,"36,715","143,530",847,"32,978",0.19,0.97,0.82
0.25,"14,203",715,0.05,"50,918","129,327","1,562","32,263",0.20,0.95,0.75
0.3,"15,293",962,0.06,"66,211","114,034","2,524","31,301",0.22,0.93,0.68
0.35,"15,633","1,366",0.08,"81,844","98,401","3,890","29,935",0.23,0.88,0.60
0.4,"15,863","1,725",0.10,"97,707","82,538","5,615","28,210",0.25,0.83,0.52
0.45,"15,075","2,066",0.12,"112,782","67,463","7,681","26,144",0.28,0.77,0.44
0.5,"14,129","2,444",0.15,"126,911","53,334","10,125","23,700",0.31,0.70,0.36
0.55,"12,703","2,724",0.18,"139,614","40,631","12,849","20,976",0.34,0.62,0.29
0.6,"11,104","2,958",0.21,"150,718","29,527","15,807","18,018",0.38,0.53,0.22
0.65,"9,153","3,090",0.25,"159,871","20,374","18,897","14,928",0.42,0.44,0.16
0.7,"7,083","3,023",0.30,"166,954","13,291","21,920","11,905",0.47,0.35,0.12
0.75,"5,347","2,849",0.35,"172,301","7,944","24,769","9,056",0.53,0.27,0.08
0.8,"3,493","2,571",0.42,"175,794","4,451","27,340","6,485",0.59,0.19,0.05
0.85,"2,090","2,091",0.50,"177,884","2,361","29,431","4,394",0.65,0.13,0.03
0.9,"1,169","1,548",0.57,"179,053","1,192","30,979","2,846",0.70,0.08,0.02
0.95,689,"1,310",0.66,"179,742",503,"32,289","1,536",0.75,0.05,0.01
1.0,503,"1,536",0.75,"180,245",0,"33,825",0,nan,0.00,0.00
