p,Neg,Pos,mPrec,TN,FP,FN,TP,Prec,Rec,$\hat{p}$
0.0,"4,206",34,0.01,"4,206","416,364",34,"78,892",0.16,1.00,0.99
0.1,"16,289",338,0.02,"20,495","400,075",372,"78,554",0.16,1.00,0.96
0.2,"38,353","1,513",0.04,"58,848","361,722","1,885","77,041",0.18,0.98,0.88
0.3,"63,318","4,106",0.06,"122,166","298,404","5,991","72,935",0.20,0.92,0.74
0.4,"82,147","8,487",0.09,"204,313","216,257","14,478","64,448",0.23,0.82,0.56
0.5,"79,938","12,438",0.13,"284,251","136,319","26,916","52,010",0.28,0.66,0.38
0.6,"61,879","14,280",0.19,"346,130","74,440","41,196","37,730",0.34,0.48,0.22
0.7,"39,418","13,420",0.25,"385,548","35,022","54,616","24,310",0.41,0.31,0.12
0.8,"20,941","10,883",0.34,"406,489","14,081","65,499","13,427",0.49,0.17,0.06
0.9,"10,229","8,263",0.45,"416,718","3,852","73,762","5,164",0.57,0.07,0.02
1.0,"3,852","5,164",0.57,"420,570",0,"78,926",0,nan,0.00,0.00
