p,Neg,Pos,mPrec,TN,FP,FN,TP,Prec,Rec,$\hat{p}$
0.0,"2,127",9,0.00,"2,127","178,118",9,"33,816",0.16,1.00,0.99
0.01,867,6,0.01,"2,994","177,251",15,"33,810",0.16,1.00,0.99
0.02,975,9,0.01,"3,969","176,276",24,"33,801",0.16,1.00,0.98
0.03,"1,072",12,0.01,"5,041","175,204",36,"33,789",0.16,1.00,0.98
0.04,"1,233",8,0.01,"6,274","173,971",44,"33,781",0.16,1.00,0.97
0.05,"1,260",17,0.01,"7,534","172,711",61,"33,764",0.16,1.00,0.96
0.06,"1,417",23,0.02,"8,951","171,294",84,"33,741",0.16,1.00,0.96
0.07,"1,485",19,0.01,"10,436","169,809",103,"33,722",0.17,1.00,0.95
0.08,"1,635",28,0.02,"12,071","168,174",131,"33,694",0.17,1.00,0.94
0.09,"1,804",29,0.02,"13,875","166,370",160,"33,665",0.17,1.00,0.93
0.1,"1,827",41,0.02,"15,702","164,543",201,"33,624",0.17,0.99,0.93
0.11,"2,027",45,0.02,"17,729","162,516",246,"33,579",0.17,0.99,0.92
0.12,"2,009",41,0.02,"19,738","160,507",287,"33,538",0.17,0.99,0.91
0.13,"2,139",54,0.02,"21,877","158,368",341,"33,484",0.17,0.99,0.90
0.14,"2,164",59,0.03,"24,041","156,204",400,"33,425",0.18,0.99,0.89
0.15,"2,208",74,0.03,"26,249","153,996",474,"33,351",0.18,0.99,0.88
0.16,"2,317",89,0.04,"28,566","151,679",563,"33,262",0.18,0.98,0.86
0.17,"2,431",82,0.03,"30,997","149,248",645,"33,180",0.18,0.98,0.85
0.18,"2,420",75,0.03,"33,417","146,828",720,"33,105",0.18,0.98,0.84
0.19,"2,542",103,0.04,"35,959","144,286",823,"33,002",0.19,0.98,0.83
0.2,"2,568",101,0.04,"38,527","141,718",924,"32,901",0.19,0.97,0.82
0.21,"2,546",118,0.04,"41,073","139,172","1,042","32,783",0.19,0.97,0.80
0.22,"2,629",138,0.05,"43,702","136,543","1,180","32,645",0.19,0.97,0.79
0.23,"2,750",125,0.04,"46,452","133,793","1,305","32,520",0.20,0.96,0.78
0.24,"2,748",141,0.05,"49,200","131,045","1,446","32,379",0.20,0.96,0.76
0.25,"2,722",163,0.06,"51,922","128,323","1,609","32,216",0.20,0.95,0.75
0.26,"2,733",158,0.05,"54,655","125,590","1,767","32,058",0.20,0.95,0.74
0.27,"2,792",173,0.06,"57,447","122,798","1,940","31,885",0.21,0.94,0.72
0.28,"2,900",188,0.06,"60,347","119,898","2,128","31,697",0.21,0.94,0.71
0.29,"2,854",217,0.07,"63,201","117,044","2,345","31,480",0.21,0.93,0.69
0.3,"2,970",222,0.07,"66,171","114,074","2,567","31,258",0.22,0.92,0.68
0.31,"2,927",210,0.07,"69,098","111,147","2,777","31,048",0.22,0.92,0.66
0.32,"2,889",233,0.07,"71,987","108,258","3,010","30,815",0.22,0.91,0.65
0.33,"2,996",277,0.08,"74,983","105,262","3,287","30,538",0.22,0.90,0.63
0.34,"2,996",259,0.08,"77,979","102,266","3,546","30,279",0.23,0.90,0.62
0.35,"2,993",302,0.09,"80,972","99,273","3,848","29,977",0.23,0.89,0.60
0.36,"3,031",283,0.09,"84,003","96,242","4,131","29,694",0.24,0.88,0.59
0.37,"2,964",290,0.09,"86,967","93,278","4,421","29,404",0.24,0.87,0.57
0.38,"2,991",313,0.09,"89,958","90,287","4,734","29,091",0.24,0.86,0.56
0.39,"2,915",352,0.11,"92,873","87,372","5,086","28,739",0.25,0.85,0.54
0.4,"2,943",326,0.10,"95,816","84,429","5,412","28,413",0.25,0.84,0.53
0.41,"2,908",339,0.10,"98,724","81,521","5,751","28,074",0.26,0.83,0.51
0.42,"2,921",345,0.11,"101,645","78,600","6,096","27,729",0.26,0.82,0.50
0.43,"2,874",402,0.12,"104,519","75,726","6,498","27,327",0.27,0.81,0.48
0.44,"2,897",383,0.12,"107,416","72,829","6,881","26,944",0.27,0.80,0.47
0.45,"2,781",431,0.13,"110,197","70,048","7,312","26,513",0.27,0.78,0.45
0.46,"2,754",425,0.13,"112,951","67,294","7,737","26,088",0.28,0.77,0.44
0.47,"2,724",455,0.14,"115,675","64,570","8,192","25,633",0.28,0.76,0.42
0.48,"2,767",422,0.13,"118,442","61,803","8,614","25,211",0.29,0.75,0.41
0.49,"2,631",484,0.16,"121,073","59,172","9,098","24,727",0.29,0.73,0.39
0.5,"2,654",487,0.16,"123,727","56,518","9,585","24,240",0.30,0.72,0.38
0.51,"2,585",472,0.15,"126,312","53,933","10,057","23,768",0.31,0.70,0.36
0.52,"2,552",494,0.16,"128,864","51,381","10,551","23,274",0.31,0.69,0.35
0.53,"2,441",518,0.18,"131,305","48,940","11,069","22,756",0.32,0.67,0.33
0.54,"2,551",520,0.17,"133,856","46,389","11,589","22,236",0.32,0.66,0.32
0.55,"2,394",516,0.18,"136,250","43,995","12,105","21,720",0.33,0.64,0.31
0.56,"2,353",521,0.18,"138,603","41,642","12,626","21,199",0.34,0.63,0.29
0.57,"2,351",564,0.19,"140,954","39,291","13,190","20,635",0.34,0.61,0.28
0.58,"2,155",550,0.20,"143,109","37,136","13,740","20,085",0.35,0.59,0.27
0.59,"2,235",515,0.19,"145,344","34,901","14,255","19,570",0.36,0.58,0.25
0.6,"2,052",550,0.21,"147,396","32,849","14,805","19,020",0.37,0.56,0.24
0.61,"2,012",573,0.22,"149,408","30,837","15,378","18,447",0.37,0.55,0.23
0.62,"1,954",620,0.24,"151,362","28,883","15,998","17,827",0.38,0.53,0.22
0.63,"1,936",590,0.23,"153,298","26,947","16,588","17,237",0.39,0.51,0.21
0.64,"1,904",616,0.24,"155,202","25,043","17,204","16,621",0.40,0.49,0.19
0.65,"1,778",572,0.24,"156,980","23,265","17,776","16,049",0.41,0.47,0.18
0.66,"1,721",646,0.27,"158,701","21,544","18,422","15,403",0.42,0.46,0.17
0.67,"1,662",610,0.27,"160,363","19,882","19,032","14,793",0.43,0.44,0.16
0.68,"1,506",590,0.28,"161,869","18,376","19,622","14,203",0.44,0.42,0.15
0.69,"1,577",617,0.28,"163,446","16,799","20,239","13,586",0.45,0.40,0.14
0.7,"1,467",612,0.29,"164,913","15,332","20,851","12,974",0.46,0.38,0.13
0.71,"1,357",621,0.31,"166,270","13,975","21,472","12,353",0.47,0.37,0.12
0.72,"1,332",604,0.31,"167,602","12,643","22,076","11,749",0.48,0.35,0.11
0.73,"1,154",626,0.35,"168,756","11,489","22,702","11,123",0.49,0.33,0.11
0.74,"1,080",596,0.36,"169,836","10,409","23,298","10,527",0.50,0.31,0.10
0.75,"1,034",578,0.36,"170,870","9,375","23,876","9,949",0.51,0.29,0.09
0.76,930,561,0.38,"171,800","8,445","24,437","9,388",0.53,0.28,0.08
0.77,878,616,0.41,"172,678","7,567","25,053","8,772",0.54,0.26,0.08
0.78,830,585,0.41,"173,508","6,737","25,638","8,187",0.55,0.24,0.07
0.79,785,584,0.43,"174,293","5,952","26,222","7,603",0.56,0.22,0.06
0.8,693,538,0.44,"174,986","5,259","26,760","7,065",0.57,0.21,0.06
0.81,611,503,0.45,"175,597","4,648","27,263","6,562",0.59,0.19,0.05
0.82,571,485,0.46,"176,168","4,077","27,748","6,077",0.60,0.18,0.05
0.83,500,434,0.46,"176,668","3,577","28,182","5,643",0.61,0.17,0.04
0.84,467,459,0.50,"177,135","3,110","28,641","5,184",0.63,0.15,0.04
0.85,413,429,0.51,"177,548","2,697","29,070","4,755",0.64,0.14,0.03
0.86,374,403,0.52,"177,922","2,323","29,473","4,352",0.65,0.13,0.03
0.87,319,416,0.57,"178,241","2,004","29,889","3,936",0.66,0.12,0.03
0.88,257,346,0.57,"178,498","1,747","30,235","3,590",0.67,0.11,0.02
0.89,249,341,0.58,"178,747","1,498","30,576","3,249",0.68,0.10,0.02
0.9,216,308,0.59,"178,963","1,282","30,884","2,941",0.70,0.09,0.02
0.91,198,299,0.60,"179,161","1,084","31,183","2,642",0.71,0.08,0.02
0.92,172,286,0.62,"179,333",912,"31,469","2,356",0.72,0.07,0.02
0.93,170,294,0.63,"179,503",742,"31,763","2,062",0.74,0.06,0.01
0.94,130,278,0.68,"179,633",612,"32,041","1,784",0.74,0.05,0.01
0.95,131,289,0.69,"179,764",481,"32,330","1,495",0.76,0.04,0.01
0.96,116,262,0.69,"179,880",365,"32,592","1,233",0.77,0.04,0.01
0.97,98,260,0.73,"179,978",267,"32,852",973,0.78,0.03,0.01
0.98,68,230,0.77,"180,046",199,"33,082",743,0.79,0.02,0.00
0.99,64,195,0.75,"180,110",135,"33,277",548,0.80,0.02,0.00
1.0,135,548,0.80,"180,245",0,"33,825",0,nan,0.00,0.00
