p,Neg,Pos,mPrec,TN,FP,FN,TP,Prec,Rec,$\hat{p}$
0.0,"10,515",129,0.01,"10,515","410,055",129,"78,797",0.16,1.00,0.98
0.01,"1,137",22,0.02,"11,652","408,918",151,"78,775",0.16,1.00,0.98
0.02,"1,146",15,0.01,"12,798","407,772",166,"78,760",0.16,1.00,0.97
0.03,"1,221",28,0.02,"14,019","406,551",194,"78,732",0.16,1.00,0.97
0.04,"1,363",30,0.02,"15,382","405,188",224,"78,702",0.16,1.00,0.97
0.05,"1,493",42,0.03,"16,875","403,695",266,"78,660",0.16,1.00,0.97
0.06,"1,734",37,0.02,"18,609","401,961",303,"78,623",0.16,1.00,0.96
0.07,"1,688",51,0.03,"20,297","400,273",354,"78,572",0.16,1.00,0.96
0.08,"1,894",47,0.02,"22,191","398,379",401,"78,525",0.16,0.99,0.95
0.09,"2,009",49,0.02,"24,200","396,370",450,"78,476",0.17,0.99,0.95
0.1,"2,215",72,0.03,"26,415","394,155",522,"78,404",0.17,0.99,0.95
0.11,"2,374",75,0.03,"28,789","391,781",597,"78,329",0.17,0.99,0.94
0.12,"2,559",93,0.04,"31,348","389,222",690,"78,236",0.17,0.99,0.94
0.13,"2,679",100,0.04,"34,027","386,543",790,"78,136",0.17,0.99,0.93
0.14,"2,872",104,0.03,"36,899","383,671",894,"78,032",0.17,0.99,0.92
0.15,"2,951",95,0.03,"39,850","380,720",989,"77,937",0.17,0.99,0.92
0.16,"3,295",101,0.03,"43,145","377,425","1,090","77,836",0.17,0.99,0.91
0.17,"3,328",120,0.03,"46,473","374,097","1,210","77,716",0.17,0.98,0.90
0.18,"3,495",157,0.04,"49,968","370,602","1,367","77,559",0.17,0.98,0.90
0.19,"3,740",156,0.04,"53,708","366,862","1,523","77,403",0.17,0.98,0.89
0.2,"3,920",180,0.04,"57,628","362,942","1,703","77,223",0.18,0.98,0.88
0.21,"4,040",176,0.04,"61,668","358,902","1,879","77,047",0.18,0.98,0.87
0.22,"4,219",196,0.04,"65,887","354,683","2,075","76,851",0.18,0.97,0.86
0.23,"4,385",231,0.05,"70,272","350,298","2,306","76,620",0.18,0.97,0.85
0.24,"4,710",281,0.06,"74,982","345,588","2,587","76,339",0.18,0.97,0.84
0.25,"4,722",285,0.06,"79,704","340,866","2,872","76,054",0.18,0.96,0.83
0.26,"5,101",279,0.05,"84,805","335,765","3,151","75,775",0.18,0.96,0.82
0.27,"5,273",342,0.06,"90,078","330,492","3,493","75,433",0.19,0.96,0.81
0.28,"5,517",368,0.06,"95,595","324,975","3,861","75,065",0.19,0.95,0.80
0.29,"5,490",388,0.07,"101,085","319,485","4,249","74,677",0.19,0.95,0.79
0.3,"6,210",431,0.06,"107,295","313,275","4,680","74,246",0.19,0.94,0.78
0.31,"6,130",451,0.07,"113,425","307,145","5,131","73,795",0.19,0.93,0.76
0.32,"6,481",473,0.07,"119,906","300,664","5,604","73,322",0.20,0.93,0.75
0.33,"6,547",526,0.07,"126,453","294,117","6,130","72,796",0.20,0.92,0.73
0.34,"6,579",552,0.08,"133,032","287,538","6,682","72,244",0.20,0.92,0.72
0.35,"7,000",649,0.08,"140,032","280,538","7,331","71,595",0.20,0.91,0.70
0.36,"7,216",677,0.09,"147,248","273,322","8,008","70,918",0.21,0.90,0.69
0.37,"7,565",759,0.09,"154,813","265,757","8,767","70,159",0.21,0.89,0.67
0.38,"7,671",747,0.09,"162,484","258,086","9,514","69,412",0.21,0.88,0.66
0.39,"7,549",789,0.09,"170,033","250,537","10,303","68,623",0.22,0.87,0.64
0.4,"7,555",881,0.10,"177,588","242,982","11,184","67,742",0.22,0.86,0.62
0.41,"7,913",876,0.10,"185,501","235,069","12,060","66,866",0.22,0.85,0.60
0.42,"8,147",918,0.10,"193,648","226,922","12,978","65,948",0.23,0.84,0.59
0.43,"7,759",952,0.11,"201,407","219,163","13,930","64,996",0.23,0.82,0.57
0.44,"7,861","1,057",0.12,"209,268","211,302","14,987","63,939",0.23,0.81,0.55
0.45,"8,041","1,088",0.12,"217,309","203,261","16,075","62,851",0.24,0.80,0.53
0.46,"7,953","1,080",0.12,"225,262","195,308","17,155","61,771",0.24,0.78,0.51
0.47,"7,905","1,231",0.13,"233,167","187,403","18,386","60,540",0.24,0.77,0.50
0.48,"7,973","1,164",0.13,"241,140","179,430","19,550","59,376",0.25,0.75,0.48
0.49,"7,817","1,257",0.14,"248,957","171,613","20,807","58,119",0.25,0.74,0.46
0.5,"7,853","1,309",0.14,"256,810","163,760","22,116","56,810",0.26,0.72,0.44
0.51,"7,741","1,279",0.14,"264,551","156,019","23,395","55,531",0.26,0.70,0.42
0.52,"7,752","1,369",0.15,"272,303","148,267","24,764","54,162",0.27,0.69,0.41
0.53,"7,506","1,387",0.16,"279,809","140,761","26,151","52,775",0.27,0.67,0.39
0.54,"7,382","1,414",0.16,"287,191","133,379","27,565","51,361",0.28,0.65,0.37
0.55,"7,130","1,354",0.16,"294,321","126,249","28,919","50,007",0.28,0.63,0.35
0.56,"7,135","1,472",0.17,"301,456","119,114","30,391","48,535",0.29,0.61,0.34
0.57,"6,995","1,529",0.18,"308,451","112,119","31,920","47,006",0.30,0.60,0.32
0.58,"6,638","1,513",0.19,"315,089","105,481","33,433","45,493",0.30,0.58,0.30
0.59,"6,184","1,526",0.20,"321,273","99,297","34,959","43,967",0.31,0.56,0.29
0.6,"6,123","1,505",0.20,"327,396","93,174","36,464","42,462",0.31,0.54,0.27
0.61,"6,172","1,534",0.20,"333,568","87,002","37,998","40,928",0.32,0.52,0.26
0.62,"5,748","1,563",0.21,"339,316","81,254","39,561","39,365",0.33,0.50,0.24
0.63,"5,450","1,531",0.22,"344,766","75,804","41,092","37,834",0.33,0.48,0.23
0.64,"5,259","1,487",0.22,"350,025","70,545","42,579","36,347",0.34,0.46,0.21
0.65,"5,003","1,564",0.24,"355,028","65,542","44,143","34,783",0.35,0.44,0.20
0.66,"4,824","1,494",0.24,"359,852","60,718","45,637","33,289",0.35,0.42,0.19
0.67,"4,336","1,491",0.26,"364,188","56,382","47,128","31,798",0.36,0.40,0.18
0.68,"4,229","1,430",0.25,"368,417","52,153","48,558","30,368",0.37,0.38,0.17
0.69,"3,911","1,430",0.27,"372,328","48,242","49,988","28,938",0.37,0.37,0.15
0.7,"3,743","1,418",0.27,"376,071","44,499","51,406","27,520",0.38,0.35,0.14
0.71,"3,603","1,354",0.27,"379,674","40,896","52,760","26,166",0.39,0.33,0.13
0.72,"3,218","1,282",0.28,"382,892","37,678","54,042","24,884",0.40,0.32,0.13
0.73,"3,108","1,267",0.29,"386,000","34,570","55,309","23,617",0.41,0.30,0.12
0.74,"2,945","1,233",0.30,"388,945","31,625","56,542","22,384",0.41,0.28,0.11
0.75,"2,555","1,162",0.31,"391,500","29,070","57,704","21,222",0.42,0.27,0.10
0.76,"2,371","1,117",0.32,"393,871","26,699","58,821","20,105",0.43,0.25,0.09
0.77,"2,277","1,058",0.32,"396,148","24,422","59,879","19,047",0.44,0.24,0.09
0.78,"2,098","1,024",0.33,"398,246","22,324","60,903","18,023",0.45,0.23,0.08
0.79,"2,015","1,052",0.34,"400,261","20,309","61,955","16,971",0.46,0.22,0.07
0.8,"1,831",994,0.35,"402,092","18,478","62,949","15,977",0.46,0.20,0.07
0.81,"1,691",969,0.36,"403,783","16,787","63,918","15,008",0.47,0.19,0.06
0.82,"1,561",956,0.38,"405,344","15,226","64,874","14,052",0.48,0.18,0.06
0.83,"1,505",907,0.38,"406,849","13,721","65,781","13,145",0.49,0.17,0.05
0.84,"1,352",864,0.39,"408,201","12,369","66,645","12,281",0.50,0.16,0.05
0.85,"1,225",834,0.41,"409,426","11,144","67,479","11,447",0.51,0.15,0.05
0.86,"1,123",928,0.45,"410,549","10,021","68,407","10,519",0.51,0.13,0.04
0.87,"1,063",886,0.45,"411,612","8,958","69,293","9,633",0.52,0.12,0.04
0.88,975,811,0.45,"412,587","7,983","70,104","8,822",0.52,0.11,0.03
0.89,962,761,0.44,"413,549","7,021","70,865","8,061",0.53,0.10,0.03
0.9,846,740,0.47,"414,395","6,175","71,605","7,321",0.54,0.09,0.03
0.91,802,683,0.46,"415,197","5,373","72,288","6,638",0.55,0.08,0.02
0.92,708,709,0.50,"415,905","4,665","72,997","5,929",0.56,0.08,0.02
0.93,712,640,0.47,"416,617","3,953","73,637","5,289",0.57,0.07,0.02
0.94,530,585,0.52,"417,147","3,423","74,222","4,704",0.58,0.06,0.02
0.95,495,517,0.51,"417,642","2,928","74,739","4,187",0.59,0.05,0.01
0.96,451,536,0.54,"418,093","2,477","75,275","3,651",0.60,0.05,0.01
0.97,366,476,0.57,"418,459","2,111","75,751","3,175",0.60,0.04,0.01
0.98,369,444,0.55,"418,828","1,742","76,195","2,731",0.61,0.03,0.01
0.99,291,403,0.58,"419,119","1,451","76,598","2,328",0.62,0.03,0.01
1.0,"1,451","2,328",0.62,"420,570",0,"78,926",0,nan,0.00,0.00
