p,Neg,Pos,mPrec,TN,FP,FN,TP,Prec,Rec,$\hat{p}$
0.0,1,0,0.00,1,"180,244",0,"33,825",0.16,1.00,1.00
0.1,"5,503",42,0.01,"5,504","174,741",42,"33,783",0.16,1.00,0.97
0.2,"20,539",405,0.02,"26,043","154,202",447,"33,378",0.18,0.99,0.88
0.3,"29,952","1,367",0.04,"55,995","124,250","1,814","32,011",0.20,0.95,0.73
0.4,"35,347","2,952",0.08,"91,342","88,903","4,766","29,059",0.25,0.86,0.55
0.5,"34,854","4,994",0.13,"126,196","54,049","9,760","24,065",0.31,0.71,0.36
0.6,"27,524","7,035",0.20,"153,720","26,525","16,795","17,030",0.39,0.50,0.20
0.7,"16,476","6,778",0.29,"170,196","10,049","23,573","10,252",0.50,0.30,0.09
0.8,"7,176","5,299",0.42,"177,372","2,873","28,872","4,953",0.63,0.15,0.04
0.9,"2,489","3,702",0.60,"179,861",384,"32,574","1,251",0.77,0.04,0.01
1.0,384,"1,251",0.77,"180,245",0,"33,825",0,nan,0.00,0.00
