p,Neg,Pos,mPrec,TN,FP,FN,TP,Prec,Rec,$\hat{p}$
0.0,"2,278",14,0.01,"2,278","177,967",14,"33,811",0.16,1.00,0.99
0.01,808,8,0.01,"3,086","177,159",22,"33,803",0.16,1.00,0.99
0.02,905,11,0.01,"3,991","176,254",33,"33,792",0.16,1.00,0.98
0.03,"1,053",12,0.01,"5,044","175,201",45,"33,780",0.16,1.00,0.98
0.04,"1,163",6,0.01,"6,207","174,038",51,"33,774",0.16,1.00,0.97
0.05,"1,295",13,0.01,"7,502","172,743",64,"33,761",0.16,1.00,0.96
0.06,"1,356",21,0.02,"8,858","171,387",85,"33,740",0.16,1.00,0.96
0.07,"1,577",14,0.01,"10,435","169,810",99,"33,726",0.17,1.00,0.95
0.08,"1,591",40,0.02,"12,026","168,219",139,"33,686",0.17,1.00,0.94
0.09,"1,778",35,0.02,"13,804","166,441",174,"33,651",0.17,0.99,0.93
0.1,"1,824",44,0.02,"15,628","164,617",218,"33,607",0.17,0.99,0.93
0.11,"1,903",33,0.02,"17,531","162,714",251,"33,574",0.17,0.99,0.92
0.12,"1,917",49,0.02,"19,448","160,797",300,"33,525",0.17,0.99,0.91
0.13,"2,117",61,0.03,"21,565","158,680",361,"33,464",0.17,0.99,0.90
0.14,"2,195",56,0.02,"23,760","156,485",417,"33,408",0.18,0.99,0.89
0.15,"2,243",65,0.03,"26,003","154,242",482,"33,343",0.18,0.99,0.88
0.16,"2,339",75,0.03,"28,342","151,903",557,"33,268",0.18,0.98,0.87
0.17,"2,332",88,0.04,"30,674","149,571",645,"33,180",0.18,0.98,0.85
0.18,"2,413",92,0.04,"33,087","147,158",737,"33,088",0.18,0.98,0.84
0.19,"2,560",93,0.04,"35,647","144,598",830,"32,995",0.19,0.98,0.83
0.2,"2,526",103,0.04,"38,173","142,072",933,"32,892",0.19,0.97,0.82
0.21,"2,601",109,0.04,"40,774","139,471","1,042","32,783",0.19,0.97,0.80
0.22,"2,655",113,0.04,"43,429","136,816","1,155","32,670",0.19,0.97,0.79
0.23,"2,728",129,0.05,"46,157","134,088","1,284","32,541",0.20,0.96,0.78
0.24,"2,685",129,0.05,"48,842","131,403","1,413","32,412",0.20,0.96,0.77
0.25,"2,775",152,0.05,"51,617","128,628","1,565","32,260",0.20,0.95,0.75
0.26,"2,739",159,0.05,"54,356","125,889","1,724","32,101",0.20,0.95,0.74
0.27,"2,787",163,0.06,"57,143","123,102","1,887","31,938",0.21,0.94,0.72
0.28,"2,944",194,0.06,"60,087","120,158","2,081","31,744",0.21,0.94,0.71
0.29,"2,860",196,0.06,"62,947","117,298","2,277","31,548",0.21,0.93,0.70
0.3,"3,037",247,0.08,"65,984","114,261","2,524","31,301",0.22,0.93,0.68
0.31,"2,949",227,0.07,"68,933","111,312","2,751","31,074",0.22,0.92,0.67
0.32,"3,027",242,0.07,"71,960","108,285","2,993","30,832",0.22,0.91,0.65
0.33,"3,068",243,0.07,"75,028","105,217","3,236","30,589",0.23,0.90,0.63
0.34,"2,940",261,0.08,"77,968","102,277","3,497","30,328",0.23,0.90,0.62
0.35,"3,083",269,0.08,"81,051","99,194","3,766","30,059",0.23,0.89,0.60
0.36,"2,994",285,0.09,"84,045","96,200","4,051","29,774",0.24,0.88,0.59
0.37,"3,133",305,0.09,"87,178","93,067","4,356","29,469",0.24,0.87,0.57
0.38,"2,988",315,0.10,"90,166","90,079","4,671","29,154",0.24,0.86,0.56
0.39,"3,135",348,0.10,"93,301","86,944","5,019","28,806",0.25,0.85,0.54
0.4,"3,082",363,0.11,"96,383","83,862","5,382","28,443",0.25,0.84,0.52
0.41,"3,103",367,0.11,"99,486","80,759","5,749","28,076",0.26,0.83,0.51
0.42,"3,105",414,0.12,"102,591","77,654","6,163","27,662",0.26,0.82,0.49
0.43,"2,993",400,0.12,"105,584","74,661","6,563","27,262",0.27,0.81,0.48
0.44,"2,918",411,0.12,"108,502","71,743","6,974","26,851",0.27,0.79,0.46
0.45,"3,023",481,0.14,"111,525","68,720","7,455","26,370",0.28,0.78,0.44
0.46,"2,949",450,0.13,"114,474","65,771","7,905","25,920",0.28,0.77,0.43
0.47,"2,967",463,0.13,"117,441","62,804","8,368","25,457",0.29,0.75,0.41
0.48,"2,843",473,0.14,"120,284","59,961","8,841","24,984",0.29,0.74,0.40
0.49,"2,810",522,0.16,"123,094","57,151","9,363","24,462",0.30,0.72,0.38
0.5,"2,859",515,0.15,"125,953","54,292","9,878","23,947",0.31,0.71,0.37
0.51,"2,837",502,0.15,"128,790","51,455","10,380","23,445",0.31,0.69,0.35
0.52,"2,772",555,0.17,"131,562","48,683","10,935","22,890",0.32,0.68,0.33
0.53,"2,648",586,0.18,"134,210","46,035","11,521","22,304",0.33,0.66,0.32
0.54,"2,514",558,0.18,"136,724","43,521","12,079","21,746",0.33,0.64,0.30
0.55,"2,577",599,0.19,"139,301","40,944","12,678","21,147",0.34,0.63,0.29
0.56,"2,463",587,0.19,"141,764","38,481","13,265","20,560",0.35,0.61,0.28
0.57,"2,362",616,0.21,"144,126","36,119","13,881","19,944",0.36,0.59,0.26
0.58,"2,340",606,0.21,"146,466","33,779","14,487","19,338",0.36,0.57,0.25
0.59,"2,181",641,0.23,"148,647","31,598","15,128","18,697",0.37,0.55,0.23
0.6,"2,202",714,0.24,"150,849","29,396","15,842","17,983",0.38,0.53,0.22
0.61,"2,101",649,0.24,"152,950","27,295","16,491","17,334",0.39,0.51,0.21
0.62,"1,967",672,0.25,"154,917","25,328","17,163","16,662",0.40,0.49,0.20
0.63,"1,939",629,0.24,"156,856","23,389","17,792","16,033",0.41,0.47,0.18
0.64,"1,908",698,0.27,"158,764","21,481","18,490","15,335",0.42,0.45,0.17
0.65,"1,733",653,0.27,"160,497","19,748","19,143","14,682",0.43,0.43,0.16
0.66,"1,678",638,0.28,"162,175","18,070","19,781","14,044",0.44,0.42,0.15
0.67,"1,511",643,0.30,"163,686","16,559","20,424","13,401",0.45,0.40,0.14
0.68,"1,514",605,0.29,"165,200","15,045","21,029","12,796",0.46,0.38,0.13
0.69,"1,323",673,0.34,"166,523","13,722","21,702","12,123",0.47,0.36,0.12
0.7,"1,334",615,0.32,"167,857","12,388","22,317","11,508",0.48,0.34,0.11
0.71,"1,193",595,0.33,"169,050","11,195","22,912","10,913",0.49,0.32,0.10
0.72,"1,071",606,0.36,"170,121","10,124","23,518","10,307",0.50,0.30,0.10
0.73,"1,039",568,0.35,"171,160","9,085","24,086","9,739",0.52,0.29,0.09
0.74,920,569,0.38,"172,080","8,165","24,655","9,170",0.53,0.27,0.08
0.75,861,540,0.39,"172,941","7,304","25,195","8,630",0.54,0.26,0.07
0.76,821,571,0.41,"173,762","6,483","25,766","8,059",0.55,0.24,0.07
0.77,666,540,0.45,"174,428","5,817","26,306","7,519",0.56,0.22,0.06
0.78,667,525,0.44,"175,095","5,150","26,831","6,994",0.58,0.21,0.06
0.79,575,462,0.45,"175,670","4,575","27,293","6,532",0.59,0.19,0.05
0.8,534,445,0.45,"176,204","4,041","27,738","6,087",0.60,0.18,0.05
0.81,478,430,0.47,"176,682","3,563","28,168","5,657",0.61,0.17,0.04
0.82,435,421,0.49,"177,117","3,128","28,589","5,236",0.63,0.15,0.04
0.83,356,384,0.52,"177,473","2,772","28,973","4,852",0.64,0.14,0.04
0.84,310,345,0.53,"177,783","2,462","29,318","4,507",0.65,0.13,0.03
0.85,277,328,0.54,"178,060","2,185","29,646","4,179",0.66,0.12,0.03
0.86,256,314,0.55,"178,316","1,929","29,960","3,865",0.67,0.11,0.03
0.87,252,294,0.54,"178,568","1,677","30,254","3,571",0.68,0.11,0.02
0.88,209,272,0.57,"178,777","1,468","30,526","3,299",0.69,0.10,0.02
0.89,190,274,0.59,"178,967","1,278","30,800","3,025",0.70,0.09,0.02
0.9,168,255,0.60,"179,135","1,110","31,055","2,770",0.71,0.08,0.02
0.91,138,282,0.67,"179,273",972,"31,337","2,488",0.72,0.07,0.02
0.92,123,248,0.67,"179,396",849,"31,585","2,240",0.73,0.07,0.01
0.93,116,234,0.67,"179,512",733,"31,819","2,006",0.73,0.06,0.01
0.94,131,274,0.68,"179,643",602,"32,093","1,732",0.74,0.05,0.01
0.95,135,252,0.65,"179,778",467,"32,345","1,480",0.76,0.04,0.01
0.96,95,252,0.73,"179,873",372,"32,597","1,228",0.77,0.04,0.01
0.97,101,245,0.71,"179,974",271,"32,842",983,0.78,0.03,0.01
0.98,79,249,0.76,"180,053",192,"33,091",734,0.79,0.02,0.00
0.99,56,189,0.77,"180,109",136,"33,280",545,0.80,0.02,0.00
1.0,136,545,0.80,"180,245",0,"33,825",0,nan,0.00,0.00
