p,Neg,Pos,mPrec,TN,FP,FN,TP,Prec,Rec,$\hat{p}$
0.0,0,0,nan,0,"180,245",0,"33,825",0.16,1.00,1.00
0.01,0,0,nan,0,"180,245",0,"33,825",0.16,1.00,1.00
0.02,0,0,nan,0,"180,245",0,"33,825",0.16,1.00,1.00
0.03,0,0,nan,0,"180,245",0,"33,825",0.16,1.00,1.00
0.04,0,0,nan,0,"180,245",0,"33,825",0.16,1.00,1.00
0.05,0,0,nan,0,"180,245",0,"33,825",0.16,1.00,1.00
0.06,0,0,nan,0,"180,245",0,"33,825",0.16,1.00,1.00
0.07,0,0,nan,0,"180,245",0,"33,825",0.16,1.00,1.00
0.08,0,0,nan,0,"180,245",0,"33,825",0.16,1.00,1.00
0.09,0,0,nan,0,"180,245",0,"33,825",0.16,1.00,1.00
0.1,0,0,nan,0,"180,245",0,"33,825",0.16,1.00,1.00
0.11,0,0,nan,0,"180,245",0,"33,825",0.16,1.00,1.00
0.12,0,0,nan,0,"180,245",0,"33,825",0.16,1.00,1.00
0.13,0,0,nan,0,"180,245",0,"33,825",0.16,1.00,1.00
0.14,3,1,0.25,3,"180,242",1,"33,824",0.16,1.00,1.00
0.15,6,0,0.00,9,"180,236",1,"33,824",0.16,1.00,1.00
0.16,7,0,0.00,16,"180,229",1,"33,824",0.16,1.00,1.00
0.17,2,0,0.00,18,"180,227",1,"33,824",0.16,1.00,1.00
0.18,6,1,0.14,24,"180,221",2,"33,823",0.16,1.00,1.00
0.19,13,0,0.00,37,"180,208",2,"33,823",0.16,1.00,1.00
0.2,24,0,0.00,61,"180,184",2,"33,823",0.16,1.00,1.00
0.21,13,1,0.07,74,"180,171",3,"33,822",0.16,1.00,1.00
0.22,96,3,0.03,170,"180,075",6,"33,819",0.16,1.00,1.00
0.23,38,2,0.05,208,"180,037",8,"33,817",0.16,1.00,1.00
0.24,181,4,0.02,389,"179,856",12,"33,813",0.16,1.00,1.00
0.25,187,6,0.03,576,"179,669",18,"33,807",0.16,1.00,1.00
0.26,229,4,0.02,805,"179,440",22,"33,803",0.16,1.00,1.00
0.27,386,20,0.05,"1,191","179,054",42,"33,783",0.16,1.00,0.99
0.28,412,19,0.04,"1,603","178,642",61,"33,764",0.16,1.00,0.99
0.29,"1,186",64,0.05,"2,789","177,456",125,"33,700",0.16,1.00,0.99
0.3,816,36,0.04,"3,605","176,640",161,"33,664",0.16,1.00,0.98
0.31,"1,606",92,0.05,"5,211","175,034",253,"33,572",0.16,0.99,0.97
0.32,"2,694",129,0.05,"7,905","172,340",382,"33,443",0.16,0.99,0.96
0.33,"1,914",114,0.06,"9,819","170,426",496,"33,329",0.16,0.99,0.95
0.34,"3,020",179,0.06,"12,839","167,406",675,"33,150",0.17,0.98,0.94
0.35,"2,911",179,0.06,"15,750","164,495",854,"32,971",0.17,0.97,0.92
0.36,"3,849",221,0.05,"19,599","160,646","1,075","32,750",0.17,0.97,0.90
0.37,"3,463",251,0.07,"23,062","157,183","1,326","32,499",0.17,0.96,0.89
0.38,"3,402",258,0.07,"26,464","153,781","1,584","32,241",0.17,0.95,0.87
0.39,"3,378",243,0.07,"29,842","150,403","1,827","31,998",0.18,0.95,0.85
0.4,"3,220",239,0.07,"33,062","147,183","2,066","31,759",0.18,0.94,0.84
0.41,"2,634",241,0.08,"35,696","144,549","2,307","31,518",0.18,0.93,0.82
0.42,"3,438",345,0.09,"39,134","141,111","2,652","31,173",0.18,0.92,0.80
0.43,"3,593",402,0.10,"42,727","137,518","3,054","30,771",0.18,0.91,0.79
0.44,"4,496",488,0.10,"47,223","133,022","3,542","30,283",0.19,0.90,0.76
0.45,"4,909",586,0.11,"52,132","128,113","4,128","29,697",0.19,0.88,0.74
0.46,"6,155",731,0.11,"58,287","121,958","4,859","28,966",0.19,0.86,0.71
0.47,"6,669",848,0.11,"64,956","115,289","5,707","28,118",0.20,0.83,0.67
0.48,"7,744","1,136",0.13,"72,700","107,545","6,843","26,982",0.20,0.80,0.63
0.49,"8,469","1,250",0.13,"81,169","99,076","8,093","25,732",0.21,0.76,0.58
0.5,"8,262","1,308",0.14,"89,431","90,814","9,401","24,424",0.21,0.72,0.54
0.51,"7,681","1,241",0.14,"97,112","83,133","10,642","23,183",0.22,0.69,0.50
0.52,"8,840","1,605",0.15,"105,952","74,293","12,247","21,578",0.23,0.64,0.45
0.53,"7,675","1,477",0.16,"113,627","66,618","13,724","20,101",0.23,0.59,0.41
0.54,"6,307","1,223",0.16,"119,934","60,311","14,947","18,878",0.24,0.56,0.37
0.55,"5,718","1,144",0.17,"125,652","54,593","16,091","17,734",0.25,0.52,0.34
0.56,"5,717","1,296",0.18,"131,369","48,876","17,387","16,438",0.25,0.49,0.31
0.57,"5,272","1,326",0.20,"136,641","43,604","18,713","15,112",0.26,0.45,0.27
0.58,"4,246","1,018",0.19,"140,887","39,358","19,731","14,094",0.26,0.42,0.25
0.59,"4,592","1,229",0.21,"145,479","34,766","20,960","12,865",0.27,0.38,0.22
0.6,"4,680","1,330",0.22,"150,159","30,086","22,290","11,535",0.28,0.34,0.19
0.61,"3,823","1,193",0.24,"153,982","26,263","23,483","10,342",0.28,0.31,0.17
0.62,"3,459","1,092",0.24,"157,441","22,804","24,575","9,250",0.29,0.27,0.15
0.63,"3,433","1,109",0.24,"160,874","19,371","25,684","8,141",0.30,0.24,0.13
0.64,"3,803","1,281",0.25,"164,677","15,568","26,965","6,860",0.31,0.20,0.10
0.65,"3,124","1,092",0.26,"167,801","12,444","28,057","5,768",0.32,0.17,0.09
0.66,"2,795","1,146",0.29,"170,596","9,649","29,203","4,622",0.32,0.14,0.07
0.67,"2,485","1,039",0.29,"173,081","7,164","30,242","3,583",0.33,0.11,0.05
0.68,"1,762",740,0.30,"174,843","5,402","30,982","2,843",0.34,0.08,0.04
0.69,"1,653",784,0.32,"176,496","3,749","31,766","2,059",0.35,0.06,0.03
0.7,"1,205",610,0.34,"177,701","2,544","32,376","1,449",0.36,0.04,0.02
0.71,873,435,0.33,"178,574","1,671","32,811","1,014",0.38,0.03,0.01
0.72,586,329,0.36,"179,160","1,085","33,140",685,0.39,0.02,0.01
0.73,409,261,0.39,"179,569",676,"33,401",424,0.39,0.01,0.01
0.74,265,157,0.37,"179,834",411,"33,558",267,0.39,0.01,0.00
0.75,167,132,0.44,"180,001",244,"33,690",135,0.36,0.00,0.00
0.76,109,67,0.38,"180,110",135,"33,757",68,0.33,0.00,0.00
0.77,65,34,0.34,"180,175",70,"33,791",34,0.33,0.00,0.00
0.78,33,17,0.34,"180,208",37,"33,808",17,0.31,0.00,0.00
0.79,19,4,0.17,"180,227",18,"33,812",13,0.42,0.00,0.00
0.8,8,6,0.43,"180,235",10,"33,818",7,0.41,0.00,0.00
0.81,5,2,0.29,"180,240",5,"33,820",5,0.50,0.00,0.00
0.82,0,2,1.00,"180,240",5,"33,822",3,0.38,0.00,0.00
0.83,2,1,0.33,"180,242",3,"33,823",2,0.40,0.00,0.00
0.84,1,1,0.50,"180,243",2,"33,824",1,0.33,0.00,0.00
0.85,1,1,0.50,"180,244",1,"33,825",0,0.00,0.00,0.00
0.86,1,0,0.00,"180,245",0,"33,825",0,nan,0.00,0.00
0.87,0,0,nan,"180,245",0,"33,825",0,nan,0.00,0.00
0.88,0,0,nan,"180,245",0,"33,825",0,nan,0.00,0.00
0.89,0,0,nan,"180,245",0,"33,825",0,nan,0.00,0.00
0.9,0,0,nan,"180,245",0,"33,825",0,nan,0.00,0.00
0.91,0,0,nan,"180,245",0,"33,825",0,nan,0.00,0.00
0.92,0,0,nan,"180,245",0,"33,825",0,nan,0.00,0.00
0.93,0,0,nan,"180,245",0,"33,825",0,nan,0.00,0.00
0.94,0,0,nan,"180,245",0,"33,825",0,nan,0.00,0.00
0.95,0,0,nan,"180,245",0,"33,825",0,nan,0.00,0.00
0.96,0,0,nan,"180,245",0,"33,825",0,nan,0.00,0.00
0.97,0,0,nan,"180,245",0,"33,825",0,nan,0.00,0.00
0.98,0,0,nan,"180,245",0,"33,825",0,nan,0.00,0.00
0.99,0,0,nan,"180,245",0,"33,825",0,nan,0.00,0.00
1.0,0,0,nan,"180,245",0,"33,825",0,nan,0.00,0.00
