p,Neg,Pos,mPrec,TN,FP,FN,TP,Prec,Rec,$\hat{p}$
0.0,"3,440",69,0.02,"3,440","176,805",69,"33,756",0.16,1.00,0.98
0.01,408,9,0.02,"3,848","176,397",78,"33,747",0.16,1.00,0.98
0.02,439,16,0.04,"4,287","175,958",94,"33,731",0.16,1.00,0.98
0.03,459,10,0.02,"4,746","175,499",104,"33,721",0.16,1.00,0.98
0.04,515,16,0.03,"5,261","174,984",120,"33,705",0.16,1.00,0.97
0.05,550,17,0.03,"5,811","174,434",137,"33,688",0.16,1.00,0.97
0.06,586,18,0.03,"6,397","173,848",155,"33,670",0.16,1.00,0.97
0.07,686,23,0.03,"7,083","173,162",178,"33,647",0.16,0.99,0.97
0.08,724,27,0.04,"7,807","172,438",205,"33,620",0.16,0.99,0.96
0.09,798,24,0.03,"8,605","171,640",229,"33,596",0.16,0.99,0.96
0.1,784,25,0.03,"9,389","170,856",254,"33,571",0.16,0.99,0.95
0.11,882,41,0.04,"10,271","169,974",295,"33,530",0.16,0.99,0.95
0.12,959,43,0.04,"11,230","169,015",338,"33,487",0.17,0.99,0.95
0.13,"1,046",48,0.04,"12,276","167,969",386,"33,439",0.17,0.99,0.94
0.14,"1,142",53,0.04,"13,418","166,827",439,"33,386",0.17,0.99,0.94
0.15,"1,200",58,0.05,"14,618","165,627",497,"33,328",0.17,0.99,0.93
0.16,"1,332",71,0.05,"15,950","164,295",568,"33,257",0.17,0.98,0.92
0.17,"1,331",69,0.05,"17,281","162,964",637,"33,188",0.17,0.98,0.92
0.18,"1,420",57,0.04,"18,701","161,544",694,"33,131",0.17,0.98,0.91
0.19,"1,524",90,0.06,"20,225","160,020",784,"33,041",0.17,0.98,0.90
0.2,"1,559",102,0.06,"21,784","158,461",886,"32,939",0.17,0.97,0.89
0.21,"1,631",78,0.05,"23,415","156,830",964,"32,861",0.17,0.97,0.89
0.22,"1,744",107,0.06,"25,159","155,086","1,071","32,754",0.17,0.97,0.88
0.23,"1,887",115,0.06,"27,046","153,199","1,186","32,639",0.18,0.96,0.87
0.24,"1,897",101,0.05,"28,943","151,302","1,287","32,538",0.18,0.96,0.86
0.25,"2,009",166,0.08,"30,952","149,293","1,453","32,372",0.18,0.96,0.85
0.26,"2,050",125,0.06,"33,002","147,243","1,578","32,247",0.18,0.95,0.84
0.27,"2,245",170,0.07,"35,247","144,998","1,748","32,077",0.18,0.95,0.83
0.28,"2,278",191,0.08,"37,525","142,720","1,939","31,886",0.18,0.94,0.82
0.29,"2,472",199,0.07,"39,997","140,248","2,138","31,687",0.18,0.94,0.80
0.3,"2,412",162,0.06,"42,409","137,836","2,300","31,525",0.19,0.93,0.79
0.31,"2,672",233,0.08,"45,081","135,164","2,533","31,292",0.19,0.93,0.78
0.32,"2,748",259,0.09,"47,829","132,416","2,792","31,033",0.19,0.92,0.76
0.33,"2,846",246,0.08,"50,675","129,570","3,038","30,787",0.19,0.91,0.75
0.34,"2,753",263,0.09,"53,428","126,817","3,301","30,524",0.19,0.90,0.73
0.35,"2,869",300,0.09,"56,297","123,948","3,601","30,224",0.20,0.89,0.72
0.36,"3,056",281,0.08,"59,353","120,892","3,882","29,943",0.20,0.89,0.70
0.37,"3,088",334,0.10,"62,441","117,804","4,216","29,609",0.20,0.88,0.69
0.38,"3,256",326,0.09,"65,697","114,548","4,542","29,283",0.20,0.87,0.67
0.39,"3,427",336,0.09,"69,124","111,121","4,878","28,947",0.21,0.86,0.65
0.4,"3,475",361,0.09,"72,599","107,646","5,239","28,586",0.21,0.85,0.64
0.41,"3,556",388,0.10,"76,155","104,090","5,627","28,198",0.21,0.83,0.62
0.42,"3,424",425,0.11,"79,579","100,666","6,052","27,773",0.22,0.82,0.60
0.43,"3,478",470,0.12,"83,057","97,188","6,522","27,303",0.22,0.81,0.58
0.44,"3,471",466,0.12,"86,528","93,717","6,988","26,837",0.22,0.79,0.56
0.45,"3,629",479,0.12,"90,157","90,088","7,467","26,358",0.23,0.78,0.54
0.46,"3,471",485,0.12,"93,628","86,617","7,952","25,873",0.23,0.76,0.53
0.47,"3,559",514,0.13,"97,187","83,058","8,466","25,359",0.23,0.75,0.51
0.48,"3,529",571,0.14,"100,716","79,529","9,037","24,788",0.24,0.73,0.49
0.49,"3,497",554,0.14,"104,213","76,032","9,591","24,234",0.24,0.72,0.47
0.5,"3,506",532,0.13,"107,719","72,526","10,123","23,702",0.25,0.70,0.45
0.51,"3,470",578,0.14,"111,189","69,056","10,701","23,124",0.25,0.68,0.43
0.52,"3,374",599,0.15,"114,563","65,682","11,300","22,525",0.26,0.67,0.41
0.53,"3,410",646,0.16,"117,973","62,272","11,946","21,879",0.26,0.65,0.39
0.54,"3,305",658,0.17,"121,278","58,967","12,604","21,221",0.26,0.63,0.37
0.55,"3,159",625,0.17,"124,437","55,808","13,229","20,596",0.27,0.61,0.36
0.56,"3,169",630,0.17,"127,606","52,639","13,859","19,966",0.27,0.59,0.34
0.57,"3,213",668,0.17,"130,819","49,426","14,527","19,298",0.28,0.57,0.32
0.58,"2,927",653,0.18,"133,746","46,499","15,180","18,645",0.29,0.55,0.30
0.59,"2,869",621,0.18,"136,615","43,630","15,801","18,024",0.29,0.53,0.29
0.6,"2,747",676,0.20,"139,362","40,883","16,477","17,348",0.30,0.51,0.27
0.61,"2,649",664,0.20,"142,011","38,234","17,141","16,684",0.30,0.49,0.26
0.62,"2,578",666,0.21,"144,589","35,656","17,807","16,018",0.31,0.47,0.24
0.63,"2,491",662,0.21,"147,080","33,165","18,469","15,356",0.32,0.45,0.23
0.64,"2,398",682,0.22,"149,478","30,767","19,151","14,674",0.32,0.43,0.21
0.65,"2,206",652,0.23,"151,684","28,561","19,803","14,022",0.33,0.41,0.20
0.66,"2,153",607,0.22,"153,837","26,408","20,410","13,415",0.34,0.40,0.19
0.67,"1,972",620,0.24,"155,809","24,436","21,030","12,795",0.34,0.38,0.17
0.68,"1,911",645,0.25,"157,720","22,525","21,675","12,150",0.35,0.36,0.16
0.69,"1,802",630,0.26,"159,522","20,723","22,305","11,520",0.36,0.34,0.15
0.7,"1,693",590,0.26,"161,215","19,030","22,895","10,930",0.36,0.32,0.14
0.71,"1,601",538,0.25,"162,816","17,429","23,433","10,392",0.37,0.31,0.13
0.72,"1,430",606,0.30,"164,246","15,999","24,039","9,786",0.38,0.29,0.12
0.73,"1,307",530,0.29,"165,553","14,692","24,569","9,256",0.39,0.27,0.11
0.74,"1,255",522,0.29,"166,808","13,437","25,091","8,734",0.39,0.26,0.10
0.75,"1,143",517,0.31,"167,951","12,294","25,608","8,217",0.40,0.24,0.10
0.76,"1,085",458,0.30,"169,036","11,209","26,066","7,759",0.41,0.23,0.09
0.77,"1,034",472,0.31,"170,070","10,175","26,538","7,287",0.42,0.22,0.08
0.78,890,493,0.36,"170,960","9,285","27,031","6,794",0.42,0.20,0.08
0.79,857,422,0.33,"171,817","8,428","27,453","6,372",0.43,0.19,0.07
0.8,799,384,0.32,"172,616","7,629","27,837","5,988",0.44,0.18,0.06
0.81,719,432,0.38,"173,335","6,910","28,269","5,556",0.45,0.16,0.06
0.82,678,389,0.36,"174,013","6,232","28,658","5,167",0.45,0.15,0.05
0.83,639,379,0.37,"174,652","5,593","29,037","4,788",0.46,0.14,0.05
0.84,555,350,0.39,"175,207","5,038","29,387","4,438",0.47,0.13,0.04
0.85,481,335,0.41,"175,688","4,557","29,722","4,103",0.47,0.12,0.04
0.86,502,348,0.41,"176,190","4,055","30,070","3,755",0.48,0.11,0.04
0.87,465,314,0.40,"176,655","3,590","30,384","3,441",0.49,0.10,0.03
0.88,431,345,0.44,"177,086","3,159","30,729","3,096",0.49,0.09,0.03
0.89,377,262,0.41,"177,463","2,782","30,991","2,834",0.50,0.08,0.03
0.9,368,302,0.45,"177,831","2,414","31,293","2,532",0.51,0.07,0.02
0.91,330,272,0.45,"178,161","2,084","31,565","2,260",0.52,0.07,0.02
0.92,317,286,0.47,"178,478","1,767","31,851","1,974",0.53,0.06,0.02
0.93,233,238,0.51,"178,711","1,534","32,089","1,736",0.53,0.05,0.02
0.94,202,240,0.54,"178,913","1,332","32,329","1,496",0.53,0.04,0.01
0.95,211,213,0.50,"179,124","1,121","32,542","1,283",0.53,0.04,0.01
0.96,196,181,0.48,"179,320",925,"32,723","1,102",0.54,0.03,0.01
0.97,168,161,0.49,"179,488",757,"32,884",941,0.55,0.03,0.01
0.98,146,159,0.52,"179,634",611,"33,043",782,0.56,0.02,0.01
0.99,114,115,0.50,"179,748",497,"33,158",667,0.57,0.02,0.01
1.0,497,667,0.57,"180,245",0,"33,825",0,nan,0.00,0.00
