p,Neg,Pos,mPrec,TN,FP,FN,TP,Prec,Rec,$\hat{p}$
0.0,"4,507",101,0.02,"4,507","175,738",101,"33,724",0.16,1.00,0.98
0.01,481,10,0.02,"4,988","175,257",111,"33,714",0.16,1.00,0.98
0.02,515,13,0.02,"5,503","174,742",124,"33,701",0.16,1.00,0.97
0.03,513,20,0.04,"6,016","174,229",144,"33,681",0.16,1.00,0.97
0.04,579,17,0.03,"6,595","173,650",161,"33,664",0.16,1.00,0.97
0.05,641,24,0.04,"7,236","173,009",185,"33,640",0.16,0.99,0.97
0.06,731,23,0.03,"7,967","172,278",208,"33,617",0.16,0.99,0.96
0.07,755,26,0.03,"8,722","171,523",234,"33,591",0.16,0.99,0.96
0.08,754,24,0.03,"9,476","170,769",258,"33,567",0.16,0.99,0.95
0.09,849,40,0.04,"10,325","169,920",298,"33,527",0.16,0.99,0.95
0.1,905,40,0.04,"11,230","169,015",338,"33,487",0.17,0.99,0.95
0.11,991,47,0.05,"12,221","168,024",385,"33,440",0.17,0.99,0.94
0.12,"1,084",44,0.04,"13,305","166,940",429,"33,396",0.17,0.99,0.94
0.13,"1,107",61,0.05,"14,412","165,833",490,"33,335",0.17,0.99,0.93
0.14,"1,262",66,0.05,"15,674","164,571",556,"33,269",0.17,0.98,0.92
0.15,"1,269",69,0.05,"16,943","163,302",625,"33,200",0.17,0.98,0.92
0.16,"1,334",49,0.04,"18,277","161,968",674,"33,151",0.17,0.98,0.91
0.17,"1,409",78,0.05,"19,686","160,559",752,"33,073",0.17,0.98,0.90
0.18,"1,411",90,0.06,"21,097","159,148",842,"32,983",0.17,0.98,0.90
0.19,"1,559",89,0.05,"22,656","157,589",931,"32,894",0.17,0.97,0.89
0.2,"1,590",79,0.05,"24,246","155,999","1,010","32,815",0.17,0.97,0.88
0.21,"1,768",110,0.06,"26,014","154,231","1,120","32,705",0.17,0.97,0.87
0.22,"1,771",102,0.05,"27,785","152,460","1,222","32,603",0.18,0.96,0.86
0.23,"1,814",112,0.06,"29,599","150,646","1,334","32,491",0.18,0.96,0.86
0.24,"1,976",160,0.07,"31,575","148,670","1,494","32,331",0.18,0.96,0.85
0.25,"1,992",113,0.05,"33,567","146,678","1,607","32,218",0.18,0.95,0.84
0.26,"2,126",179,0.08,"35,693","144,552","1,786","32,039",0.18,0.95,0.82
0.27,"2,224",188,0.08,"37,917","142,328","1,974","31,851",0.18,0.94,0.81
0.28,"2,285",177,0.07,"40,202","140,043","2,151","31,674",0.18,0.94,0.80
0.29,"2,327",160,0.06,"42,529","137,716","2,311","31,514",0.19,0.93,0.79
0.3,"2,552",222,0.08,"45,081","135,164","2,533","31,292",0.19,0.93,0.78
0.31,"2,610",248,0.09,"47,691","132,554","2,781","31,044",0.19,0.92,0.76
0.32,"2,684",232,0.08,"50,375","129,870","3,013","30,812",0.19,0.91,0.75
0.33,"2,651",254,0.09,"53,026","127,219","3,267","30,558",0.19,0.90,0.74
0.34,"2,702",269,0.09,"55,728","124,517","3,536","30,289",0.20,0.90,0.72
0.35,"2,816",279,0.09,"58,544","121,701","3,815","30,010",0.20,0.89,0.71
0.36,"2,967",307,0.09,"61,511","118,734","4,122","29,703",0.20,0.88,0.69
0.37,"3,021",305,0.09,"64,532","115,713","4,427","29,398",0.20,0.87,0.68
0.38,"3,222",316,0.09,"67,754","112,491","4,743","29,082",0.21,0.86,0.66
0.39,"3,320",317,0.09,"71,074","109,171","5,060","28,765",0.21,0.85,0.64
0.4,"3,345",348,0.09,"74,419","105,826","5,408","28,417",0.21,0.84,0.63
0.41,"3,254",423,0.12,"77,673","102,572","5,831","27,994",0.21,0.83,0.61
0.42,"3,255",400,0.11,"80,928","99,317","6,231","27,594",0.22,0.82,0.59
0.43,"3,328",441,0.12,"84,256","95,989","6,672","27,153",0.22,0.80,0.58
0.44,"3,401",465,0.12,"87,657","92,588","7,137","26,688",0.22,0.79,0.56
0.45,"3,358",435,0.11,"91,015","89,230","7,572","26,253",0.23,0.78,0.54
0.46,"3,347",480,0.13,"94,362","85,883","8,052","25,773",0.23,0.76,0.52
0.47,"3,373",500,0.13,"97,735","82,510","8,552","25,273",0.23,0.75,0.50
0.48,"3,315",545,0.14,"101,050","79,195","9,097","24,728",0.24,0.73,0.49
0.49,"3,346",512,0.13,"104,396","75,849","9,609","24,216",0.24,0.72,0.47
0.5,"3,323",514,0.13,"107,719","72,526","10,123","23,702",0.25,0.70,0.45
0.51,"3,279",555,0.14,"110,998","69,247","10,678","23,147",0.25,0.68,0.43
0.52,"3,203",558,0.15,"114,201","66,044","11,236","22,589",0.25,0.67,0.41
0.53,"3,267",604,0.16,"117,468","62,777","11,840","21,985",0.26,0.65,0.40
0.54,"3,159",631,0.17,"120,627","59,618","12,471","21,354",0.26,0.63,0.38
0.55,"3,036",601,0.17,"123,663","56,582","13,072","20,753",0.27,0.61,0.36
0.56,"3,015",600,0.17,"126,678","53,567","13,672","20,153",0.27,0.60,0.34
0.57,"3,029",623,0.17,"129,707","50,538","14,295","19,530",0.28,0.58,0.33
0.58,"2,901",639,0.18,"132,608","47,637","14,934","18,891",0.28,0.56,0.31
0.59,"2,730",593,0.18,"135,338","44,907","15,527","18,298",0.29,0.54,0.30
0.6,"2,715",616,0.18,"138,053","42,192","16,143","17,682",0.30,0.52,0.28
0.61,"2,543",635,0.20,"140,596","39,649","16,778","17,047",0.30,0.50,0.26
0.62,"2,513",637,0.20,"143,109","37,136","17,415","16,410",0.31,0.49,0.25
0.63,"2,380",626,0.21,"145,489","34,756","18,041","15,784",0.31,0.47,0.24
0.64,"2,331",634,0.21,"147,820","32,425","18,675","15,150",0.32,0.45,0.22
0.65,"2,246",630,0.22,"150,066","30,179","19,305","14,520",0.32,0.43,0.21
0.66,"2,032",612,0.23,"152,098","28,147","19,917","13,908",0.33,0.41,0.20
0.67,"2,045",589,0.22,"154,143","26,102","20,506","13,319",0.34,0.39,0.18
0.68,"1,852",600,0.24,"155,995","24,250","21,106","12,719",0.34,0.38,0.17
0.69,"1,805",607,0.25,"157,800","22,445","21,713","12,112",0.35,0.36,0.16
0.7,"1,722",592,0.26,"159,522","20,723","22,305","11,520",0.36,0.34,0.15
0.71,"1,624",556,0.26,"161,146","19,099","22,861","10,964",0.36,0.32,0.14
0.72,"1,515",518,0.25,"162,661","17,584","23,379","10,446",0.37,0.31,0.13
0.73,"1,357",576,0.30,"164,018","16,227","23,955","9,870",0.38,0.29,0.12
0.74,"1,287",515,0.29,"165,305","14,940","24,470","9,355",0.39,0.28,0.11
0.75,"1,161",492,0.30,"166,466","13,779","24,962","8,863",0.39,0.26,0.11
0.76,"1,155",492,0.30,"167,621","12,624","25,454","8,371",0.40,0.25,0.10
0.77,"1,037",444,0.30,"168,658","11,587","25,898","7,927",0.41,0.23,0.09
0.78,996,456,0.31,"169,654","10,591","26,354","7,471",0.41,0.22,0.08
0.79,924,452,0.33,"170,578","9,667","26,806","7,019",0.42,0.21,0.08
0.8,799,428,0.35,"171,377","8,868","27,234","6,591",0.43,0.19,0.07
0.81,817,405,0.33,"172,194","8,051","27,639","6,186",0.43,0.18,0.07
0.82,717,394,0.35,"172,911","7,334","28,033","5,792",0.44,0.17,0.06
0.83,683,382,0.36,"173,594","6,651","28,415","5,410",0.45,0.16,0.06
0.84,624,374,0.37,"174,218","6,027","28,789","5,036",0.46,0.15,0.05
0.85,575,332,0.37,"174,793","5,452","29,121","4,704",0.46,0.14,0.05
0.86,498,329,0.40,"175,291","4,954","29,450","4,375",0.47,0.13,0.04
0.87,463,323,0.41,"175,754","4,491","29,773","4,052",0.47,0.12,0.04
0.88,485,334,0.41,"176,239","4,006","30,107","3,718",0.48,0.11,0.04
0.89,441,294,0.40,"176,680","3,565","30,401","3,424",0.49,0.10,0.03
0.9,406,328,0.45,"177,086","3,159","30,729","3,096",0.49,0.09,0.03
0.91,365,248,0.40,"177,451","2,794","30,977","2,848",0.50,0.08,0.03
0.92,330,290,0.47,"177,781","2,464","31,267","2,558",0.51,0.08,0.02
0.93,329,261,0.44,"178,110","2,135","31,528","2,297",0.52,0.07,0.02
0.94,307,260,0.46,"178,417","1,828","31,788","2,037",0.53,0.06,0.02
0.95,234,245,0.51,"178,651","1,594","32,033","1,792",0.53,0.05,0.02
0.96,216,233,0.52,"178,867","1,378","32,266","1,559",0.53,0.05,0.01
0.97,172,205,0.54,"179,039","1,206","32,471","1,354",0.53,0.04,0.01
0.98,217,176,0.45,"179,256",989,"32,647","1,178",0.54,0.03,0.01
0.99,168,175,0.51,"179,424",821,"32,822","1,003",0.55,0.03,0.01
1.0,821,"1,003",0.55,"180,245",0,"33,825",0,nan,0.00,0.00
