p,Neg,Pos,mPrec,TN,FP,FN,TP,Prec,Rec,$\hat{p}$
0.0,1,0,0.00,1,"180,244",0,"33,825",0.16,1.00,1.00
0.01,120,0,0.00,121,"180,124",0,"33,825",0.16,1.00,1.00
0.02,213,1,0.00,334,"179,911",1,"33,824",0.16,1.00,1.00
0.03,335,3,0.01,669,"179,576",4,"33,821",0.16,1.00,1.00
0.04,478,2,0.00,"1,147","179,098",6,"33,819",0.16,1.00,0.99
0.05,687,1,0.00,"1,834","178,411",7,"33,818",0.16,1.00,0.99
0.06,924,5,0.01,"2,758","177,487",12,"33,813",0.16,1.00,0.99
0.07,"1,053",12,0.01,"3,811","176,434",24,"33,801",0.16,1.00,0.98
0.08,"1,231",12,0.01,"5,042","175,203",36,"33,789",0.16,1.00,0.98
0.09,"1,399",9,0.01,"6,441","173,804",45,"33,780",0.16,1.00,0.97
0.1,"1,483",21,0.01,"7,924","172,321",66,"33,759",0.16,1.00,0.96
0.11,"1,619",24,0.01,"9,543","170,702",90,"33,735",0.17,1.00,0.96
0.12,"1,797",29,0.02,"11,340","168,905",119,"33,706",0.17,1.00,0.95
0.13,"1,956",35,0.02,"13,296","166,949",154,"33,671",0.17,1.00,0.94
0.14,"2,086",36,0.02,"15,382","164,863",190,"33,635",0.17,0.99,0.93
0.15,"2,293",55,0.02,"17,675","162,570",245,"33,580",0.17,0.99,0.92
0.16,"2,295",50,0.02,"19,970","160,275",295,"33,530",0.17,0.99,0.91
0.17,"2,449",65,0.03,"22,419","157,826",360,"33,465",0.17,0.99,0.89
0.18,"2,459",77,0.03,"24,878","155,367",437,"33,388",0.18,0.99,0.88
0.19,"2,604",83,0.03,"27,482","152,763",520,"33,305",0.18,0.98,0.87
0.2,"2,682",96,0.03,"30,164","150,081",616,"33,209",0.18,0.98,0.86
0.21,"2,771",87,0.03,"32,935","147,310",703,"33,122",0.18,0.98,0.84
0.22,"2,879",113,0.04,"35,814","144,431",816,"33,009",0.19,0.98,0.83
0.23,"2,890",113,0.04,"38,704","141,541",929,"32,896",0.19,0.97,0.81
0.24,"2,917",141,0.05,"41,621","138,624","1,070","32,755",0.19,0.97,0.80
0.25,"3,033",153,0.05,"44,654","135,591","1,223","32,602",0.19,0.96,0.79
0.26,"3,147",134,0.04,"47,801","132,444","1,357","32,468",0.20,0.96,0.77
0.27,"3,112",197,0.06,"50,913","129,332","1,554","32,271",0.20,0.95,0.75
0.28,"3,104",176,0.05,"54,017","126,228","1,730","32,095",0.20,0.95,0.74
0.29,"3,166",195,0.06,"57,183","123,062","1,925","31,900",0.21,0.94,0.72
0.3,"3,312",211,0.06,"60,495","119,750","2,136","31,689",0.21,0.94,0.71
0.31,"3,225",248,0.07,"63,720","116,525","2,384","31,441",0.21,0.93,0.69
0.32,"3,385",245,0.07,"67,105","113,140","2,629","31,196",0.22,0.92,0.67
0.33,"3,334",246,0.07,"70,439","109,806","2,875","30,950",0.22,0.92,0.66
0.34,"3,312",292,0.08,"73,751","106,494","3,167","30,658",0.22,0.91,0.64
0.35,"3,454",306,0.08,"77,205","103,040","3,473","30,352",0.23,0.90,0.62
0.36,"3,394",330,0.09,"80,599","99,646","3,803","30,022",0.23,0.89,0.61
0.37,"3,445",332,0.09,"84,044","96,201","4,135","29,690",0.24,0.88,0.59
0.38,"3,340",334,0.09,"87,384","92,861","4,469","29,356",0.24,0.87,0.57
0.39,"3,443",370,0.10,"90,827","89,418","4,839","28,986",0.24,0.86,0.55
0.4,"3,326",398,0.11,"94,153","86,092","5,237","28,588",0.25,0.85,0.54
0.41,"3,299",377,0.10,"97,452","82,793","5,614","28,211",0.25,0.83,0.52
0.42,"3,332",385,0.10,"100,784","79,461","5,999","27,826",0.26,0.82,0.50
0.43,"3,298",438,0.12,"104,082","76,163","6,437","27,388",0.26,0.81,0.48
0.44,"3,285",438,0.12,"107,367","72,878","6,875","26,950",0.27,0.80,0.47
0.45,"3,167",491,0.13,"110,534","69,711","7,366","26,459",0.28,0.78,0.45
0.46,"3,138",492,0.14,"113,672","66,573","7,858","25,967",0.28,0.77,0.43
0.47,"3,136",497,0.14,"116,808","63,437","8,355","25,470",0.29,0.75,0.42
0.48,"3,000",525,0.15,"119,808","60,437","8,880","24,945",0.29,0.74,0.40
0.49,"3,056",549,0.15,"122,864","57,381","9,429","24,396",0.30,0.72,0.38
0.5,"2,951",525,0.15,"125,815","54,430","9,954","23,871",0.30,0.71,0.37
0.51,"2,936",569,0.16,"128,751","51,494","10,523","23,302",0.31,0.69,0.35
0.52,"2,760",586,0.18,"131,511","48,734","11,109","22,716",0.32,0.67,0.33
0.53,"2,916",604,0.17,"134,427","45,818","11,713","22,112",0.33,0.65,0.32
0.54,"2,658",583,0.18,"137,085","43,160","12,296","21,529",0.33,0.64,0.30
0.55,"2,726",603,0.18,"139,811","40,434","12,899","20,926",0.34,0.62,0.29
0.56,"2,559",655,0.20,"142,370","37,875","13,554","20,271",0.35,0.60,0.27
0.57,"2,493",572,0.19,"144,863","35,382","14,126","19,699",0.36,0.58,0.26
0.58,"2,367",624,0.21,"147,230","33,015","14,750","19,075",0.37,0.56,0.24
0.59,"2,281",666,0.23,"149,511","30,734","15,416","18,409",0.37,0.54,0.23
0.6,"2,210",688,0.24,"151,721","28,524","16,104","17,721",0.38,0.52,0.22
0.61,"2,234",706,0.24,"153,955","26,290","16,810","17,015",0.39,0.50,0.20
0.62,"2,084",683,0.25,"156,039","24,206","17,493","16,332",0.40,0.48,0.19
0.63,"1,998",679,0.25,"158,037","22,208","18,172","15,653",0.41,0.46,0.18
0.64,"1,924",701,0.27,"159,961","20,284","18,873","14,952",0.42,0.44,0.16
0.65,"1,725",677,0.28,"161,686","18,559","19,550","14,275",0.43,0.42,0.15
0.66,"1,807",712,0.28,"163,493","16,752","20,262","13,563",0.45,0.40,0.14
0.67,"1,635",694,0.30,"165,128","15,117","20,956","12,869",0.46,0.38,0.13
0.68,"1,552",705,0.31,"166,680","13,565","21,661","12,164",0.47,0.36,0.12
0.69,"1,448",709,0.33,"168,128","12,117","22,370","11,455",0.49,0.34,0.11
0.7,"1,285",674,0.34,"169,413","10,832","23,044","10,781",0.50,0.32,0.10
0.71,"1,158",657,0.36,"170,571","9,674","23,701","10,124",0.51,0.30,0.09
0.72,"1,101",652,0.37,"171,672","8,573","24,353","9,472",0.52,0.28,0.08
0.73,"1,004",700,0.41,"172,676","7,569","25,053","8,772",0.54,0.26,0.08
0.74,945,662,0.41,"173,621","6,624","25,715","8,110",0.55,0.24,0.07
0.75,856,649,0.43,"174,477","5,768","26,364","7,461",0.56,0.22,0.06
0.76,762,608,0.44,"175,239","5,006","26,972","6,853",0.58,0.20,0.06
0.77,679,570,0.46,"175,918","4,327","27,542","6,283",0.59,0.19,0.05
0.78,607,513,0.46,"176,525","3,720","28,055","5,770",0.61,0.17,0.04
0.79,532,505,0.49,"177,057","3,188","28,560","5,265",0.62,0.16,0.04
0.8,476,494,0.51,"177,533","2,712","29,054","4,771",0.64,0.14,0.03
0.81,420,453,0.52,"177,953","2,292","29,507","4,318",0.65,0.13,0.03
0.82,352,465,0.57,"178,305","1,940","29,972","3,853",0.67,0.11,0.03
0.83,306,387,0.56,"178,611","1,634","30,359","3,466",0.68,0.10,0.02
0.84,255,376,0.60,"178,866","1,379","30,735","3,090",0.69,0.09,0.02
0.85,246,348,0.59,"179,112","1,133","31,083","2,742",0.71,0.08,0.02
0.86,194,325,0.63,"179,306",939,"31,408","2,417",0.72,0.07,0.02
0.87,189,336,0.64,"179,495",750,"31,744","2,081",0.74,0.06,0.01
0.88,143,315,0.69,"179,638",607,"32,059","1,766",0.74,0.05,0.01
0.89,153,329,0.68,"179,791",454,"32,388","1,437",0.76,0.04,0.01
0.9,116,290,0.71,"179,907",338,"32,678","1,147",0.77,0.03,0.01
0.91,107,294,0.73,"180,014",231,"32,972",853,0.79,0.03,0.01
0.92,73,245,0.77,"180,087",158,"33,217",608,0.79,0.02,0.00
0.93,56,185,0.77,"180,143",102,"33,402",423,0.81,0.01,0.00
0.94,47,179,0.79,"180,190",55,"33,581",244,0.82,0.01,0.00
0.95,27,116,0.81,"180,217",28,"33,697",128,0.82,0.00,0.00
0.96,17,65,0.79,"180,234",11,"33,762",63,0.85,0.00,0.00
0.97,7,42,0.86,"180,241",4,"33,804",21,0.84,0.00,0.00
0.98,3,14,0.82,"180,244",1,"33,818",7,0.88,0.00,0.00
0.99,0,5,1.00,"180,244",1,"33,823",2,0.67,0.00,0.00
1.0,1,2,0.67,"180,245",0,"33,825",0,nan,0.00,0.00
