p,Neg,Pos,mPrec,TN,FP,FN,TP,Prec,Rec,$\hat{p}$
0.0,"1,803",34,0.02,"1,803","178,442",34,"33,791",0.16,1.00,0.99
0.1,"7,148",222,0.03,"8,951","171,294",256,"33,569",0.16,0.99,0.96
0.2,"17,521",883,0.05,"26,472","153,773","1,139","32,686",0.18,0.97,0.87
0.3,"28,949","2,271",0.07,"55,421","124,824","3,410","30,415",0.20,0.90,0.73
0.4,"35,881","4,089",0.10,"91,302","88,943","7,499","26,326",0.23,0.78,0.54
0.5,"33,949","5,619",0.14,"125,251","54,994","13,118","20,707",0.27,0.61,0.35
0.6,"25,279","6,053",0.19,"150,530","29,715","19,171","14,654",0.33,0.43,0.21
0.7,"15,435","5,316",0.26,"165,965","14,280","24,487","9,338",0.40,0.28,0.11
0.8,"8,139","4,020",0.33,"174,104","6,141","28,507","5,318",0.46,0.16,0.05
0.9,"4,335","3,117",0.42,"178,439","1,806","31,624","2,201",0.55,0.07,0.02
1.0,"1,806","2,201",0.55,"180,245",0,"33,825",0,nan,0.00,0.00
