p,Neg,Pos,mPrec,TN,FP,FN,TP,Prec,Rec,FP/P,$\hat{p}$
0.0,"15,021",246,0.02,"15,021","585,794",246,"112,505",0.16,1.00,5.20,0.98
0.05,"67,167","2,587",0.04,"82,188","518,627","2,833","109,918",0.17,0.97,4.60,0.88
0.1,"119,505","8,839",0.07,"201,693","399,122","11,672","101,079",0.20,0.90,3.54,0.70
0.15,"121,985","16,901",0.12,"323,678","277,137","28,573","84,178",0.23,0.75,2.46,0.51
0.2,"80,860","15,249",0.16,"404,538","196,277","43,822","68,929",0.26,0.61,1.74,0.37
0.25,"56,587","12,655",0.18,"461,125","139,690","56,477","56,274",0.29,0.50,1.24,0.27
0.3,"34,636","9,858",0.22,"495,761","105,054","66,335","46,416",0.31,0.41,0.93,0.21
0.35,"19,884","4,867",0.20,"515,645","85,170","71,202","41,549",0.33,0.37,0.76,0.18
0.4,"15,473","4,230",0.21,"531,118","69,697","75,432","37,319",0.35,0.33,0.62,0.15
0.45,"10,761","4,036",0.27,"541,879","58,936","79,468","33,283",0.36,0.30,0.52,0.13
0.5,"8,212","2,991",0.27,"550,091","50,724","82,459","30,292",0.37,0.27,0.45,0.11
0.55,"5,942","2,265",0.28,"556,033","44,782","84,724","28,027",0.38,0.25,0.40,0.10
0.6,"4,177","1,511",0.27,"560,210","40,605","86,235","26,516",0.40,0.24,0.36,0.09
0.65,"4,310","1,445",0.25,"564,520","36,295","87,680","25,071",0.41,0.22,0.32,0.09
0.7,"5,835","2,393",0.29,"570,355","30,460","90,073","22,678",0.43,0.20,0.27,0.07
0.75,"7,777","4,129",0.35,"578,132","22,683","94,202","18,549",0.45,0.16,0.20,0.06
0.8,"7,557","4,733",0.39,"585,689","15,126","98,935","13,816",0.48,0.12,0.13,0.04
0.85,"5,766","4,289",0.43,"591,455","9,360","103,224","9,527",0.50,0.08,0.08,0.03
0.9,"4,096","3,277",0.44,"595,551","5,264","106,501","6,250",0.54,0.06,0.05,0.02
0.95,"2,552","2,160",0.46,"598,103","2,712","108,661","4,090",0.60,0.04,0.02,0.01
1.0,"2,712","4,090",0.60,"600,815",0,"112,751",0,nan,0.00,0.00,0.00
