p,Neg,Pos,mPrec,TN,FP,FN,TP,Prec,Rec,$\hat{p}$
0.0,1,0,0.00,1,"180,244",0,"33,825",0.16,1.00,1.00
0.01,1,0,0.00,2,"180,243",0,"33,825",0.16,1.00,1.00
0.02,2,0,0.00,4,"180,241",0,"33,825",0.16,1.00,1.00
0.03,13,0,0.00,17,"180,228",0,"33,825",0.16,1.00,1.00
0.04,31,3,0.09,48,"180,197",3,"33,822",0.16,1.00,1.00
0.05,72,4,0.05,120,"180,125",7,"33,818",0.16,1.00,1.00
0.06,86,8,0.09,206,"180,039",15,"33,810",0.16,1.00,1.00
0.07,164,14,0.08,370,"179,875",29,"33,796",0.16,1.00,1.00
0.08,284,19,0.06,654,"179,591",48,"33,777",0.16,1.00,1.00
0.09,429,30,0.07,"1,083","179,162",78,"33,747",0.16,1.00,0.99
0.1,695,61,0.08,"1,778","178,467",139,"33,686",0.16,1.00,0.99
0.11,"1,021",98,0.09,"2,799","177,446",237,"33,588",0.16,0.99,0.99
0.12,"1,329",147,0.10,"4,128","176,117",384,"33,441",0.16,0.99,0.98
0.13,"1,797",205,0.10,"5,925","174,320",589,"33,236",0.16,0.98,0.97
0.14,"2,222",275,0.11,"8,147","172,098",864,"32,961",0.16,0.97,0.96
0.15,"2,683",324,0.11,"10,830","169,415","1,188","32,637",0.16,0.96,0.94
0.16,"3,064",392,0.11,"13,894","166,351","1,580","32,245",0.16,0.95,0.93
0.17,"3,412",470,0.12,"17,306","162,939","2,050","31,775",0.16,0.94,0.91
0.18,"4,114",602,0.13,"21,420","158,825","2,652","31,173",0.16,0.92,0.89
0.19,"5,096",650,0.11,"26,516","153,729","3,302","30,523",0.17,0.90,0.86
0.2,"6,476",836,0.11,"32,992","147,253","4,138","29,687",0.17,0.88,0.83
0.21,"8,345","1,122",0.12,"41,337","138,908","5,260","28,565",0.17,0.84,0.78
0.22,"9,695","1,282",0.12,"51,032","129,213","6,542","27,283",0.17,0.81,0.73
0.23,"11,924","1,675",0.12,"62,956","117,289","8,217","25,608",0.18,0.76,0.67
0.24,"12,939","1,954",0.13,"75,895","104,350","10,171","23,654",0.18,0.70,0.60
0.25,"13,113","2,121",0.14,"89,008","91,237","12,292","21,533",0.19,0.64,0.53
0.26,"13,717","2,181",0.14,"102,725","77,520","14,473","19,352",0.20,0.57,0.45
0.27,"12,489","2,204",0.15,"115,214","65,031","16,677","17,148",0.21,0.51,0.38
0.28,"12,043","2,072",0.15,"127,257","52,988","18,749","15,076",0.22,0.45,0.32
0.29,"9,905","2,037",0.17,"137,162","43,083","20,786","13,039",0.23,0.39,0.26
0.3,"8,104","1,846",0.19,"145,266","34,979","22,632","11,193",0.24,0.33,0.22
0.31,"5,638","1,495",0.21,"150,904","29,341","24,127","9,698",0.25,0.29,0.18
0.32,"4,520","1,281",0.22,"155,424","24,821","25,408","8,417",0.25,0.25,0.16
0.33,"3,714","1,071",0.22,"159,138","21,107","26,479","7,346",0.26,0.22,0.13
0.34,"3,126",965,0.24,"162,264","17,981","27,444","6,381",0.26,0.19,0.11
0.35,"2,845",898,0.24,"165,109","15,136","28,342","5,483",0.27,0.16,0.10
0.36,"2,411",817,0.25,"167,520","12,725","29,159","4,666",0.27,0.14,0.08
0.37,"2,053",695,0.25,"169,573","10,672","29,854","3,971",0.27,0.12,0.07
0.38,"1,905",599,0.24,"171,478","8,767","30,453","3,372",0.28,0.10,0.06
0.39,"1,691",511,0.23,"173,169","7,076","30,964","2,861",0.29,0.08,0.05
0.4,"1,457",471,0.24,"174,626","5,619","31,435","2,390",0.30,0.07,0.04
0.41,"1,199",401,0.25,"175,825","4,420","31,836","1,989",0.31,0.06,0.03
0.42,"1,034",376,0.27,"176,859","3,386","32,212","1,613",0.32,0.05,0.02
0.43,778,312,0.29,"177,637","2,608","32,524","1,301",0.33,0.04,0.02
0.44,521,246,0.32,"178,158","2,087","32,770","1,055",0.34,0.03,0.01
0.45,458,210,0.31,"178,616","1,629","32,980",845,0.34,0.02,0.01
0.46,406,193,0.32,"179,022","1,223","33,173",652,0.35,0.02,0.01
0.47,309,171,0.36,"179,331",914,"33,344",481,0.34,0.01,0.01
0.48,240,106,0.31,"179,571",674,"33,450",375,0.36,0.01,0.00
0.49,172,82,0.32,"179,743",502,"33,532",293,0.37,0.01,0.00
0.5,127,57,0.31,"179,870",375,"33,589",236,0.39,0.01,0.00
0.51,101,58,0.36,"179,971",274,"33,647",178,0.39,0.01,0.00
0.52,67,32,0.32,"180,038",207,"33,679",146,0.41,0.00,0.00
0.53,53,30,0.36,"180,091",154,"33,709",116,0.43,0.00,0.00
0.54,32,23,0.42,"180,123",122,"33,732",93,0.43,0.00,0.00
0.55,29,24,0.45,"180,152",93,"33,756",69,0.43,0.00,0.00
0.56,19,26,0.58,"180,171",74,"33,782",43,0.37,0.00,0.00
0.57,17,4,0.19,"180,188",57,"33,786",39,0.41,0.00,0.00
0.58,16,8,0.33,"180,204",41,"33,794",31,0.43,0.00,0.00
0.59,10,3,0.23,"180,214",31,"33,797",28,0.47,0.00,0.00
0.6,9,10,0.53,"180,223",22,"33,807",18,0.45,0.00,0.00
0.61,10,5,0.33,"180,233",12,"33,812",13,0.52,0.00,0.00
0.62,1,6,0.86,"180,234",11,"33,818",7,0.39,0.00,0.00
0.63,2,1,0.33,"180,236",9,"33,819",6,0.40,0.00,0.00
0.64,0,2,1.00,"180,236",9,"33,821",4,0.31,0.00,0.00
0.65,0,0,nan,"180,236",9,"33,821",4,0.31,0.00,0.00
0.66,1,0,0.00,"180,237",8,"33,821",4,0.33,0.00,0.00
0.67,0,1,1.00,"180,237",8,"33,822",3,0.27,0.00,0.00
0.68,1,0,0.00,"180,238",7,"33,822",3,0.30,0.00,0.00
0.69,1,0,0.00,"180,239",6,"33,822",3,0.33,0.00,0.00
0.7,0,0,nan,"180,239",6,"33,822",3,0.33,0.00,0.00
0.71,0,0,nan,"180,239",6,"33,822",3,0.33,0.00,0.00
0.72,1,0,0.00,"180,240",5,"33,822",3,0.38,0.00,0.00
0.73,0,0,nan,"180,240",5,"33,822",3,0.38,0.00,0.00
0.74,0,0,nan,"180,240",5,"33,822",3,0.38,0.00,0.00
0.75,0,1,1.00,"180,240",5,"33,823",2,0.29,0.00,0.00
0.76,1,0,0.00,"180,241",4,"33,823",2,0.33,0.00,0.00
0.77,0,0,nan,"180,241",4,"33,823",2,0.33,0.00,0.00
0.78,0,0,nan,"180,241",4,"33,823",2,0.33,0.00,0.00
0.79,0,0,nan,"180,241",4,"33,823",2,0.33,0.00,0.00
0.8,0,0,nan,"180,241",4,"33,823",2,0.33,0.00,0.00
0.81,0,0,nan,"180,241",4,"33,823",2,0.33,0.00,0.00
0.82,0,0,nan,"180,241",4,"33,823",2,0.33,0.00,0.00
0.83,0,0,nan,"180,241",4,"33,823",2,0.33,0.00,0.00
0.84,0,0,nan,"180,241",4,"33,823",2,0.33,0.00,0.00
0.85,0,0,nan,"180,241",4,"33,823",2,0.33,0.00,0.00
0.86,0,0,nan,"180,241",4,"33,823",2,0.33,0.00,0.00
0.87,0,1,1.00,"180,241",4,"33,824",1,0.20,0.00,0.00
0.88,1,0,0.00,"180,242",3,"33,824",1,0.25,0.00,0.00
0.89,0,0,nan,"180,242",3,"33,824",1,0.25,0.00,0.00
0.9,1,0,0.00,"180,243",2,"33,824",1,0.33,0.00,0.00
0.91,0,0,nan,"180,243",2,"33,824",1,0.33,0.00,0.00
0.92,0,0,nan,"180,243",2,"33,824",1,0.33,0.00,0.00
0.93,0,0,nan,"180,243",2,"33,824",1,0.33,0.00,0.00
0.94,0,0,nan,"180,243",2,"33,824",1,0.33,0.00,0.00
0.95,0,0,nan,"180,243",2,"33,824",1,0.33,0.00,0.00
0.96,0,0,nan,"180,243",2,"33,824",1,0.33,0.00,0.00
0.97,0,0,nan,"180,243",2,"33,824",1,0.33,0.00,0.00
0.98,0,0,nan,"180,243",2,"33,824",1,0.33,0.00,0.00
0.99,0,0,nan,"180,243",2,"33,824",1,0.33,0.00,0.00
1.0,2,1,0.33,"180,245",0,"33,825",0,nan,0.00,0.00
