p,Neg,Pos,mPrec,TN,FP,FN,TP,Prec,Rec,$\hat{p}$
0.0,"1,803",21,0.01,"1,803","178,442",21,"33,804",0.16,1.00,0.99
0.1,"7,057",124,0.02,"8,860","171,385",145,"33,680",0.16,1.00,0.96
0.2,"18,799",572,0.03,"27,659","152,586",717,"33,108",0.18,0.98,0.87
0.3,"33,166","1,895",0.05,"60,825","119,420","2,612","31,213",0.21,0.92,0.70
0.4,"41,818","4,520",0.10,"102,643","77,602","7,132","26,693",0.26,0.79,0.49
0.5,"36,624","6,868",0.16,"139,267","40,978","14,000","19,825",0.33,0.59,0.28
0.6,"23,163","7,396",0.24,"162,430","17,815","21,396","12,429",0.41,0.37,0.14
0.7,"11,078","5,921",0.35,"173,508","6,737","27,317","6,508",0.49,0.19,0.06
0.8,"4,540","3,732",0.45,"178,048","2,197","31,049","2,776",0.56,0.08,0.02
0.9,"1,617","1,712",0.51,"179,665",580,"32,761","1,064",0.65,0.03,0.01
1.0,580,"1,064",0.65,"180,245",0,"33,825",0,nan,0.00,0.00
