p,Neg,Pos,mPrec,TN,FP,FN,TP,Prec,Rec,FP/P,$\hat{p}$
0.0,1,0,0.00,1,"600,814",0,"112,751",0.16,1.00,5.328680011707213,1.00
0.05,26,5,0.16,27,"600,788",5,"112,746",0.16,1.00,5.328449415082793,1.00
0.1,320,49,0.13,347,"600,468",54,"112,697",0.16,1.00,5.325611302782237,1.00
0.15,"2,545",378,0.13,"2,892","597,923",432,"112,319",0.16,1.00,5.303039440891877,1.00
0.2,"9,570","1,394",0.13,"12,462","588,353","1,826","110,925",0.16,0.98,5.2181621449033715,0.98
0.25,"21,125","3,328",0.14,"33,587","567,228","5,154","107,597",0.16,0.95,5.030802387561973,0.95
0.3,"41,542","6,658",0.14,"75,129","525,686","11,812","100,939",0.16,0.90,4.662362196344157,0.88
0.35,"93,601","14,280",0.13,"168,730","432,085","26,092","86,659",0.17,0.77,3.83220547933056,0.73
0.4,"98,425","17,645",0.15,"267,155","333,660","43,737","69,014",0.17,0.61,2.959264219386081,0.56
0.45,"291,752","56,161",0.16,"558,907","41,908","99,898","12,853",0.23,0.11,0.3716862821615773,0.08
0.5,"30,885","8,474",0.22,"589,792","11,023","108,372","4,379",0.28,0.04,0.09776409965321815,0.02
0.55,"8,472","3,031",0.26,"598,264","2,551","111,403","1,348",0.35,0.01,0.0226250764959956,0.01
0.6,"2,247","1,171",0.34,"600,511",304,"112,574",177,0.37,0.00,0.002696206685528288,0.00
0.65,260,161,0.38,"600,771",44,"112,735",16,0.27,0.00,0.0003902404413264627,0.00
0.7,29,10,0.26,"600,800",15,"112,745",6,0.29,0.00,0.00013303651408856683,0.00
0.75,5,3,0.38,"600,805",10,"112,748",3,0.23,0.00,8.869100939237789e-05,0.00
0.8,2,0,0.00,"600,807",8,"112,748",3,0.27,0.00,7.095280751390231e-05,0.00
0.85,1,1,0.50,"600,808",7,"112,749",2,0.22,0.00,6.208370657466452e-05,0.00
0.9,5,0,0.00,"600,813",2,"112,749",2,0.50,0.00,1.7738201878475578e-05,0.00
0.95,0,0,nan,"600,813",2,"112,749",2,0.50,0.00,1.7738201878475578e-05,0.00
1.0,2,2,0.50,"600,815",0,"112,751",0,nan,0.00,0.0,0.00
