p,Neg,Pos,mPrec,TN,FP,FN,TP,Prec,Rec,$\hat{p}$
0.0,"4,507",66,0.01,"4,507","175,738",66,"33,759",0.16,1.00,0.98
0.1,"10,196",210,0.02,"14,703","165,542",276,"33,549",0.17,0.99,0.93
0.2,"20,728",781,0.04,"35,431","144,814","1,057","32,768",0.18,0.97,0.83
0.3,"31,224","2,020",0.06,"66,655","113,590","3,077","30,748",0.21,0.91,0.67
0.4,"36,561","4,136",0.10,"103,216","77,029","7,213","26,612",0.26,0.79,0.48
0.5,"32,440","5,905",0.15,"135,656","44,589","13,118","20,707",0.32,0.61,0.31
0.6,"22,258","6,507",0.23,"157,914","22,331","19,625","14,200",0.39,0.42,0.17
0.7,"12,456","5,688",0.31,"170,370","9,875","25,313","8,512",0.46,0.25,0.09
0.8,"5,978","4,158",0.41,"176,348","3,897","29,471","4,354",0.53,0.13,0.04
0.9,"2,495","2,373",0.49,"178,843","1,402","31,844","1,981",0.59,0.06,0.02
1.0,"1,402","1,981",0.59,"180,245",0,"33,825",0,nan,0.00,0.00
