p,Neg,Pos,mPrec,TN,FP,FN,TP,Prec,Rec,$\hat{p}$
0.0,1,0,0.00,1,"180,244",0,"33,825",0.16,1.00,1.00
0.01,1,0,0.00,2,"180,243",0,"33,825",0.16,1.00,1.00
0.02,3,0,0.00,5,"180,240",0,"33,825",0.16,1.00,1.00
0.03,4,0,0.00,9,"180,236",0,"33,825",0.16,1.00,1.00
0.04,8,0,0.00,17,"180,228",0,"33,825",0.16,1.00,1.00
0.05,8,0,0.00,25,"180,220",0,"33,825",0.16,1.00,1.00
0.06,19,0,0.00,44,"180,201",0,"33,825",0.16,1.00,1.00
0.07,26,0,0.00,70,"180,175",0,"33,825",0.16,1.00,1.00
0.08,43,0,0.00,113,"180,132",0,"33,825",0.16,1.00,1.00
0.09,67,0,0.00,180,"180,065",0,"33,825",0.16,1.00,1.00
0.1,78,1,0.01,258,"179,987",1,"33,824",0.16,1.00,1.00
0.11,127,1,0.01,385,"179,860",2,"33,823",0.16,1.00,1.00
0.12,162,1,0.01,547,"179,698",3,"33,822",0.16,1.00,1.00
0.13,229,3,0.01,776,"179,469",6,"33,819",0.16,1.00,1.00
0.14,340,7,0.02,"1,116","179,129",13,"33,812",0.16,1.00,0.99
0.15,391,5,0.01,"1,507","178,738",18,"33,807",0.16,1.00,0.99
0.16,475,6,0.01,"1,982","178,263",24,"33,801",0.16,1.00,0.99
0.17,611,7,0.01,"2,593","177,652",31,"33,794",0.16,1.00,0.99
0.18,741,11,0.01,"3,334","176,911",42,"33,783",0.16,1.00,0.98
0.19,870,16,0.02,"4,204","176,041",58,"33,767",0.16,1.00,0.98
0.2,"1,075",21,0.02,"5,279","174,966",79,"33,746",0.16,1.00,0.97
0.21,"1,336",18,0.01,"6,615","173,630",97,"33,728",0.16,1.00,0.97
0.22,"1,473",28,0.02,"8,088","172,157",125,"33,700",0.16,1.00,0.96
0.23,"1,712",38,0.02,"9,800","170,445",163,"33,662",0.16,1.00,0.95
0.24,"2,022",38,0.02,"11,822","168,423",201,"33,624",0.17,0.99,0.94
0.25,"2,284",59,0.03,"14,106","166,139",260,"33,565",0.17,0.99,0.93
0.26,"2,662",81,0.03,"16,768","163,477",341,"33,484",0.17,0.99,0.92
0.27,"2,967",96,0.03,"19,735","160,510",437,"33,388",0.17,0.99,0.91
0.28,"3,299",107,0.03,"23,034","157,211",544,"33,281",0.17,0.98,0.89
0.29,"3,590",142,0.04,"26,624","153,621",686,"33,139",0.18,0.98,0.87
0.3,"3,776",144,0.04,"30,400","149,845",830,"32,995",0.18,0.98,0.85
0.31,"4,298",194,0.04,"34,698","145,547","1,024","32,801",0.18,0.97,0.83
0.32,"4,519",219,0.05,"39,217","141,028","1,243","32,582",0.19,0.96,0.81
0.33,"4,802",251,0.05,"44,019","136,226","1,494","32,331",0.19,0.96,0.79
0.34,"5,029",337,0.06,"49,048","131,197","1,831","31,994",0.20,0.95,0.76
0.35,"5,503",334,0.06,"54,551","125,694","2,165","31,660",0.20,0.94,0.74
0.36,"5,595",397,0.07,"60,146","120,099","2,562","31,263",0.21,0.92,0.71
0.37,"5,979",466,0.07,"66,125","114,120","3,028","30,797",0.21,0.91,0.68
0.38,"5,860",521,0.08,"71,985","108,260","3,549","30,276",0.22,0.90,0.65
0.39,"6,249",601,0.09,"78,234","102,011","4,150","29,675",0.23,0.88,0.62
0.4,"6,201",665,0.10,"84,435","95,810","4,815","29,010",0.23,0.86,0.58
0.41,"6,328",727,0.10,"90,763","89,482","5,542","28,283",0.24,0.84,0.55
0.42,"6,165",794,0.11,"96,928","83,317","6,336","27,489",0.25,0.81,0.52
0.43,"6,187",865,0.12,"103,115","77,130","7,201","26,624",0.26,0.79,0.48
0.44,"5,914",877,0.13,"109,029","71,216","8,078","25,747",0.27,0.76,0.45
0.45,"5,781",946,0.14,"114,810","65,435","9,024","24,801",0.27,0.73,0.42
0.46,"5,666","1,003",0.15,"120,476","59,769","10,027","23,798",0.28,0.70,0.39
0.47,"5,474","1,012",0.16,"125,950","54,295","11,039","22,786",0.30,0.67,0.36
0.48,"5,145","1,061",0.17,"131,095","49,150","12,100","21,725",0.31,0.64,0.33
0.49,"4,846","1,081",0.18,"135,941","44,304","13,181","20,644",0.32,0.61,0.30
0.5,"4,488","1,150",0.20,"140,429","39,816","14,331","19,494",0.33,0.58,0.28
0.51,"4,281","1,089",0.20,"144,710","35,535","15,420","18,405",0.34,0.54,0.25
0.52,"3,932","1,120",0.22,"148,642","31,603","16,540","17,285",0.35,0.51,0.23
0.53,"3,548","1,094",0.24,"152,190","28,055","17,634","16,191",0.37,0.48,0.21
0.54,"3,208","1,082",0.25,"155,398","24,847","18,716","15,109",0.38,0.45,0.19
0.55,"2,892","1,045",0.27,"158,290","21,955","19,761","14,064",0.39,0.42,0.17
0.56,"2,743","1,076",0.28,"161,033","19,212","20,837","12,988",0.40,0.38,0.15
0.57,"2,429",990,0.29,"163,462","16,783","21,827","11,998",0.42,0.35,0.13
0.58,"2,170",961,0.31,"165,632","14,613","22,788","11,037",0.43,0.33,0.12
0.59,"1,910",923,0.33,"167,542","12,703","23,711","10,114",0.44,0.30,0.11
0.6,"1,651",930,0.36,"169,193","11,052","24,641","9,184",0.45,0.27,0.09
0.61,"1,457",833,0.36,"170,650","9,595","25,474","8,351",0.47,0.25,0.08
0.62,"1,301",821,0.39,"171,951","8,294","26,295","7,530",0.48,0.22,0.07
0.63,"1,127",750,0.40,"173,078","7,167","27,045","6,780",0.49,0.20,0.07
0.64,"1,059",718,0.40,"174,137","6,108","27,763","6,062",0.50,0.18,0.06
0.65,912,657,0.42,"175,049","5,196","28,420","5,405",0.51,0.16,0.05
0.66,793,630,0.44,"175,842","4,403","29,050","4,775",0.52,0.14,0.04
0.67,681,566,0.45,"176,523","3,722","29,616","4,209",0.53,0.12,0.04
0.68,555,507,0.48,"177,078","3,167","30,123","3,702",0.54,0.11,0.03
0.69,511,454,0.47,"177,589","2,656","30,577","3,248",0.55,0.10,0.03
0.7,379,380,0.50,"177,968","2,277","30,957","2,868",0.56,0.08,0.02
0.71,376,400,0.52,"178,344","1,901","31,357","2,468",0.56,0.07,0.02
0.72,311,295,0.49,"178,655","1,590","31,652","2,173",0.58,0.06,0.02
0.73,290,290,0.50,"178,945","1,300","31,942","1,883",0.59,0.06,0.01
0.74,241,245,0.50,"179,186","1,059","32,187","1,638",0.61,0.05,0.01
0.75,185,203,0.52,"179,371",874,"32,390","1,435",0.62,0.04,0.01
0.76,163,194,0.54,"179,534",711,"32,584","1,241",0.64,0.04,0.01
0.77,130,174,0.57,"179,664",581,"32,758","1,067",0.65,0.03,0.01
0.78,102,140,0.58,"179,766",479,"32,898",927,0.66,0.03,0.01
0.79,101,133,0.57,"179,867",378,"33,031",794,0.68,0.02,0.01
0.8,57,116,0.67,"179,924",321,"33,147",678,0.68,0.02,0.00
0.81,69,101,0.59,"179,993",252,"33,248",577,0.70,0.02,0.00
0.82,45,81,0.64,"180,038",207,"33,329",496,0.71,0.01,0.00
0.83,44,89,0.67,"180,082",163,"33,418",407,0.71,0.01,0.00
0.84,28,81,0.74,"180,110",135,"33,499",326,0.71,0.01,0.00
0.85,29,67,0.70,"180,139",106,"33,566",259,0.71,0.01,0.00
0.86,20,43,0.68,"180,159",86,"33,609",216,0.72,0.01,0.00
0.87,26,39,0.60,"180,185",60,"33,648",177,0.75,0.01,0.00
0.88,13,45,0.78,"180,198",47,"33,693",132,0.74,0.00,0.00
0.89,13,34,0.72,"180,211",34,"33,727",98,0.74,0.00,0.00
0.9,15,24,0.62,"180,226",19,"33,751",74,0.80,0.00,0.00
0.91,8,25,0.76,"180,234",11,"33,776",49,0.82,0.00,0.00
0.92,5,18,0.78,"180,239",6,"33,794",31,0.84,0.00,0.00
0.93,2,12,0.86,"180,241",4,"33,806",19,0.83,0.00,0.00
0.94,2,7,0.78,"180,243",2,"33,813",12,0.86,0.00,0.00
0.95,0,5,1.00,"180,243",2,"33,818",7,0.78,0.00,0.00
0.96,0,1,1.00,"180,243",2,"33,819",6,0.75,0.00,0.00
0.97,1,0,0.00,"180,244",1,"33,819",6,0.86,0.00,0.00
0.98,1,1,0.50,"180,245",0,"33,820",5,1.00,0.00,0.00
0.99,0,4,1.00,"180,245",0,"33,824",1,1.00,0.00,0.00
1.0,0,1,1.00,"180,245",0,"33,825",0,nan,0.00,0.00
