p,Neg,Pos,mPrec,TN,FP,FN,TP,Prec,Rec,$\hat{p}$
0.0,"7,674",621,0.07,"7,674","412,896",621,"78,305",0.16,0.99,0.98
0.01,"1,027",91,0.08,"8,701","411,869",712,"78,214",0.16,0.99,0.98
0.02,"1,171",113,0.09,"9,872","410,698",825,"78,101",0.16,0.99,0.98
0.03,"1,276",95,0.07,"11,148","409,422",920,"78,006",0.16,0.99,0.98
0.04,"1,294",118,0.08,"12,442","408,128","1,038","77,888",0.16,0.99,0.97
0.05,"1,537",135,0.08,"13,979","406,591","1,173","77,753",0.16,0.99,0.97
0.06,"1,572",162,0.09,"15,551","405,019","1,335","77,591",0.16,0.98,0.97
0.07,"1,627",133,0.08,"17,178","403,392","1,468","77,458",0.16,0.98,0.96
0.08,"1,691",191,0.10,"18,869","401,701","1,659","77,267",0.16,0.98,0.96
0.09,"1,873",194,0.09,"20,742","399,828","1,853","77,073",0.16,0.98,0.95
0.1,"1,928",213,0.10,"22,670","397,900","2,066","76,860",0.16,0.97,0.95
0.11,"2,023",260,0.11,"24,693","395,877","2,326","76,600",0.16,0.97,0.95
0.12,"2,034",254,0.11,"26,727","393,843","2,580","76,346",0.16,0.97,0.94
0.13,"2,143",296,0.12,"28,870","391,700","2,876","76,050",0.16,0.96,0.94
0.14,"2,146",319,0.13,"31,016","389,554","3,195","75,731",0.16,0.96,0.93
0.15,"2,500",323,0.11,"33,516","387,054","3,518","75,408",0.16,0.96,0.93
0.16,"2,540",372,0.13,"36,056","384,514","3,890","75,036",0.16,0.95,0.92
0.17,"2,731",390,0.12,"38,787","381,783","4,280","74,646",0.16,0.95,0.91
0.18,"2,871",436,0.13,"41,658","378,912","4,716","74,210",0.16,0.94,0.91
0.19,"3,321",420,0.11,"44,979","375,591","5,136","73,790",0.16,0.93,0.90
0.2,"3,391",445,0.12,"48,370","372,200","5,581","73,345",0.16,0.93,0.89
0.21,"3,896",478,0.11,"52,266","368,304","6,059","72,867",0.17,0.92,0.88
0.22,"4,219",482,0.10,"56,485","364,085","6,541","72,385",0.17,0.92,0.87
0.23,"4,857",520,0.10,"61,342","359,228","7,061","71,865",0.17,0.91,0.86
0.24,"5,206",506,0.09,"66,548","354,022","7,567","71,359",0.17,0.90,0.85
0.25,"5,577",549,0.09,"72,125","348,445","8,116","70,810",0.17,0.90,0.84
0.26,"6,017",601,0.09,"78,142","342,428","8,717","70,209",0.17,0.89,0.83
0.27,"6,436",661,0.09,"84,578","335,992","9,378","69,548",0.17,0.88,0.81
0.28,"6,928",667,0.09,"91,506","329,064","10,045","68,881",0.17,0.87,0.80
0.29,"7,212",701,0.09,"98,718","321,852","10,746","68,180",0.17,0.86,0.78
0.3,"7,623",707,0.08,"106,341","314,229","11,453","67,473",0.18,0.85,0.76
0.31,"8,101",766,0.09,"114,442","306,128","12,219","66,707",0.18,0.85,0.75
0.32,"8,471",866,0.09,"122,913","297,657","13,085","65,841",0.18,0.83,0.73
0.33,"9,022",880,0.09,"131,935","288,635","13,965","64,961",0.18,0.82,0.71
0.34,"9,528",950,0.09,"141,463","279,107","14,915","64,011",0.19,0.81,0.69
0.35,"10,374",961,0.08,"151,837","268,733","15,876","63,050",0.19,0.80,0.66
0.36,"10,298","1,108",0.10,"162,135","258,435","16,984","61,942",0.19,0.78,0.64
0.37,"11,091","1,271",0.10,"173,226","247,344","18,255","60,671",0.20,0.77,0.62
0.38,"11,474","1,371",0.11,"184,700","235,870","19,626","59,300",0.20,0.75,0.59
0.39,"11,857","1,437",0.11,"196,557","224,013","21,063","57,863",0.21,0.73,0.56
0.4,"12,249","1,582",0.11,"208,806","211,764","22,645","56,281",0.21,0.71,0.54
0.41,"12,528","1,692",0.12,"221,334","199,236","24,337","54,589",0.22,0.69,0.51
0.42,"12,378","1,733",0.12,"233,712","186,858","26,070","52,856",0.22,0.67,0.48
0.43,"12,436","1,890",0.13,"246,148","174,422","27,960","50,966",0.23,0.65,0.45
0.44,"12,255","1,887",0.13,"258,403","162,167","29,847","49,079",0.23,0.62,0.42
0.45,"11,872","1,924",0.14,"270,275","150,295","31,771","47,155",0.24,0.60,0.40
0.46,"11,230","2,056",0.15,"281,505","139,065","33,827","45,099",0.24,0.57,0.37
0.47,"10,738","2,019",0.16,"292,243","128,327","35,846","43,080",0.25,0.55,0.34
0.48,"9,980","2,019",0.17,"302,223","118,347","37,865","41,061",0.26,0.52,0.32
0.49,"9,739","2,037",0.17,"311,962","108,608","39,902","39,024",0.26,0.49,0.30
0.5,"8,578","1,914",0.18,"320,540","100,030","41,816","37,110",0.27,0.47,0.27
0.51,"7,772","1,731",0.18,"328,312","92,258","43,547","35,379",0.28,0.45,0.26
0.52,"6,877","1,772",0.20,"335,189","85,381","45,319","33,607",0.28,0.43,0.24
0.53,"6,298","1,642",0.21,"341,487","79,083","46,961","31,965",0.29,0.40,0.22
0.54,"5,556","1,541",0.22,"347,043","73,527","48,502","30,424",0.29,0.39,0.21
0.55,"5,097","1,488",0.23,"352,140","68,430","49,990","28,936",0.30,0.37,0.19
0.56,"4,542","1,368",0.23,"356,682","63,888","51,358","27,568",0.30,0.35,0.18
0.57,"4,096","1,242",0.23,"360,778","59,792","52,600","26,326",0.31,0.33,0.17
0.58,"3,634","1,146",0.24,"364,412","56,158","53,746","25,180",0.31,0.32,0.16
0.59,"3,227",969,0.23,"367,639","52,931","54,715","24,211",0.31,0.31,0.15
0.6,"3,050",937,0.24,"370,689","49,881","55,652","23,274",0.32,0.29,0.15
0.61,"2,757",875,0.24,"373,446","47,124","56,527","22,399",0.32,0.28,0.14
0.62,"2,580",812,0.24,"376,026","44,544","57,339","21,587",0.33,0.27,0.13
0.63,"2,488",769,0.24,"378,514","42,056","58,108","20,818",0.33,0.26,0.13
0.64,"2,417",758,0.24,"380,931","39,639","58,866","20,060",0.34,0.25,0.12
0.65,"2,357",709,0.23,"383,288","37,282","59,575","19,351",0.34,0.25,0.11
0.66,"2,173",632,0.23,"385,461","35,109","60,207","18,719",0.35,0.24,0.11
0.67,"2,104",672,0.24,"387,565","33,005","60,879","18,047",0.35,0.23,0.10
0.68,"1,942",602,0.24,"389,507","31,063","61,481","17,445",0.36,0.22,0.10
0.69,"1,935",677,0.26,"391,442","29,128","62,158","16,768",0.37,0.21,0.09
0.7,"1,772",625,0.26,"393,214","27,356","62,783","16,143",0.37,0.20,0.09
0.71,"1,835",654,0.26,"395,049","25,521","63,437","15,489",0.38,0.20,0.08
0.72,"1,745",634,0.27,"396,794","23,776","64,071","14,855",0.38,0.19,0.08
0.73,"1,704",591,0.26,"398,498","22,072","64,662","14,264",0.39,0.18,0.07
0.74,"1,462",664,0.31,"399,960","20,610","65,326","13,600",0.40,0.17,0.07
0.75,"1,324",618,0.32,"401,284","19,286","65,944","12,982",0.40,0.16,0.06
0.76,"1,379",606,0.31,"402,663","17,907","66,550","12,376",0.41,0.16,0.06
0.77,"1,298",577,0.31,"403,961","16,609","67,127","11,799",0.42,0.15,0.06
0.78,"1,186",625,0.35,"405,147","15,423","67,752","11,174",0.42,0.14,0.05
0.79,"1,186",629,0.35,"406,333","14,237","68,381","10,545",0.43,0.13,0.05
0.8,"1,063",558,0.34,"407,396","13,174","68,939","9,987",0.43,0.13,0.05
0.81,"1,045",604,0.37,"408,441","12,129","69,543","9,383",0.44,0.12,0.04
0.82,965,573,0.37,"409,406","11,164","70,116","8,810",0.44,0.11,0.04
0.83,925,615,0.40,"410,331","10,239","70,731","8,195",0.44,0.10,0.04
0.84,884,574,0.39,"411,215","9,355","71,305","7,621",0.45,0.10,0.03
0.85,808,551,0.41,"412,023","8,547","71,856","7,070",0.45,0.09,0.03
0.86,733,572,0.44,"412,756","7,814","72,428","6,498",0.45,0.08,0.03
0.87,717,565,0.44,"413,473","7,097","72,993","5,933",0.46,0.08,0.03
0.88,688,524,0.43,"414,161","6,409","73,517","5,409",0.46,0.07,0.02
0.89,635,482,0.43,"414,796","5,774","73,999","4,927",0.46,0.06,0.02
0.9,588,456,0.44,"415,384","5,186","74,455","4,471",0.46,0.06,0.02
0.91,554,434,0.44,"415,938","4,632","74,889","4,037",0.47,0.05,0.02
0.92,492,392,0.44,"416,430","4,140","75,281","3,645",0.47,0.05,0.02
0.93,420,357,0.46,"416,850","3,720","75,638","3,288",0.47,0.04,0.01
0.94,383,345,0.47,"417,233","3,337","75,983","2,943",0.47,0.04,0.01
0.95,388,316,0.45,"417,621","2,949","76,299","2,627",0.47,0.03,0.01
0.96,381,283,0.43,"418,002","2,568","76,582","2,344",0.48,0.03,0.01
0.97,297,261,0.47,"418,299","2,271","76,843","2,083",0.48,0.03,0.01
0.98,271,227,0.46,"418,570","2,000","77,070","1,856",0.48,0.02,0.01
0.99,274,229,0.46,"418,844","1,726","77,299","1,627",0.49,0.02,0.01
1.0,"1,726","1,627",0.49,"420,570",0,"78,926",0,nan,0.00,0.00
