p,Neg,Pos,mPrec,TN,FP,FN,TP,Prec,Rec,$\hat{p}$
0.0,"3,280",250,0.07,"3,280","176,965",250,"33,575",0.16,0.99,0.98
0.01,470,32,0.06,"3,750","176,495",282,"33,543",0.16,0.99,0.98
0.02,487,49,0.09,"4,237","176,008",331,"33,494",0.16,0.99,0.98
0.03,535,66,0.11,"4,772","175,473",397,"33,428",0.16,0.99,0.98
0.04,608,53,0.08,"5,380","174,865",450,"33,375",0.16,0.99,0.97
0.05,657,54,0.08,"6,037","174,208",504,"33,321",0.16,0.99,0.97
0.06,658,77,0.10,"6,695","173,550",581,"33,244",0.16,0.98,0.97
0.07,707,80,0.10,"7,402","172,843",661,"33,164",0.16,0.98,0.96
0.08,766,87,0.10,"8,168","172,077",748,"33,077",0.16,0.98,0.96
0.09,770,86,0.10,"8,938","171,307",834,"32,991",0.16,0.98,0.95
0.1,868,111,0.11,"9,806","170,439",945,"32,880",0.16,0.97,0.95
0.11,838,107,0.11,"10,644","169,601","1,052","32,773",0.16,0.97,0.95
0.12,857,106,0.11,"11,501","168,744","1,158","32,667",0.16,0.97,0.94
0.13,958,124,0.11,"12,459","167,786","1,282","32,543",0.16,0.96,0.94
0.14,968,134,0.12,"13,427","166,818","1,416","32,409",0.16,0.96,0.93
0.15,"1,105",155,0.12,"14,532","165,713","1,571","32,254",0.16,0.95,0.92
0.16,"1,080",142,0.12,"15,612","164,633","1,713","32,112",0.16,0.95,0.92
0.17,"1,157",178,0.13,"16,769","163,476","1,891","31,934",0.16,0.94,0.91
0.18,"1,155",191,0.14,"17,924","162,321","2,082","31,743",0.16,0.94,0.91
0.19,"1,423",203,0.12,"19,347","160,898","2,285","31,540",0.16,0.93,0.90
0.2,"1,573",196,0.11,"20,920","159,325","2,481","31,344",0.16,0.93,0.89
0.21,"1,657",220,0.12,"22,577","157,668","2,701","31,124",0.16,0.92,0.88
0.22,"1,829",209,0.10,"24,406","155,839","2,910","30,915",0.17,0.91,0.87
0.23,"2,123",197,0.08,"26,529","153,716","3,107","30,718",0.17,0.91,0.86
0.24,"2,220",233,0.09,"28,749","151,496","3,340","30,485",0.17,0.90,0.85
0.25,"2,452",250,0.09,"31,201","149,044","3,590","30,235",0.17,0.89,0.84
0.26,"2,586",294,0.10,"33,787","146,458","3,884","29,941",0.17,0.89,0.82
0.27,"2,872",268,0.09,"36,659","143,586","4,152","29,673",0.17,0.88,0.81
0.28,"2,983",294,0.09,"39,642","140,603","4,446","29,379",0.17,0.87,0.79
0.29,"3,150",308,0.09,"42,792","137,453","4,754","29,071",0.17,0.86,0.78
0.3,"3,236",311,0.09,"46,028","134,217","5,065","28,760",0.18,0.85,0.76
0.31,"3,498",334,0.09,"49,526","130,719","5,399","28,426",0.18,0.84,0.74
0.32,"3,718",357,0.09,"53,244","127,001","5,756","28,069",0.18,0.83,0.72
0.33,"3,856",348,0.08,"57,100","123,145","6,104","27,721",0.18,0.82,0.70
0.34,"4,075",422,0.09,"61,175","119,070","6,526","27,299",0.19,0.81,0.68
0.35,"4,290",463,0.10,"65,465","114,780","6,989","26,836",0.19,0.79,0.66
0.36,"4,505",544,0.11,"69,970","110,275","7,533","26,292",0.19,0.78,0.64
0.37,"4,820",563,0.10,"74,790","105,455","8,096","25,729",0.20,0.76,0.61
0.38,"4,980",567,0.10,"79,770","100,475","8,663","25,162",0.20,0.74,0.59
0.39,"5,035",607,0.11,"84,805","95,440","9,270","24,555",0.20,0.73,0.56
0.4,"5,358",639,0.11,"90,163","90,082","9,909","23,916",0.21,0.71,0.53
0.41,"5,374",686,0.11,"95,537","84,708","10,595","23,230",0.22,0.69,0.50
0.42,"5,318",751,0.12,"100,855","79,390","11,346","22,479",0.22,0.66,0.48
0.43,"5,293",837,0.14,"106,148","74,097","12,183","21,642",0.23,0.64,0.45
0.44,"5,089",794,0.13,"111,237","69,008","12,977","20,848",0.23,0.62,0.42
0.45,"5,032",876,0.15,"116,269","63,976","13,853","19,972",0.24,0.59,0.39
0.46,"4,753",889,0.16,"121,022","59,223","14,742","19,083",0.24,0.56,0.37
0.47,"4,449",847,0.16,"125,471","54,774","15,589","18,236",0.25,0.54,0.34
0.48,"4,224",829,0.16,"129,695","50,550","16,418","17,407",0.26,0.51,0.32
0.49,"4,113",879,0.18,"133,808","46,437","17,297","16,528",0.26,0.49,0.29
0.5,"3,666",819,0.18,"137,474","42,771","18,116","15,709",0.27,0.46,0.27
0.51,"3,378",833,0.20,"140,852","39,393","18,949","14,876",0.27,0.44,0.25
0.52,"2,951",706,0.19,"143,803","36,442","19,655","14,170",0.28,0.42,0.24
0.53,"2,598",667,0.20,"146,401","33,844","20,322","13,503",0.29,0.40,0.22
0.54,"2,471",678,0.22,"148,872","31,373","21,000","12,825",0.29,0.38,0.21
0.55,"2,107",597,0.22,"150,979","29,266","21,597","12,228",0.29,0.36,0.19
0.56,"1,953",586,0.23,"152,932","27,313","22,183","11,642",0.30,0.34,0.18
0.57,"1,797",476,0.21,"154,729","25,516","22,659","11,166",0.30,0.33,0.17
0.58,"1,534",431,0.22,"156,263","23,982","23,090","10,735",0.31,0.32,0.16
0.59,"1,373",457,0.25,"157,636","22,609","23,547","10,278",0.31,0.30,0.15
0.6,"1,308",391,0.23,"158,944","21,301","23,938","9,887",0.32,0.29,0.15
0.61,"1,232",381,0.24,"160,176","20,069","24,319","9,506",0.32,0.28,0.14
0.62,"1,123",347,0.24,"161,299","18,946","24,666","9,159",0.33,0.27,0.13
0.63,"1,078",349,0.24,"162,377","17,868","25,015","8,810",0.33,0.26,0.12
0.64,950,340,0.26,"163,327","16,918","25,355","8,470",0.33,0.25,0.12
0.65,965,305,0.24,"164,292","15,953","25,660","8,165",0.34,0.24,0.11
0.66,933,254,0.21,"165,225","15,020","25,914","7,911",0.34,0.23,0.11
0.67,894,311,0.26,"166,119","14,126","26,225","7,600",0.35,0.22,0.10
0.68,872,268,0.24,"166,991","13,254","26,493","7,332",0.36,0.22,0.10
0.69,795,286,0.26,"167,786","12,459","26,779","7,046",0.36,0.21,0.09
0.7,748,274,0.27,"168,534","11,711","27,053","6,772",0.37,0.20,0.09
0.71,753,263,0.26,"169,287","10,958","27,316","6,509",0.37,0.19,0.08
0.72,757,265,0.26,"170,044","10,201","27,581","6,244",0.38,0.18,0.08
0.73,695,298,0.30,"170,739","9,506","27,879","5,946",0.38,0.18,0.07
0.74,661,268,0.29,"171,400","8,845","28,147","5,678",0.39,0.17,0.07
0.75,590,272,0.32,"171,990","8,255","28,419","5,406",0.40,0.16,0.06
0.76,585,253,0.30,"172,575","7,670","28,672","5,153",0.40,0.15,0.06
0.77,526,255,0.33,"173,101","7,144","28,927","4,898",0.41,0.14,0.06
0.78,540,271,0.33,"173,641","6,604","29,198","4,627",0.41,0.14,0.05
0.79,501,257,0.34,"174,142","6,103","29,455","4,370",0.42,0.13,0.05
0.8,446,240,0.35,"174,588","5,657","29,695","4,130",0.42,0.12,0.05
0.81,443,257,0.37,"175,031","5,214","29,952","3,873",0.43,0.11,0.04
0.82,431,267,0.38,"175,462","4,783","30,219","3,606",0.43,0.11,0.04
0.83,385,249,0.39,"175,847","4,398","30,468","3,357",0.43,0.10,0.04
0.84,370,231,0.38,"176,217","4,028","30,699","3,126",0.44,0.09,0.03
0.85,354,228,0.39,"176,571","3,674","30,927","2,898",0.44,0.09,0.03
0.86,327,223,0.41,"176,898","3,347","31,150","2,675",0.44,0.08,0.03
0.87,284,215,0.43,"177,182","3,063","31,365","2,460",0.45,0.07,0.03
0.88,298,215,0.42,"177,480","2,765","31,580","2,245",0.45,0.07,0.02
0.89,270,183,0.40,"177,750","2,495","31,763","2,062",0.45,0.06,0.02
0.9,235,178,0.43,"177,985","2,260","31,941","1,884",0.45,0.06,0.02
0.91,225,189,0.46,"178,210","2,035","32,130","1,695",0.45,0.05,0.02
0.92,228,155,0.40,"178,438","1,807","32,285","1,540",0.46,0.05,0.02
0.93,178,170,0.49,"178,616","1,629","32,455","1,370",0.46,0.04,0.01
0.94,188,147,0.44,"178,804","1,441","32,602","1,223",0.46,0.04,0.01
0.95,161,113,0.41,"178,965","1,280","32,715","1,110",0.46,0.03,0.01
0.96,144,113,0.44,"179,109","1,136","32,828",997,0.47,0.03,0.01
0.97,115,105,0.48,"179,224","1,021","32,933",892,0.47,0.03,0.01
0.98,134,87,0.39,"179,358",887,"33,020",805,0.48,0.02,0.01
0.99,108,87,0.45,"179,466",779,"33,107",718,0.48,0.02,0.01
1.0,779,718,0.48,"180,245",0,"33,825",0,nan,0.00,0.00
