p,Neg,Pos,mPrec,TN,FP,FN,TP,Prec,Rec,$\hat{p}$
0.0,"3,077",25,0.01,"3,077","177,168",25,"33,800",0.16,1.00,0.99
0.01,543,10,0.02,"3,620","176,625",35,"33,790",0.16,1.00,0.98
0.02,587,6,0.01,"4,207","176,038",41,"33,784",0.16,1.00,0.98
0.03,639,13,0.02,"4,846","175,399",54,"33,771",0.16,1.00,0.98
0.04,755,16,0.02,"5,601","174,644",70,"33,755",0.16,1.00,0.97
0.05,754,13,0.02,"6,355","173,890",83,"33,742",0.16,1.00,0.97
0.06,899,16,0.02,"7,254","172,991",99,"33,726",0.16,1.00,0.97
0.07,943,14,0.01,"8,197","172,048",113,"33,712",0.16,1.00,0.96
0.08,"1,073",16,0.01,"9,270","170,975",129,"33,696",0.16,1.00,0.96
0.09,"1,255",23,0.02,"10,525","169,720",152,"33,673",0.17,1.00,0.95
0.1,"1,340",31,0.02,"11,865","168,380",183,"33,642",0.17,0.99,0.94
0.11,"1,460",34,0.02,"13,325","166,920",217,"33,608",0.17,0.99,0.94
0.12,"1,501",46,0.03,"14,826","165,419",263,"33,562",0.17,0.99,0.93
0.13,"1,669",50,0.03,"16,495","163,750",313,"33,512",0.17,0.99,0.92
0.14,"1,812",55,0.03,"18,307","161,938",368,"33,457",0.17,0.99,0.91
0.15,"1,841",61,0.03,"20,148","160,097",429,"33,396",0.17,0.99,0.90
0.16,"2,065",76,0.04,"22,213","158,032",505,"33,320",0.17,0.99,0.89
0.17,"2,174",78,0.03,"24,387","155,858",583,"33,242",0.18,0.98,0.88
0.18,"2,350",83,0.03,"26,737","153,508",666,"33,159",0.18,0.98,0.87
0.19,"2,423",90,0.04,"29,160","151,085",756,"33,069",0.18,0.98,0.86
0.2,"2,457",110,0.04,"31,617","148,628",866,"32,959",0.18,0.97,0.85
0.21,"2,643",125,0.05,"34,260","145,985",991,"32,834",0.18,0.97,0.84
0.22,"2,829",118,0.04,"37,089","143,156","1,109","32,716",0.19,0.97,0.82
0.23,"2,958",150,0.05,"40,047","140,198","1,259","32,566",0.19,0.96,0.81
0.24,"3,172",161,0.05,"43,219","137,026","1,420","32,405",0.19,0.96,0.79
0.25,"3,196",197,0.06,"46,415","133,830","1,617","32,208",0.19,0.95,0.78
0.26,"3,223",202,0.06,"49,638","130,607","1,819","32,006",0.20,0.95,0.76
0.27,"3,276",237,0.07,"52,914","127,331","2,056","31,769",0.20,0.94,0.74
0.28,"3,541",259,0.07,"56,455","123,790","2,315","31,510",0.20,0.93,0.73
0.29,"3,576",252,0.07,"60,031","120,214","2,567","31,258",0.21,0.92,0.71
0.3,"3,570",291,0.08,"63,601","116,644","2,858","30,967",0.21,0.92,0.69
0.31,"3,809",349,0.08,"67,410","112,835","3,207","30,618",0.21,0.91,0.67
0.32,"3,761",345,0.08,"71,171","109,074","3,552","30,273",0.22,0.89,0.65
0.33,"3,900",340,0.08,"75,071","105,174","3,892","29,933",0.22,0.88,0.63
0.34,"3,870",404,0.09,"78,941","101,304","4,296","29,529",0.23,0.87,0.61
0.35,"3,925",364,0.08,"82,866","97,379","4,660","29,165",0.23,0.86,0.59
0.36,"3,906",450,0.10,"86,772","93,473","5,110","28,715",0.24,0.85,0.57
0.37,"3,897",483,0.11,"90,669","89,576","5,593","28,232",0.24,0.83,0.55
0.38,"4,032",474,0.11,"94,701","85,544","6,067","27,758",0.24,0.82,0.53
0.39,"3,871",559,0.13,"98,572","81,673","6,626","27,199",0.25,0.80,0.51
0.4,"3,749",511,0.12,"102,321","77,924","7,137","26,688",0.26,0.79,0.49
0.41,"3,674",582,0.14,"105,995","74,250","7,719","26,106",0.26,0.77,0.47
0.42,"3,690",582,0.14,"109,685","70,560","8,301","25,524",0.27,0.75,0.45
0.43,"3,631",589,0.14,"113,316","66,929","8,890","24,935",0.27,0.74,0.43
0.44,"3,574",642,0.15,"116,890","63,355","9,532","24,293",0.28,0.72,0.41
0.45,"3,509",607,0.15,"120,399","59,846","10,139","23,686",0.28,0.70,0.39
0.46,"3,450",610,0.15,"123,849","56,396","10,749","23,076",0.29,0.68,0.37
0.47,"3,198",615,0.16,"127,047","53,198","11,364","22,461",0.30,0.66,0.35
0.48,"3,204",669,0.17,"130,251","49,994","12,033","21,792",0.30,0.64,0.34
0.49,"3,167",664,0.17,"133,418","46,827","12,697","21,128",0.31,0.62,0.32
0.5,"2,945",699,0.19,"136,363","43,882","13,396","20,429",0.32,0.60,0.30
0.51,"2,836",667,0.19,"139,199","41,046","14,063","19,762",0.32,0.58,0.28
0.52,"2,748",715,0.21,"141,947","38,298","14,778","19,047",0.33,0.56,0.27
0.53,"2,612",667,0.20,"144,559","35,686","15,445","18,380",0.34,0.54,0.25
0.54,"2,426",725,0.23,"146,985","33,260","16,170","17,655",0.35,0.52,0.24
0.55,"2,306",668,0.22,"149,291","30,954","16,838","16,987",0.35,0.50,0.22
0.56,"2,274",626,0.22,"151,565","28,680","17,464","16,361",0.36,0.48,0.21
0.57,"2,038",647,0.24,"153,603","26,642","18,111","15,714",0.37,0.46,0.20
0.58,"1,975",633,0.24,"155,578","24,667","18,744","15,081",0.38,0.45,0.19
0.59,"1,881",638,0.25,"157,459","22,786","19,382","14,443",0.39,0.43,0.17
0.6,"1,729",630,0.27,"159,188","21,057","20,012","13,813",0.40,0.41,0.16
0.61,"1,716",631,0.27,"160,904","19,341","20,643","13,182",0.41,0.39,0.15
0.62,"1,555",606,0.28,"162,459","17,786","21,249","12,576",0.41,0.37,0.14
0.63,"1,389",620,0.31,"163,848","16,397","21,869","11,956",0.42,0.35,0.13
0.64,"1,383",625,0.31,"165,231","15,014","22,494","11,331",0.43,0.33,0.12
0.65,"1,237",598,0.33,"166,468","13,777","23,092","10,733",0.44,0.32,0.11
0.66,"1,101",550,0.33,"167,569","12,676","23,642","10,183",0.45,0.30,0.11
0.67,"1,042",586,0.36,"168,611","11,634","24,228","9,597",0.45,0.28,0.10
0.68,"1,042",485,0.32,"169,653","10,592","24,713","9,112",0.46,0.27,0.09
0.69,897,541,0.38,"170,550","9,695","25,254","8,571",0.47,0.25,0.09
0.7,868,529,0.38,"171,418","8,827","25,783","8,042",0.48,0.24,0.08
0.71,775,494,0.39,"172,193","8,052","26,277","7,548",0.48,0.22,0.07
0.72,709,475,0.40,"172,902","7,343","26,752","7,073",0.49,0.21,0.07
0.73,662,449,0.40,"173,564","6,681","27,201","6,624",0.50,0.20,0.06
0.74,588,439,0.43,"174,152","6,093","27,640","6,185",0.50,0.18,0.06
0.75,593,415,0.41,"174,745","5,500","28,055","5,770",0.51,0.17,0.05
0.76,518,389,0.43,"175,263","4,982","28,444","5,381",0.52,0.16,0.05
0.77,457,374,0.45,"175,720","4,525","28,818","5,007",0.53,0.15,0.04
0.78,431,347,0.45,"176,151","4,094","29,165","4,660",0.53,0.14,0.04
0.79,391,374,0.49,"176,542","3,703","29,539","4,286",0.54,0.13,0.04
0.8,351,324,0.48,"176,893","3,352","29,863","3,962",0.54,0.12,0.03
0.81,308,279,0.48,"177,201","3,044","30,142","3,683",0.55,0.11,0.03
0.82,310,322,0.51,"177,511","2,734","30,464","3,361",0.55,0.10,0.03
0.83,285,262,0.48,"177,796","2,449","30,726","3,099",0.56,0.09,0.03
0.84,260,260,0.50,"178,056","2,189","30,986","2,839",0.56,0.08,0.02
0.85,244,239,0.49,"178,300","1,945","31,225","2,600",0.57,0.08,0.02
0.86,176,220,0.56,"178,476","1,769","31,445","2,380",0.57,0.07,0.02
0.87,176,197,0.53,"178,652","1,593","31,642","2,183",0.58,0.06,0.02
0.88,194,207,0.52,"178,846","1,399","31,849","1,976",0.59,0.06,0.02
0.89,148,139,0.48,"178,994","1,251","31,988","1,837",0.59,0.05,0.01
0.9,128,155,0.55,"179,122","1,123","32,143","1,682",0.60,0.05,0.01
0.91,133,150,0.53,"179,255",990,"32,293","1,532",0.61,0.05,0.01
0.92,120,134,0.53,"179,375",870,"32,427","1,398",0.62,0.04,0.01
0.93,97,116,0.54,"179,472",773,"32,543","1,282",0.62,0.04,0.01
0.94,79,118,0.60,"179,551",694,"32,661","1,164",0.63,0.03,0.01
0.95,73,94,0.56,"179,624",621,"32,755","1,070",0.63,0.03,0.01
0.96,76,89,0.54,"179,700",545,"32,844",981,0.64,0.03,0.01
0.97,76,89,0.54,"179,776",469,"32,933",892,0.66,0.03,0.01
0.98,50,91,0.65,"179,826",419,"33,024",801,0.66,0.02,0.01
0.99,49,56,0.53,"179,875",370,"33,080",745,0.67,0.02,0.01
1.0,370,745,0.67,"180,245",0,"33,825",0,nan,0.00,0.00
