p,Neg,Pos,mPrec,TN,FP,FN,TP,Prec,Rec,$\hat{p}$
0.0,"4,526",473,0.09,"4,526","175,719",473,"33,352",0.16,0.99,0.98
0.1,"65,106","8,707",0.12,"69,632","110,613","9,180","24,645",0.18,0.73,0.63
0.2,"62,604","11,551",0.16,"132,236","48,009","20,731","13,094",0.21,0.39,0.29
0.3,"14,372","3,774",0.21,"146,608","33,637","24,505","9,320",0.22,0.28,0.20
0.4,688,171,0.20,"147,296","32,949","24,676","9,149",0.22,0.27,0.20
0.5,"3,714",670,0.15,"151,010","29,235","25,346","8,479",0.22,0.25,0.18
0.6,"11,505","2,881",0.20,"162,515","17,730","28,227","5,598",0.24,0.17,0.11
0.7,"6,185","1,732",0.22,"168,700","11,545","29,959","3,866",0.25,0.11,0.07
0.8,959,260,0.21,"169,659","10,586","30,219","3,606",0.25,0.11,0.07
0.9,"3,236",976,0.23,"172,895","7,350","31,195","2,630",0.26,0.08,0.05
1.0,"7,350","2,630",0.26,"180,245",0,"33,825",0,nan,0.00,0.00
