p,Neg,Pos,mPrec,TN,FP,FN,TP,Prec,Rec,$\hat{p}$
0.0,"4,206",45,0.01,"4,206","416,364",45,"78,881",0.16,1.00,0.99
0.1,"17,040",314,0.02,"21,246","399,324",359,"78,567",0.16,1.00,0.96
0.2,"44,939","1,438",0.03,"66,185","354,385","1,797","77,129",0.18,0.98,0.86
0.3,"78,419","4,566",0.06,"144,604","275,966","6,363","72,563",0.21,0.92,0.70
0.4,"97,202","10,564",0.10,"241,806","178,764","16,927","61,999",0.26,0.79,0.48
0.5,"84,435","16,042",0.16,"326,241","94,329","32,969","45,957",0.33,0.58,0.28
0.6,"53,099","17,209",0.24,"379,340","41,230","50,178","28,748",0.41,0.36,0.14
0.7,"25,799","13,614",0.35,"405,139","15,431","63,792","15,134",0.50,0.19,0.06
0.8,"10,429","8,599",0.45,"415,568","5,002","72,391","6,535",0.57,0.08,0.02
0.9,"3,646","4,051",0.53,"419,214","1,356","76,442","2,484",0.65,0.03,0.01
1.0,"1,356","2,484",0.65,"420,570",0,"78,926",0,nan,0.00,0.00
