p,Neg,Pos,mPrec,TN,FP,FN,TP,Prec,Rec,$\hat{p}$
0.0,"4,507",366,0.08,"4,507","175,738",366,"33,459",0.16,0.99,0.98
0.1,"6,994",792,0.10,"11,501","168,744","1,158","32,667",0.16,0.97,0.94
0.2,"12,006","1,639",0.12,"23,507","156,738","2,797","31,028",0.17,0.92,0.88
0.3,"26,019","2,602",0.09,"49,526","130,719","5,399","28,426",0.18,0.84,0.74
0.4,"43,339","4,842",0.10,"92,865","87,380","10,241","23,584",0.21,0.70,0.52
0.5,"44,609","7,875",0.15,"137,474","42,771","18,116","15,709",0.27,0.46,0.27
0.6,"20,828","5,622",0.21,"158,302","21,943","23,738","10,087",0.31,0.30,0.15
0.7,"9,484","3,041",0.24,"167,786","12,459","26,779","7,046",0.36,0.21,0.09
0.8,"6,114","2,546",0.29,"173,900","6,345","29,325","4,500",0.41,0.13,0.05
0.9,"3,580","2,255",0.39,"177,480","2,765","31,580","2,245",0.45,0.07,0.02
1.0,"2,765","2,245",0.45,"180,245",0,"33,825",0,nan,0.00,0.00
