p,Neg,Pos,mPrec,TN,FP,FN,TP,Prec,Rec,$\hat{p}$
0.0,"10,515","1,002",0.09,"10,515","410,055","1,002","77,924",0.16,0.99,0.98
0.1,"17,601","2,153",0.11,"28,116","392,454","3,155","75,771",0.16,0.96,0.94
0.2,"29,918","4,113",0.12,"58,034","362,536","7,268","71,658",0.17,0.91,0.87
0.3,"61,446","8,164",0.12,"119,480","301,090","15,432","63,494",0.17,0.80,0.73
0.4,"97,870","14,836",0.13,"217,350","203,220","30,268","48,658",0.19,0.62,0.50
0.5,"93,778","16,121",0.15,"311,128","109,442","46,389","32,537",0.23,0.41,0.28
0.6,"49,911","12,291",0.20,"361,039","59,531","58,680","20,246",0.25,0.26,0.16
0.7,"25,130","7,564",0.23,"386,169","34,401","66,244","12,682",0.27,0.16,0.09
0.8,"15,837","5,286",0.25,"402,006","18,564","71,530","7,396",0.28,0.09,0.05
0.9,"9,995","3,364",0.25,"412,001","8,569","74,894","4,032",0.32,0.05,0.03
1.0,"8,569","4,032",0.32,"420,570",0,"78,926",0,nan,0.00,0.00
