p,Neg,Pos,mPrec,TN,FP,FN,TP,Prec,Rec,$\hat{p}$
0.0,"10,586","1,093",0.09,"10,586","409,984","1,093","77,833",0.16,0.99,0.98
0.01,"4,130",508,0.11,"14,716","405,854","1,601","77,325",0.16,0.98,0.97
0.02,"6,773",926,0.12,"21,489","399,081","2,527","76,399",0.16,0.97,0.95
0.03,"11,194","1,184",0.10,"32,683","387,887","3,711","75,215",0.16,0.95,0.93
0.04,"6,024",794,0.12,"38,707","381,863","4,505","74,421",0.16,0.94,0.91
0.05,"12,549","1,620",0.11,"51,256","369,314","6,125","72,801",0.16,0.92,0.89
0.06,"21,608","2,264",0.09,"72,864","347,706","8,389","70,537",0.17,0.89,0.84
0.07,"15,813","2,289",0.13,"88,677","331,893","10,678","68,248",0.17,0.86,0.80
0.08,"23,855","2,858",0.11,"112,532","308,038","13,536","65,390",0.18,0.83,0.75
0.09,"25,089","4,007",0.14,"137,621","282,949","17,543","61,383",0.18,0.78,0.69
0.1,"25,114","3,943",0.14,"162,735","257,835","21,486","57,440",0.18,0.73,0.63
0.11,"24,033","3,834",0.14,"186,768","233,802","25,320","53,606",0.19,0.68,0.58
0.12,"26,279","5,396",0.17,"213,047","207,523","30,716","48,210",0.19,0.61,0.51
0.13,"16,298","2,997",0.16,"229,345","191,225","33,713","45,213",0.19,0.57,0.47
0.14,"16,681","3,693",0.18,"246,026","174,544","37,406","41,520",0.19,0.53,0.43
0.15,"12,101","2,441",0.17,"258,127","162,443","39,847","39,079",0.19,0.50,0.40
0.16,"10,567","1,877",0.15,"268,694","151,876","41,724","37,202",0.20,0.47,0.38
0.17,"10,123","1,928",0.16,"278,817","141,753","43,652","35,274",0.20,0.45,0.35
0.18,"10,012","1,569",0.14,"288,829","131,741","45,221","33,705",0.20,0.43,0.33
0.19,"10,020","1,911",0.16,"298,849","121,721","47,132","31,794",0.21,0.40,0.31
0.2,"9,638","1,880",0.16,"308,487","112,083","49,012","29,914",0.21,0.38,0.28
0.21,"9,113","1,992",0.18,"317,600","102,970","51,004","27,922",0.21,0.35,0.26
0.22,"7,922","2,035",0.20,"325,522","95,048","53,039","25,887",0.21,0.33,0.24
0.23,"4,837","1,183",0.20,"330,359","90,211","54,222","24,704",0.21,0.31,0.23
0.24,"4,280","1,337",0.24,"334,639","85,931","55,559","23,367",0.21,0.30,0.22
0.25,"2,174",620,0.22,"336,813","83,757","56,179","22,747",0.21,0.29,0.21
0.26,"1,608",427,0.21,"338,421","82,149","56,606","22,320",0.21,0.28,0.21
0.27,"1,228",243,0.17,"339,649","80,921","56,849","22,077",0.21,0.28,0.21
0.28,810,167,0.17,"340,459","80,111","57,016","21,910",0.21,0.28,0.20
0.29,774,149,0.16,"341,233","79,337","57,165","21,761",0.22,0.28,0.20
0.3,762,209,0.22,"341,995","78,575","57,374","21,552",0.22,0.27,0.20
0.31,443,104,0.19,"342,438","78,132","57,478","21,448",0.22,0.27,0.20
0.32,458,113,0.20,"342,896","77,674","57,591","21,335",0.22,0.27,0.20
0.33,214,69,0.24,"343,110","77,460","57,660","21,266",0.22,0.27,0.20
0.34,64,26,0.29,"343,174","77,396","57,686","21,240",0.22,0.27,0.20
0.35,71,30,0.30,"343,245","77,325","57,716","21,210",0.22,0.27,0.20
0.36,0,0,nan,"343,245","77,325","57,716","21,210",0.22,0.27,0.20
0.37,87,9,0.09,"343,332","77,238","57,725","21,201",0.22,0.27,0.20
0.38,64,11,0.15,"343,396","77,174","57,736","21,190",0.22,0.27,0.20
0.39,32,4,0.11,"343,428","77,142","57,740","21,186",0.22,0.27,0.20
0.4,178,32,0.15,"343,606","76,964","57,772","21,154",0.22,0.27,0.20
0.41,176,35,0.17,"343,782","76,788","57,807","21,119",0.22,0.27,0.20
0.42,237,44,0.16,"344,019","76,551","57,851","21,075",0.22,0.27,0.20
0.43,290,44,0.13,"344,309","76,261","57,895","21,031",0.22,0.27,0.19
0.44,571,95,0.14,"344,880","75,690","57,990","20,936",0.22,0.27,0.19
0.45,491,80,0.14,"345,371","75,199","58,070","20,856",0.22,0.26,0.19
0.46,782,130,0.14,"346,153","74,417","58,200","20,726",0.22,0.26,0.19
0.47,"1,123",204,0.15,"347,276","73,294","58,404","20,522",0.22,0.26,0.19
0.48,"1,156",228,0.16,"348,432","72,138","58,632","20,294",0.22,0.26,0.19
0.49,"1,635",292,0.15,"350,067","70,503","58,924","20,002",0.22,0.25,0.18
0.5,"2,273",360,0.14,"352,340","68,230","59,284","19,642",0.22,0.25,0.18
0.51,"1,555",383,0.20,"353,895","66,675","59,667","19,259",0.22,0.24,0.17
0.52,"1,947",462,0.19,"355,842","64,728","60,129","18,797",0.23,0.24,0.17
0.53,"3,859",698,0.15,"359,701","60,869","60,827","18,099",0.23,0.23,0.16
0.54,"2,530",615,0.20,"362,231","58,339","61,442","17,484",0.23,0.22,0.15
0.55,"3,102",571,0.16,"365,333","55,237","62,013","16,913",0.23,0.21,0.14
0.56,"3,189",782,0.20,"368,522","52,048","62,795","16,131",0.24,0.20,0.14
0.57,"3,245",812,0.20,"371,767","48,803","63,607","15,319",0.24,0.19,0.13
0.58,"2,849",708,0.20,"374,616","45,954","64,315","14,611",0.24,0.19,0.12
0.59,"3,583","1,085",0.23,"378,199","42,371","65,400","13,526",0.24,0.17,0.11
0.6,"1,510",454,0.23,"379,709","40,861","65,854","13,072",0.24,0.17,0.11
0.61,"1,873",666,0.26,"381,582","38,988","66,520","12,406",0.24,0.16,0.10
0.62,"1,451",366,0.20,"383,033","37,537","66,886","12,040",0.24,0.15,0.10
0.63,"1,830",395,0.18,"384,863","35,707","67,281","11,645",0.25,0.15,0.09
0.64,"1,453",351,0.19,"386,316","34,254","67,632","11,294",0.25,0.14,0.09
0.65,"1,523",384,0.20,"387,839","32,731","68,016","10,910",0.25,0.14,0.09
0.66,"1,645",435,0.21,"389,484","31,086","68,451","10,475",0.25,0.13,0.08
0.67,"1,708",445,0.21,"391,192","29,378","68,896","10,030",0.25,0.13,0.08
0.68,"1,339",395,0.23,"392,531","28,039","69,291","9,635",0.26,0.12,0.08
0.69,"1,265",470,0.27,"393,796","26,774","69,761","9,165",0.26,0.12,0.07
0.7,442,154,0.26,"394,238","26,332","69,915","9,011",0.25,0.11,0.07
0.71,621,198,0.24,"394,859","25,711","70,113","8,813",0.26,0.11,0.07
0.72,191,40,0.17,"395,050","25,520","70,153","8,773",0.26,0.11,0.07
0.73,189,36,0.16,"395,239","25,331","70,189","8,737",0.26,0.11,0.07
0.74,192,52,0.21,"395,431","25,139","70,241","8,685",0.26,0.11,0.07
0.75,155,30,0.16,"395,586","24,984","70,271","8,655",0.26,0.11,0.07
0.76,181,35,0.16,"395,767","24,803","70,306","8,620",0.26,0.11,0.07
0.77,197,56,0.22,"395,964","24,606","70,362","8,564",0.26,0.11,0.07
0.78,78,26,0.25,"396,042","24,528","70,388","8,538",0.26,0.11,0.07
0.79,277,86,0.24,"396,319","24,251","70,474","8,452",0.26,0.11,0.07
0.8,111,38,0.26,"396,430","24,140","70,512","8,414",0.26,0.11,0.07
0.81,143,39,0.21,"396,573","23,997","70,551","8,375",0.26,0.11,0.06
0.82,158,45,0.22,"396,731","23,839","70,596","8,330",0.26,0.11,0.06
0.83,553,132,0.19,"397,284","23,286","70,728","8,198",0.26,0.10,0.06
0.84,242,53,0.18,"397,526","23,044","70,781","8,145",0.26,0.10,0.06
0.85,362,139,0.28,"397,888","22,682","70,920","8,006",0.26,0.10,0.06
0.86,"1,234",283,0.19,"399,122","21,448","71,203","7,723",0.26,0.10,0.06
0.87,857,276,0.24,"399,979","20,591","71,479","7,447",0.27,0.09,0.06
0.88,"1,133",317,0.22,"401,112","19,458","71,796","7,130",0.27,0.09,0.05
0.89,"1,358",517,0.28,"402,470","18,100","72,313","6,613",0.27,0.08,0.05
0.9,"1,499",535,0.26,"403,969","16,601","72,848","6,078",0.27,0.08,0.05
0.91,"1,229",464,0.27,"405,198","15,372","73,312","5,614",0.27,0.07,0.04
0.92,"1,790",720,0.29,"406,988","13,582","74,032","4,894",0.26,0.06,0.04
0.93,967,387,0.29,"407,955","12,615","74,419","4,507",0.26,0.06,0.03
0.94,"1,084",413,0.28,"409,039","11,531","74,832","4,094",0.26,0.05,0.03
0.95,779,246,0.24,"409,818","10,752","75,078","3,848",0.26,0.05,0.03
0.96,"1,195",302,0.20,"411,013","9,557","75,380","3,546",0.27,0.04,0.03
0.97,795,279,0.26,"411,808","8,762","75,659","3,267",0.27,0.04,0.02
0.98,"1,156",362,0.24,"412,964","7,606","76,021","2,905",0.28,0.04,0.02
0.99,"1,346",481,0.26,"414,310","6,260","76,502","2,424",0.28,0.03,0.02
1.0,"6,260","2,424",0.28,"420,570",0,"78,926",0,nan,0.00,0.00
