p,Neg,Pos,mPrec,TN,FP,FN,TP,Prec,Rec,$\hat{p}$
0.0,1,0,0.00,1,"420,569",0,"78,926",0.16,1.00,1.00
0.1,351,6,0.02,352,"420,218",6,"78,920",0.16,1.00,1.00
0.2,"9,335",105,0.01,"9,687","410,883",111,"78,815",0.16,1.00,0.98
0.3,"54,206","1,614",0.03,"63,893","356,677","1,725","77,201",0.18,0.98,0.87
0.4,"126,788","8,867",0.07,"190,681","229,889","10,592","68,334",0.23,0.87,0.60
0.5,"135,065","22,312",0.14,"325,746","94,824","32,904","46,022",0.33,0.58,0.28
0.6,"69,588","24,769",0.26,"395,334","25,236","57,673","21,253",0.46,0.27,0.09
0.7,"20,595","14,954",0.42,"415,929","4,641","72,627","6,299",0.58,0.08,0.02
0.8,"3,995","4,908",0.55,"419,924",646,"77,535","1,391",0.68,0.02,0.00
0.9,625,"1,277",0.67,"420,549",21,"78,812",114,0.84,0.00,0.00
1.0,21,114,0.84,"420,570",0,"78,926",0,nan,0.00,0.00
