p,Neg,Pos,mPrec,TN,FP,FN,TP,Prec,Rec,FP/P,$\hat{p}$
0.0,"15,022","2,218",0.13,"15,022","585,793","2,218","110,533",0.16,0.98,5.195457246498923,0.98
0.1,"12,775","2,011",0.14,"27,797","573,018","4,229","108,522",0.16,0.96,5.08215448200016,0.96
0.2,"18,616","2,986",0.14,"46,413","554,402","7,215","105,536",0.16,0.94,4.917047298915309,0.92
0.3,"30,122","4,798",0.14,"76,535","524,280","12,013","100,738",0.16,0.89,4.649892240423588,0.88
0.4,"50,698","7,755",0.13,"127,233","473,582","19,768","92,983",0.16,0.82,4.200246561006111,0.79
0.5,"72,349","11,291",0.13,"199,582","401,233","31,059","81,692",0.17,0.72,3.558575977153196,0.68
0.6,"59,860","11,054",0.16,"259,442","341,373","42,113","70,638",0.17,0.63,3.027671594930422,0.58
0.7,"202,153","25,845",0.11,"461,595","139,220","67,958","44,793",0.24,0.40,1.2347562327606851,0.26
0.8,"102,955","33,511",0.25,"564,550","36,265","101,469","11,282",0.24,0.10,0.3216379455614584,0.07
0.9,"20,478","5,449",0.21,"585,028","15,787","106,918","5,833",0.27,0.05,0.14001649652774698,0.03
1.0,"15,787","5,833",0.27,"600,815",0,"112,751",0,nan,0.00,0.0,0.00
