p,Neg,Pos,mPrec,TN,FP,FN,TP,Prec,Rec,$\hat{p}$
0.0,"10,515",122,0.01,"10,515","410,055",122,"78,804",0.16,1.00,0.98
0.1,"23,796",538,0.02,"34,311","386,259",660,"78,266",0.17,0.99,0.93
0.2,"47,700","1,839",0.04,"82,011","338,559","2,499","76,427",0.18,0.97,0.83
0.3,"72,856","4,751",0.06,"154,867","265,703","7,250","71,676",0.21,0.91,0.68
0.4,"85,407","9,556",0.10,"240,274","180,296","16,806","62,120",0.26,0.79,0.49
0.5,"75,491","13,729",0.15,"315,765","104,805","30,535","48,391",0.32,0.61,0.31
0.6,"52,249","15,134",0.22,"368,014","52,556","45,669","33,257",0.39,0.42,0.17
0.7,"29,493","13,129",0.31,"397,507","23,063","58,798","20,128",0.47,0.26,0.09
0.8,"13,920","9,801",0.41,"411,427","9,143","68,599","10,327",0.53,0.13,0.04
0.9,"5,950","5,654",0.49,"417,377","3,193","74,253","4,673",0.59,0.06,0.02
1.0,"3,193","4,673",0.59,"420,570",0,"78,926",0,nan,0.00,0.00
