p,Neg,Pos,mPrec,TN,FP,FN,TP,Prec,Rec,$\hat{p}$
0.0,"7,231",73,0.01,"7,231","413,339",73,"78,853",0.16,1.00,0.99
0.05,"7,554",133,0.02,"14,785","405,785",206,"78,720",0.16,1.00,0.97
0.1,"12,659",282,0.02,"27,444","393,126",488,"78,438",0.17,0.99,0.94
0.15,"19,077",553,0.03,"46,521","374,049","1,041","77,885",0.17,0.99,0.90
0.2,"26,179","1,055",0.04,"72,700","347,870","2,096","76,830",0.18,0.97,0.85
0.25,"33,496","1,689",0.05,"106,196","314,374","3,785","75,141",0.19,0.95,0.78
0.3,"39,979","2,774",0.06,"146,175","274,395","6,559","72,367",0.21,0.92,0.69
0.35,"44,623","4,051",0.08,"190,798","229,772","10,610","68,316",0.23,0.87,0.60
0.4,"45,134","5,538",0.11,"235,932","184,638","16,148","62,778",0.25,0.80,0.50
0.45,"42,205","6,734",0.14,"278,137","142,433","22,882","56,044",0.28,0.71,0.40
0.5,"37,628","7,653",0.17,"315,765","104,805","30,535","48,391",0.32,0.61,0.31
0.55,"30,622","8,081",0.21,"346,387","74,183","38,616","40,310",0.35,0.51,0.23
0.6,"23,713","7,844",0.25,"370,100","50,470","46,460","32,466",0.39,0.41,0.17
0.65,"17,491","7,259",0.29,"387,591","32,979","53,719","25,207",0.43,0.32,0.12
0.7,"11,908","6,303",0.35,"399,499","21,071","60,022","18,904",0.47,0.24,0.08
0.75,"8,087","5,503",0.40,"407,586","12,984","65,525","13,401",0.51,0.17,0.05
0.8,"5,163","4,246",0.45,"412,749","7,821","69,771","9,155",0.54,0.12,0.03
0.85,"3,387","3,074",0.48,"416,136","4,434","72,845","6,081",0.58,0.08,0.02
0.9,"1,896","2,178",0.53,"418,032","2,538","75,023","3,903",0.61,0.05,0.01
0.95,"1,154","1,426",0.55,"419,186","1,384","76,449","2,477",0.64,0.03,0.01
1.0,"1,384","2,477",0.64,"420,570",0,"78,926",0,nan,0.00,0.00
