p,Neg,Pos,mPrec,TN,FP,FN,TP,Prec,Rec,$\hat{p}$
0.0,1,0,0.00,1,"180,244",0,"33,825",0.16,1.00,1.00
0.1,257,1,0.00,258,"179,987",1,"33,824",0.16,1.00,1.00
0.2,"5,021",78,0.02,"5,279","174,966",79,"33,746",0.16,1.00,0.97
0.3,"25,121",751,0.03,"30,400","149,845",830,"32,995",0.18,0.98,0.85
0.4,"54,035","3,985",0.07,"84,435","95,810","4,815","29,010",0.23,0.86,0.58
0.5,"55,994","9,516",0.15,"140,429","39,816","14,331","19,494",0.33,0.58,0.28
0.6,"28,764","10,310",0.26,"169,193","11,052","24,641","9,184",0.45,0.27,0.09
0.7,"8,775","6,316",0.42,"177,968","2,277","30,957","2,868",0.56,0.08,0.02
0.8,"1,956","2,190",0.53,"179,924",321,"33,147",678,0.68,0.02,0.00
0.9,302,604,0.67,"180,226",19,"33,751",74,0.80,0.00,0.00
1.0,19,74,0.80,"180,245",0,"33,825",0,nan,0.00,0.00
