p,Neg,Pos,mPrec,TN,FP,FN,TP,Prec,Rec,$\hat{p}$
0.0,"3,043",25,0.01,"3,043","177,202",25,"33,800",0.16,1.00,0.99
0.01,521,10,0.02,"3,564","176,681",35,"33,790",0.16,1.00,0.98
0.02,617,3,0.00,"4,181","176,064",38,"33,787",0.16,1.00,0.98
0.03,644,17,0.03,"4,825","175,420",55,"33,770",0.16,1.00,0.98
0.04,736,13,0.02,"5,561","174,684",68,"33,757",0.16,1.00,0.97
0.05,775,11,0.01,"6,336","173,909",79,"33,746",0.16,1.00,0.97
0.06,887,19,0.02,"7,223","173,022",98,"33,727",0.16,1.00,0.97
0.07,936,20,0.02,"8,159","172,086",118,"33,707",0.16,1.00,0.96
0.08,"1,102",15,0.01,"9,261","170,984",133,"33,692",0.16,1.00,0.96
0.09,"1,217",21,0.02,"10,478","169,767",154,"33,671",0.17,1.00,0.95
0.1,"1,338",37,0.03,"11,816","168,429",191,"33,634",0.17,0.99,0.94
0.11,"1,437",29,0.02,"13,253","166,992",220,"33,605",0.17,0.99,0.94
0.12,"1,533",41,0.03,"14,786","165,459",261,"33,564",0.17,0.99,0.93
0.13,"1,655",51,0.03,"16,441","163,804",312,"33,513",0.17,0.99,0.92
0.14,"1,818",50,0.03,"18,259","161,986",362,"33,463",0.17,0.99,0.91
0.15,"1,864",73,0.04,"20,123","160,122",435,"33,390",0.17,0.99,0.90
0.16,"2,053",70,0.03,"22,176","158,069",505,"33,320",0.17,0.99,0.89
0.17,"2,193",76,0.03,"24,369","155,876",581,"33,244",0.18,0.98,0.88
0.18,"2,253",91,0.04,"26,622","153,623",672,"33,153",0.18,0.98,0.87
0.19,"2,428",102,0.04,"29,050","151,195",774,"33,051",0.18,0.98,0.86
0.2,"2,528",92,0.04,"31,578","148,667",866,"32,959",0.18,0.97,0.85
0.21,"2,719",113,0.04,"34,297","145,948",979,"32,846",0.18,0.97,0.84
0.22,"2,716",129,0.05,"37,013","143,232","1,108","32,717",0.19,0.97,0.82
0.23,"2,997",154,0.05,"40,010","140,235","1,262","32,563",0.19,0.96,0.81
0.24,"3,063",174,0.05,"43,073","137,172","1,436","32,389",0.19,0.96,0.79
0.25,"3,110",185,0.06,"46,183","134,062","1,621","32,204",0.19,0.95,0.78
0.26,"3,228",203,0.06,"49,411","130,834","1,824","32,001",0.20,0.95,0.76
0.27,"3,322",228,0.06,"52,733","127,512","2,052","31,773",0.20,0.94,0.74
0.28,"3,417",246,0.07,"56,150","124,095","2,298","31,527",0.20,0.93,0.73
0.29,"3,649",259,0.07,"59,799","120,446","2,557","31,268",0.21,0.92,0.71
0.3,"3,636",306,0.08,"63,435","116,810","2,863","30,962",0.21,0.92,0.69
0.31,"3,689",303,0.08,"67,124","113,121","3,166","30,659",0.21,0.91,0.67
0.32,"3,848",357,0.08,"70,972","109,273","3,523","30,302",0.22,0.90,0.65
0.33,"3,874",354,0.08,"74,846","105,399","3,877","29,948",0.22,0.89,0.63
0.34,"3,886",357,0.08,"78,732","101,513","4,234","29,591",0.23,0.87,0.61
0.35,"3,821",373,0.09,"82,553","97,692","4,607","29,218",0.23,0.86,0.59
0.36,"3,958",443,0.10,"86,511","93,734","5,050","28,775",0.23,0.85,0.57
0.37,"3,889",480,0.11,"90,400","89,845","5,530","28,295",0.24,0.84,0.55
0.38,"3,941",487,0.11,"94,341","85,904","6,017","27,808",0.24,0.82,0.53
0.39,"3,799",515,0.12,"98,140","82,105","6,532","27,293",0.25,0.81,0.51
0.4,"3,795",522,0.12,"101,935","78,310","7,054","26,771",0.25,0.79,0.49
0.41,"3,705",586,0.14,"105,640","74,605","7,640","26,185",0.26,0.77,0.47
0.42,"3,612",606,0.14,"109,252","70,993","8,246","25,579",0.26,0.76,0.45
0.43,"3,580",588,0.14,"112,832","67,413","8,834","24,991",0.27,0.74,0.43
0.44,"3,500",604,0.15,"116,332","63,913","9,438","24,387",0.28,0.72,0.41
0.45,"3,580",591,0.14,"119,912","60,333","10,029","23,796",0.28,0.70,0.39
0.46,"3,367",628,0.16,"123,279","56,966","10,657","23,168",0.29,0.68,0.37
0.47,"3,313",657,0.17,"126,592","53,653","11,314","22,511",0.30,0.67,0.36
0.48,"3,200",624,0.16,"129,792","50,453","11,938","21,887",0.30,0.65,0.34
0.49,"3,150",630,0.17,"132,942","47,303","12,568","21,257",0.31,0.63,0.32
0.5,"2,949",710,0.19,"135,891","44,354","13,278","20,547",0.32,0.61,0.30
0.51,"2,847",665,0.19,"138,738","41,507","13,943","19,882",0.32,0.59,0.29
0.52,"2,776",669,0.19,"141,514","38,731","14,612","19,213",0.33,0.57,0.27
0.53,"2,626",712,0.21,"144,140","36,105","15,324","18,501",0.34,0.55,0.26
0.54,"2,384",682,0.22,"146,524","33,721","16,006","17,819",0.35,0.53,0.24
0.55,"2,378",655,0.22,"148,902","31,343","16,661","17,164",0.35,0.51,0.23
0.56,"2,226",655,0.23,"151,128","29,117","17,316","16,509",0.36,0.49,0.21
0.57,"2,160",673,0.24,"153,288","26,957","17,989","15,836",0.37,0.47,0.20
0.58,"1,967",623,0.24,"155,255","24,990","18,612","15,213",0.38,0.45,0.19
0.59,"1,837",644,0.26,"157,092","23,153","19,256","14,569",0.39,0.43,0.18
0.6,"1,739",630,0.27,"158,831","21,414","19,886","13,939",0.39,0.41,0.17
0.61,"1,708",631,0.27,"160,539","19,706","20,517","13,308",0.40,0.39,0.15
0.62,"1,574",645,0.29,"162,113","18,132","21,162","12,663",0.41,0.37,0.14
0.63,"1,454",626,0.30,"163,567","16,678","21,788","12,037",0.42,0.36,0.13
0.64,"1,385",608,0.31,"164,952","15,293","22,396","11,429",0.43,0.34,0.12
0.65,"1,257",569,0.31,"166,209","14,036","22,965","10,860",0.44,0.32,0.12
0.66,"1,154",589,0.34,"167,363","12,882","23,554","10,271",0.44,0.30,0.11
0.67,"1,097",573,0.34,"168,460","11,785","24,127","9,698",0.45,0.29,0.10
0.68,993,526,0.35,"169,453","10,792","24,653","9,172",0.46,0.27,0.09
0.69,961,530,0.36,"170,414","9,831","25,183","8,642",0.47,0.26,0.09
0.7,846,528,0.38,"171,260","8,985","25,711","8,114",0.47,0.24,0.08
0.71,769,497,0.39,"172,029","8,216","26,208","7,617",0.48,0.23,0.07
0.72,759,451,0.37,"172,788","7,457","26,659","7,166",0.49,0.21,0.07
0.73,653,461,0.41,"173,441","6,804","27,120","6,705",0.50,0.20,0.06
0.74,623,457,0.42,"174,064","6,181","27,577","6,248",0.50,0.18,0.06
0.75,546,420,0.43,"174,610","5,635","27,997","5,828",0.51,0.17,0.05
0.76,541,364,0.40,"175,151","5,094","28,361","5,464",0.52,0.16,0.05
0.77,505,396,0.44,"175,656","4,589","28,757","5,068",0.52,0.15,0.05
0.78,420,380,0.47,"176,076","4,169","29,137","4,688",0.53,0.14,0.04
0.79,418,328,0.44,"176,494","3,751","29,465","4,360",0.54,0.13,0.04
0.8,340,362,0.52,"176,834","3,411","29,827","3,998",0.54,0.12,0.03
0.81,333,304,0.48,"177,167","3,078","30,131","3,694",0.55,0.11,0.03
0.82,305,308,0.50,"177,472","2,773","30,439","3,386",0.55,0.10,0.03
0.83,300,280,0.48,"177,772","2,473","30,719","3,106",0.56,0.09,0.03
0.84,236,263,0.53,"178,008","2,237","30,982","2,843",0.56,0.08,0.02
0.85,229,234,0.51,"178,237","2,008","31,216","2,609",0.57,0.08,0.02
0.86,220,208,0.49,"178,457","1,788","31,424","2,401",0.57,0.07,0.02
0.87,203,209,0.51,"178,660","1,585","31,633","2,192",0.58,0.06,0.02
0.88,176,184,0.51,"178,836","1,409","31,817","2,008",0.59,0.06,0.02
0.89,137,174,0.56,"178,973","1,272","31,991","1,834",0.59,0.05,0.01
0.9,140,155,0.53,"179,113","1,132","32,146","1,679",0.60,0.05,0.01
0.91,140,135,0.49,"179,253",992,"32,281","1,544",0.61,0.05,0.01
0.92,117,135,0.54,"179,370",875,"32,416","1,409",0.62,0.04,0.01
0.93,85,125,0.60,"179,455",790,"32,541","1,284",0.62,0.04,0.01
0.94,103,113,0.52,"179,558",687,"32,654","1,171",0.63,0.03,0.01
0.95,73,96,0.57,"179,631",614,"32,750","1,075",0.64,0.03,0.01
0.96,85,103,0.55,"179,716",529,"32,853",972,0.65,0.03,0.01
0.97,63,85,0.57,"179,779",466,"32,938",887,0.66,0.03,0.01
0.98,52,77,0.60,"179,831",414,"33,015",810,0.66,0.02,0.01
0.99,49,73,0.60,"179,880",365,"33,088",737,0.67,0.02,0.01
1.0,365,737,0.67,"180,245",0,"33,825",0,nan,0.00,0.00
