p,Neg,Pos,mPrec,TN,FP,FN,TP,Prec,Rec,FP/P,$\hat{p}$
0.0,"15,026","2,451",0.14,"15,026","585,789","2,451","110,300",0.16,0.98,5.195421770095165,0.98
0.01,"2,352",419,0.15,"17,378","583,437","2,870","109,881",0.16,0.97,5.1745616446860785,0.97
0.02,"1,986",325,0.14,"19,364","581,451","3,195","109,556",0.16,0.97,5.156947610220752,0.97
0.03,"2,990",375,0.11,"22,354","578,461","3,570","109,181",0.16,0.97,5.130428998412431,0.96
0.04,"5,394",651,0.11,"27,748","573,067","4,221","108,530",0.16,0.96,5.0825890679461825,0.96
0.05,"6,141",909,0.13,"33,889","566,926","5,130","107,621",0.16,0.95,5.028123919078323,0.95
0.06,"7,026","1,165",0.14,"40,915","559,900","6,295","106,456",0.16,0.94,4.965809615879238,0.93
0.07,"5,850","1,072",0.15,"46,765","554,050","7,367","105,384",0.16,0.93,4.913925375384697,0.92
0.08,"8,463","1,315",0.13,"55,228","545,587","8,682","104,069",0.16,0.92,4.838866174135928,0.91
0.09,"5,502","1,002",0.15,"60,730","540,085","9,684","103,067",0.16,0.91,4.790068380768242,0.90
0.1,"4,544",721,0.14,"65,274","535,541","10,405","102,346",0.16,0.91,4.749767186100345,0.89
0.11,"5,674",669,0.11,"70,948","529,867","11,074","101,677",0.16,0.90,4.699443907371109,0.89
0.12,"6,976",938,0.12,"77,924","522,891","12,012","100,739",0.16,0.89,4.637573059218987,0.87
0.13,"5,052",828,0.14,"82,976","517,839","12,840","99,911",0.16,0.89,4.5927663612739575,0.87
0.14,"12,189","1,648",0.12,"95,165","505,650","14,488","98,263",0.16,0.87,4.484660889925588,0.85
0.15,"12,031","1,801",0.13,"107,196","493,619","16,289","96,462",0.16,0.86,4.3779567365256185,0.83
0.16,"11,755","2,380",0.17,"118,951","481,864","18,669","94,082",0.16,0.83,4.273700454984878,0.81
0.17,"7,908","1,648",0.17,"126,859","473,956","20,317","92,434",0.16,0.82,4.203563604757385,0.79
0.18,"4,279",973,0.19,"131,138","469,677","21,290","91,461",0.16,0.81,4.165612721838388,0.79
0.19,"4,395",666,0.13,"135,533","465,282","21,956","90,795",0.16,0.81,4.126633023210437,0.78
0.2,"4,659",753,0.14,"140,192","460,623","22,709","90,042",0.16,0.80,4.085311881934528,0.77
0.21,"5,315",834,0.14,"145,507","455,308","23,543","89,208",0.16,0.79,4.038172610442479,0.76
0.22,"4,825",952,0.16,"150,332","450,483","24,495","88,256",0.16,0.78,3.995379198410657,0.75
0.23,"5,540",951,0.15,"155,872","444,943","25,446","87,305",0.16,0.77,3.94624437920728,0.75
0.24,"3,523",738,0.17,"159,395","441,420","26,184","86,567",0.16,0.77,3.914998536598345,0.74
0.25,"2,266",544,0.19,"161,661","439,154","26,728","86,023",0.16,0.76,3.894901153870032,0.74
0.26,"2,584",275,0.10,"164,245","436,570","27,003","85,748",0.16,0.76,3.8719833970430417,0.73
0.27,"4,595",466,0.09,"168,840","431,975","27,469","85,282",0.16,0.76,3.8312298782272443,0.72
0.28,"6,713",906,0.12,"175,553","425,262","28,375","84,376",0.17,0.75,3.771691603622141,0.71
0.29,"8,347","1,408",0.14,"183,900","416,915","29,783","82,968",0.17,0.74,3.697661218082323,0.70
0.3,"6,695","1,243",0.16,"190,595","410,220","31,026","81,725",0.17,0.72,3.638282587294126,0.69
0.31,"4,707","1,062",0.18,"195,302","405,513","32,088","80,663",0.17,0.72,3.5965357291731337,0.68
0.32,"4,041",755,0.16,"199,343","401,472","32,843","79,908",0.17,0.71,3.560695692277674,0.67
0.33,"5,929",821,0.12,"205,272","395,543","33,664","79,087",0.17,0.70,3.508110792808933,0.67
0.34,"7,245",919,0.11,"212,517","388,298","34,583","78,168",0.17,0.69,3.4438541565041554,0.65
0.35,"11,875","1,760",0.13,"224,392","376,423","36,343","76,408",0.17,0.68,3.3385335828507063,0.63
0.36,"13,664","2,279",0.14,"238,056","362,759","38,622","74,129",0.17,0.66,3.217346187616961,0.61
0.37,"14,877","2,337",0.14,"252,933","347,882","40,959","71,792",0.17,0.64,3.0854005729439207,0.59
0.38,"17,162","2,770",0.14,"270,095","330,720","43,729","69,022",0.17,0.61,2.933189062624722,0.56
0.39,"18,908","2,995",0.14,"289,003","311,812","46,724","66,027",0.17,0.59,2.765492102065614,0.53
0.4,"20,014","3,503",0.15,"309,017","291,798","50,227","62,524",0.18,0.55,2.5879859158677085,0.50
0.41,"21,248","3,519",0.14,"330,265","270,550","53,746","59,005",0.18,0.52,2.399535259110784,0.46
0.42,"17,618","3,457",0.16,"347,883","252,932","57,203","55,548",0.18,0.49,2.2432794387632926,0.43
0.43,"18,017","3,201",0.15,"365,900","234,915","60,404","52,347",0.18,0.46,2.083484847141045,0.40
0.44,"15,115","2,816",0.16,"381,015","219,800","63,220","49,531",0.18,0.44,1.9494283864444661,0.38
0.45,"14,634","2,629",0.15,"395,649","205,166","65,849","46,902",0.19,0.42,1.8196379632996602,0.35
0.46,"11,271","2,407",0.18,"406,920","193,895","68,256","44,495",0.19,0.39,1.7196743266135113,0.33
0.47,"9,440","1,948",0.17,"416,360","184,455","70,204","42,547",0.19,0.38,1.6359500137471064,0.32
0.48,"9,350","1,684",0.15,"425,710","175,105","71,888","40,863",0.19,0.36,1.5530239199652331,0.30
0.49,"7,818","1,564",0.17,"433,528","167,287","73,452","39,299",0.19,0.35,1.483685288822272,0.29
0.5,"6,363","1,301",0.17,"439,891","160,924","74,753","37,998",0.19,0.34,1.427251199545902,0.28
0.51,"5,508","1,227",0.18,"445,399","155,416","75,980","36,771",0.19,0.33,1.3784001915725803,0.27
0.52,"5,331","1,140",0.18,"450,730","150,085","77,120","35,631",0.19,0.32,1.3311190144655036,0.26
0.53,"4,298","1,039",0.19,"455,028","145,787","78,159","34,592",0.19,0.31,1.2929996186286596,0.25
0.54,"5,281","1,000",0.16,"460,309","140,506","79,159","33,592",0.19,0.30,1.2461618965685448,0.24
0.55,"5,171","1,040",0.17,"465,480","135,335","80,199","32,552",0.19,0.29,1.2002997756117462,0.24
0.56,"4,411",729,0.14,"469,891","130,924","80,928","31,823",0.20,0.28,1.1611781713687683,0.23
0.57,"4,788",819,0.15,"474,679","126,136","81,747","31,004",0.20,0.27,1.1187129160716978,0.22
0.58,"5,335","1,053",0.16,"480,014","120,801","82,800","29,951",0.20,0.27,1.0713962625608642,0.21
0.59,"4,363","1,057",0.20,"484,377","116,438","83,857","28,894",0.20,0.26,1.0327003751629698,0.20
0.6,"4,581","1,013",0.18,"488,958","111,857","84,870","27,881",0.20,0.25,0.9920710237603214,0.20
0.61,"4,127",819,0.17,"493,085","107,730","85,689","27,062",0.20,0.24,0.955468244184087,0.19
0.62,"5,376","1,016",0.16,"498,461","102,354","86,705","26,046",0.20,0.23,0.9077879575347447,0.18
0.63,"4,311",981,0.19,"502,772","98,043","87,686","25,065",0.20,0.22,0.8695532633856906,0.17
0.64,"6,054","1,044",0.15,"508,826","91,989","88,730","24,021",0.21,0.21,0.8158597262995451,0.16
0.65,"6,006","1,384",0.19,"514,832","85,983","90,114","22,637",0.21,0.20,0.7625919060584828,0.15
0.66,"6,551","1,486",0.18,"521,383","79,432","91,600","21,151",0.21,0.19,0.7044904258055361,0.14
0.67,"5,256","1,342",0.20,"526,639","74,176","92,942","19,809",0.21,0.18,0.6578744312689023,0.13
0.68,"5,120","1,159",0.18,"531,759","69,056","94,101","18,650",0.21,0.17,0.6124646344600048,0.12
0.69,"3,177",810,0.20,"534,936","65,879","94,911","17,840",0.21,0.16,0.5842875007760463,0.12
0.7,"4,014",904,0.18,"538,950","61,865","95,815","16,936",0.21,0.15,0.5486869296059459,0.11
0.71,"3,607",918,0.20,"542,557","58,258","96,733","16,018",0.22,0.14,0.5166960825181152,0.10
0.72,"4,120",964,0.19,"546,677","54,138","97,697","15,054",0.22,0.13,0.4801553866484555,0.10
0.73,"3,394",791,0.19,"550,071","50,744","98,488","14,263",0.22,0.13,0.45005365806068237,0.09
0.74,"4,113",894,0.18,"554,184","46,631","99,382","13,369",0.22,0.12,0.41357504589759736,0.08
0.75,"3,460",806,0.19,"557,644","43,171","100,188","12,563",0.23,0.11,0.3828879566478346,0.08
0.76,"2,483",669,0.21,"560,127","40,688","100,857","11,894",0.23,0.11,0.36086597901570716,0.07
0.77,"2,727",632,0.19,"562,854","37,961","101,489","11,262",0.23,0.10,0.3366799407544057,0.07
0.78,"1,763",451,0.20,"564,617","36,198","101,940","10,811",0.23,0.10,0.3210437157985295,0.07
0.79,"1,807",466,0.21,"566,424","34,391","102,406","10,345",0.23,0.09,0.3050172504013268,0.06
0.8,"2,206",551,0.20,"568,630","32,185","102,957","9,794",0.23,0.09,0.28545201372936824,0.06
0.81,"2,194",578,0.21,"570,824","29,991","103,535","9,216",0.24,0.08,0.26599320626868056,0.05
0.82,"2,396",712,0.23,"573,220","27,595","104,247","8,504",0.24,0.08,0.2447428404182668,0.05
0.83,"2,276",706,0.24,"575,496","25,319","104,953","7,798",0.24,0.07,0.2245567666805616,0.05
0.84,"1,809",566,0.24,"577,305","23,510","105,519","7,232",0.24,0.06,0.20851256308148042,0.04
0.85,"1,603",512,0.24,"578,908","21,907","106,031","6,720",0.23,0.06,0.19429539427588224,0.04
0.86,"1,021",286,0.22,"579,929","20,886","106,317","6,434",0.24,0.06,0.18524004221692048,0.04
0.87,565,155,0.22,"580,494","20,321","106,472","6,279",0.24,0.06,0.18022900018625113,0.04
0.88,717,164,0.19,"581,211","19,604","106,636","6,115",0.24,0.05,0.17386985481281764,0.04
0.89,"1,115",280,0.20,"582,326","18,489","106,916","5,835",0.24,0.05,0.1639808072655675,0.03
0.9,"1,145",356,0.24,"583,471","17,344","107,272","5,479",0.24,0.05,0.1538256866901402,0.03
0.91,"1,050",246,0.19,"584,521","16,294","107,518","5,233",0.24,0.05,0.14451313070394053,0.03
0.92,"1,243",370,0.23,"585,764","15,051","107,888","4,863",0.24,0.04,0.13348883823646798,0.03
0.93,"1,073",320,0.23,"586,837","13,978","108,208","4,543",0.25,0.04,0.12397229292866582,0.03
0.94,"1,086",350,0.24,"587,923","12,892","108,558","4,193",0.25,0.04,0.11434044930865359,0.02
0.95,"1,032",305,0.23,"588,955","11,860","108,863","3,888",0.25,0.03,0.10518753713936019,0.02
0.96,853,278,0.25,"589,808","11,007","109,141","3,610",0.25,0.03,0.09762219403819035,0.02
0.97,532,185,0.26,"590,340","10,475","109,326","3,425",0.25,0.03,0.09290383233851585,0.02
0.98,685,171,0.20,"591,025","9,790","109,497","3,254",0.25,0.03,0.08682849819513797,0.02
0.99,584,175,0.23,"591,609","9,206","109,672","3,079",0.25,0.03,0.08164894324662308,0.02
1.0,"9,206","3,079",0.25,"600,815",0,"112,751",0,nan,0.00,0.0,0.00
