p,Neg,Pos,mPrec,TN,FP,FN,TP,Prec,Rec,FP/P,$\hat{p}$
0.0,"6,009",60,0.01,"6,009","594,806",60,"112,691",0.16,1.00,5.275394453264273,0.99
0.01,"1,285",13,0.01,"7,294","593,521",73,"112,678",0.16,1.00,5.2639976585573525,0.99
0.02,"1,469",22,0.01,"8,763","592,052",95,"112,656",0.16,1.00,5.2509689492776115,0.99
0.03,"1,653",20,0.01,"10,416","590,399",115,"112,636",0.16,1.00,5.2363083254250515,0.99
0.04,"1,918",26,0.01,"12,334","588,481",141,"112,610",0.16,1.00,5.219297389823594,0.98
0.05,"2,084",35,0.02,"14,418","586,397",176,"112,575",0.16,1.00,5.200814183466222,0.98
0.06,"2,517",47,0.02,"16,935","583,880",223,"112,528",0.16,1.00,5.17849065640216,0.98
0.07,"2,697",48,0.02,"19,632","581,183",271,"112,480",0.16,1.00,5.154570691169036,0.97
0.08,"3,040",55,0.02,"22,672","578,143",326,"112,425",0.16,1.00,5.127608624313753,0.97
0.09,"3,482",80,0.02,"26,154","574,661",406,"112,345",0.16,1.00,5.096726414843327,0.96
0.1,"3,738",85,0.02,"29,892","570,923",491,"112,260",0.16,1.00,5.063573715532456,0.96
0.11,"4,285",80,0.02,"34,177","566,638",571,"112,180",0.17,0.99,5.025569618007823,0.95
0.12,"4,610",111,0.02,"38,787","562,028",682,"112,069",0.17,0.99,4.984683062677936,0.94
0.13,"5,065",119,0.02,"43,852","556,963",801,"111,950",0.17,0.99,4.939761066420697,0.94
0.14,"5,532",154,0.03,"49,384","551,431",955,"111,796",0.17,0.99,4.890697200024833,0.93
0.15,"6,080",179,0.03,"55,464","545,351","1,134","111,617",0.17,0.99,4.836773066314268,0.92
0.16,"6,602",218,0.03,"62,066","538,749","1,352","111,399",0.17,0.99,4.77821926191342,0.91
0.17,"7,045",254,0.03,"69,111","531,704","1,606","111,145",0.17,0.99,4.715736445796489,0.90
0.18,"7,458",274,0.04,"76,569","524,246","1,880","110,871",0.17,0.98,4.649590690991654,0.89
0.19,"8,108",305,0.04,"84,677","516,138","2,185","110,566",0.18,0.98,4.577680020576314,0.88
0.2,"8,429",337,0.04,"93,106","507,709","2,522","110,229",0.18,0.98,4.502922368759479,0.87
0.21,"8,866",349,0.04,"101,972","498,843","2,871","109,880",0.18,0.97,4.424288919832197,0.85
0.22,"9,422",406,0.04,"111,394","489,421","3,277","109,474",0.18,0.97,4.340724250782698,0.84
0.23,"9,991",471,0.05,"121,385","479,430","3,748","109,003",0.19,0.97,4.252113063298774,0.82
0.24,"10,390",530,0.05,"131,775","469,040","4,278","108,473",0.19,0.96,4.159963104540092,0.81
0.25,"10,957",602,0.05,"142,732","458,083","4,880","107,871",0.19,0.96,4.062784365548865,0.79
0.26,"11,356",708,0.06,"154,088","446,727","5,588","107,163",0.19,0.95,3.96206685528288,0.78
0.27,"11,650",720,0.06,"165,738","435,077","6,308","106,443",0.20,0.94,3.85874182934076,0.76
0.28,"12,292",809,0.06,"178,030","422,785","7,117","105,634",0.20,0.94,3.749722840595649,0.74
0.29,"12,701",872,0.06,"190,731","410,084","7,989","104,762",0.20,0.93,3.63707638956639,0.72
0.3,"13,072",974,0.07,"203,803","397,012","8,963","103,788",0.21,0.92,3.521139502088673,0.70
0.31,"13,489","1,019",0.07,"217,292","383,523","9,982","102,769",0.21,0.91,3.401504199519295,0.68
0.32,"13,428","1,161",0.08,"230,720","370,095","11,143","101,608",0.22,0.90,3.2824099121072097,0.66
0.33,"13,935","1,209",0.08,"244,655","356,160","12,352","100,399",0.22,0.89,3.158818990518931,0.64
0.34,"14,057","1,355",0.09,"258,712","342,103","13,707","99,044",0.22,0.88,3.0341460386160657,0.62
0.35,"14,150","1,482",0.09,"272,862","327,953","15,189","97,562",0.23,0.87,2.9086482603258506,0.60
0.36,"14,154","1,576",0.10,"287,016","313,799","16,765","95,986",0.23,0.85,2.783115005631879,0.57
0.37,"13,952","1,601",0.10,"300,968","299,847","18,366","94,385",0.24,0.84,2.6593733093276333,0.55
0.38,"14,319","1,769",0.11,"315,287","285,528","20,135","92,616",0.24,0.82,2.5323766529786877,0.53
0.39,"13,780","1,807",0.12,"329,067","271,748","21,942","90,809",0.25,0.81,2.410160442035991,0.51
0.4,"13,895","1,964",0.12,"342,962","257,853","23,906","88,845",0.26,0.79,2.2869242844852815,0.49
0.41,"13,538","1,997",0.13,"356,500","244,315","25,903","86,848",0.26,0.77,2.1668543959698807,0.46
0.42,"13,247","2,094",0.14,"369,747","231,068","27,997","84,754",0.27,0.75,2.0493654158277974,0.44
0.43,"12,800","2,166",0.14,"382,547","218,268","30,163","82,588",0.27,0.73,1.9358409238055538,0.42
0.44,"12,815","2,194",0.15,"395,362","205,453","32,357","80,394",0.28,0.71,1.8221833952692215,0.40
0.45,"12,585","2,295",0.15,"407,947","192,868","34,652","78,099",0.29,0.69,1.710565759948914,0.38
0.46,"12,338","2,307",0.16,"420,285","180,530","36,959","75,792",0.30,0.67,1.6011387925605982,0.36
0.47,"11,680","2,363",0.17,"431,965","168,850","39,322","73,429",0.30,0.65,1.4975476935903007,0.34
0.48,"11,133","2,491",0.18,"443,098","157,717","41,813","70,938",0.31,0.63,1.3988079928337664,0.32
0.49,"10,873","2,513",0.19,"453,971","146,844","44,326","68,425",0.32,0.61,1.302374258321434,0.30
0.5,"10,261","2,431",0.19,"464,232","136,583","46,757","65,994",0.33,0.59,1.211368413583915,0.28
0.51,"9,825","2,560",0.21,"474,057","126,758","49,317","63,434",0.33,0.56,1.1242294968559037,0.27
0.52,"9,390","2,506",0.21,"483,447","117,368","51,823","60,928",0.34,0.54,1.0409486390364608,0.25
0.53,"8,928","2,616",0.23,"492,375","108,440","54,439","58,312",0.35,0.52,0.9617653058509459,0.23
0.54,"8,277","2,485",0.23,"500,652","100,163","56,924","55,827",0.36,0.50,0.8883557573768747,0.22
0.55,"7,899","2,562",0.24,"508,551","92,264","59,486","53,265",0.37,0.47,0.8182987290578354,0.20
0.56,"7,317","2,362",0.24,"515,868","84,947","61,848","50,903",0.37,0.45,0.7534035174854326,0.19
0.57,"6,920","2,442",0.26,"522,788","78,027","64,290","48,461",0.38,0.43,0.692029338985907,0.18
0.58,"6,678","2,405",0.26,"529,466","71,349","66,695","46,056",0.39,0.41,0.632801482913677,0.16
0.59,"6,131","2,350",0.28,"535,597","65,218","69,045","43,706",0.40,0.39,0.5784250250552102,0.15
0.6,"5,713","2,364",0.29,"541,310","59,505","71,409","41,342",0.41,0.37,0.5277558513893447,0.14
0.61,"5,248","2,194",0.29,"546,558","54,257","73,603","39,148",0.42,0.35,0.4812108096602247,0.13
0.62,"4,943","2,182",0.31,"551,501","49,314","75,785","36,966",0.43,0.33,0.43737084371757234,0.12
0.63,"4,481","2,181",0.33,"555,982","44,833","77,966","34,785",0.44,0.31,0.39762840240884784,0.11
0.64,"4,065","2,068",0.34,"560,047","40,768","80,034","32,717",0.45,0.29,0.3615755070908462,0.10
0.65,"3,793","1,978",0.34,"563,840","36,975","82,012","30,739",0.45,0.27,0.32793500722831725,0.09
0.66,"3,517","1,924",0.35,"567,357","33,458","83,936","28,815",0.46,0.26,0.29674237922501795,0.09
0.67,"3,179","1,892",0.37,"570,536","30,279","85,828","26,923",0.47,0.24,0.26854750733918104,0.08
0.68,"2,924","1,816",0.38,"573,460","27,355","87,644","25,107",0.48,0.22,0.24261425619284974,0.07
0.69,"2,666","1,734",0.39,"576,126","24,689","89,378","23,373",0.49,0.21,0.21896923308884178,0.07
0.7,"2,543","1,690",0.40,"578,669","22,146","91,068","21,683",0.49,0.19,0.19641510940036008,0.06
0.71,"2,236","1,577",0.41,"580,905","19,910","92,645","20,106",0.50,0.18,0.1765837997002244,0.06
0.72,"2,031","1,494",0.42,"582,936","17,879","94,139","18,612",0.51,0.17,0.15857065569263243,0.05
0.73,"1,819","1,413",0.44,"584,755","16,060","95,552","17,199",0.52,0.15,0.1424377610841589,0.05
0.74,"1,700","1,386",0.45,"586,455","14,360","96,938","15,813",0.52,0.14,0.12736028948745465,0.04
0.75,"1,521","1,295",0.46,"587,976","12,839","98,233","14,518",0.53,0.13,0.11387038695887398,0.04
0.76,"1,378","1,224",0.47,"589,354","11,461","99,457","13,294",0.54,0.12,0.1016487658646043,0.03
0.77,"1,274","1,097",0.46,"590,628","10,187","100,554","12,197",0.54,0.11,0.09034953126801536,0.03
0.78,"1,129","1,036",0.48,"591,757","9,058","101,590","11,161",0.55,0.10,0.0803363163076159,0.03
0.79,"1,017",970,0.49,"592,774","8,041","102,560","10,191",0.56,0.09,0.07131644065241106,0.03
0.8,933,911,0.49,"593,707","7,108","103,471","9,280",0.57,0.08,0.0630415694761022,0.02
0.81,814,808,0.50,"594,521","6,294","104,279","8,472",0.57,0.08,0.055822121311562646,0.02
0.82,722,782,0.52,"595,243","5,572","105,061","7,690",0.58,0.07,0.04941863043343296,0.02
0.83,686,673,0.50,"595,929","4,886","105,734","7,017",0.59,0.06,0.04333442718911584,0.02
0.84,556,650,0.54,"596,485","4,330","106,384","6,367",0.60,0.06,0.038403207066899626,0.01
0.85,511,603,0.54,"596,996","3,819","106,987","5,764",0.60,0.05,0.033871096486949116,0.01
0.86,466,522,0.53,"597,462","3,353","107,509","5,242",0.61,0.05,0.02973809544926431,0.01
0.87,431,471,0.52,"597,893","2,922","107,980","4,771",0.62,0.04,0.02591551294445282,0.01
0.88,365,464,0.56,"598,258","2,557","108,444","4,307",0.63,0.04,0.022678291101631026,0.01
0.89,330,420,0.56,"598,588","2,227","108,864","3,887",0.64,0.03,0.019751487791682558,0.01
0.9,274,386,0.58,"598,862","1,953","109,250","3,501",0.64,0.03,0.017321354134331404,0.01
0.91,264,336,0.56,"599,126","1,689","109,586","3,165",0.65,0.03,0.014979911486372626,0.01
0.92,215,304,0.59,"599,341","1,474","109,890","2,861",0.66,0.03,0.013073054784436502,0.01
0.93,199,289,0.59,"599,540","1,275","110,179","2,572",0.67,0.02,0.011308103697528181,0.01
0.94,156,256,0.62,"599,696","1,119","110,435","2,316",0.67,0.02,0.009924523951007087,0.00
0.95,158,236,0.60,"599,854",961,"110,671","2,080",0.68,0.02,0.008523206002607515,0.00
0.96,124,216,0.64,"599,978",837,"110,887","1,864",0.69,0.02,0.00742343748614203,0.00
0.97,110,212,0.66,"600,088",727,"111,099","1,652",0.69,0.01,0.006447836382825873,0.00
0.98,110,179,0.62,"600,198",617,"111,278","1,473",0.70,0.01,0.005472235279509716,0.00
0.99,96,168,0.64,"600,294",521,"111,446","1,305",0.71,0.01,0.004620801589342889,0.00
1.0,521,"1,305",0.71,"600,815",0,"112,751",0,nan,0.00,0.0,0.00
