p,Neg,Pos,mPrec,TN,FP,FN,TP,Prec,Rec,$\hat{p}$
0.0,1,0,0.00,1,"180,244",0,"33,825",0.16,1.00,1.00
0.1,"1,777",139,0.07,"1,778","178,467",139,"33,686",0.16,1.00,0.99
0.2,"31,214","3,999",0.11,"32,992","147,253","4,138","29,687",0.17,0.88,0.83
0.3,"112,274","18,494",0.14,"145,266","34,979","22,632","11,193",0.24,0.33,0.22
0.4,"29,360","8,803",0.23,"174,626","5,619","31,435","2,390",0.30,0.07,0.04
0.5,"5,244","2,154",0.29,"179,870",375,"33,589",236,0.39,0.01,0.00
0.6,353,218,0.38,"180,223",22,"33,807",18,0.45,0.00,0.00
0.7,16,15,0.48,"180,239",6,"33,822",3,0.33,0.00,0.00
0.8,2,1,0.33,"180,241",4,"33,823",2,0.33,0.00,0.00
0.9,2,1,0.33,"180,243",2,"33,824",1,0.33,0.00,0.00
1.0,2,1,0.33,"180,245",0,"33,825",0,nan,0.00,0.00
