p,Neg,Pos,mPrec,TN,FP,FN,TP,Prec,Rec,FP/P,$\hat{p}$
0.0,1,0,0.00,1,"600,814",0,"112,751",0.16,1.00,5.328680011707213,1.00
0.01,1,0,0.00,2,"600,813",0,"112,751",0.16,1.00,5.328671142606274,1.00
0.02,1,0,0.00,3,"600,812",0,"112,751",0.16,1.00,5.328662273505334,1.00
0.03,3,0,0.00,6,"600,809",0,"112,751",0.16,1.00,5.328635666202517,1.00
0.04,3,0,0.00,9,"600,806",0,"112,751",0.16,1.00,5.3286090588996995,1.00
0.05,7,0,0.00,16,"600,799",0,"112,751",0.16,1.00,5.328546975193125,1.00
0.06,18,0,0.00,34,"600,781",0,"112,751",0.16,1.00,5.328387331376218,1.00
0.07,32,1,0.03,66,"600,749",1,"112,750",0.16,1.00,5.328103520146163,1.00
0.08,47,1,0.02,113,"600,702",2,"112,749",0.16,1.00,5.327686672402018,1.00
0.09,84,1,0.01,197,"600,618",3,"112,748",0.16,1.00,5.326941667923123,1.00
0.1,107,1,0.01,304,"600,511",4,"112,747",0.16,1.00,5.325992674122624,1.00
0.11,186,2,0.01,490,"600,325",6,"112,745",0.16,1.00,5.324343021347926,1.00
0.12,233,1,0.00,723,"600,092",7,"112,744",0.16,1.00,5.322276520829083,1.00
0.13,351,1,0.00,"1,074","599,741",8,"112,743",0.16,1.00,5.319163466399411,1.00
0.14,466,5,0.01,"1,540","599,275",13,"112,738",0.16,1.00,5.315030465361726,1.00
0.15,674,10,0.01,"2,214","598,601",23,"112,728",0.16,1.00,5.30905269132868,1.00
0.16,955,7,0.01,"3,169","597,646",30,"112,721",0.16,1.00,5.300582699931708,1.00
0.17,"1,229",11,0.01,"4,398","596,417",41,"112,710",0.16,1.00,5.289682574877385,0.99
0.18,"1,503",19,0.01,"5,901","594,914",60,"112,691",0.16,1.00,5.276352316165711,0.99
0.19,"1,947",22,0.01,"7,848","592,967",82,"112,669",0.16,1.00,5.259084176637014,0.99
0.2,"2,406",30,0.01,"10,254","590,561",112,"112,639",0.16,1.00,5.237745119777208,0.99
0.21,"2,874",44,0.02,"13,128","587,687",156,"112,595",0.16,1.00,5.212255323677839,0.98
0.22,"3,588",65,0.02,"16,716","584,099",221,"112,530",0.16,1.00,5.180432989507854,0.98
0.23,"4,113",72,0.02,"20,829","579,986",293,"112,458",0.16,1.00,5.143954377344769,0.97
0.24,"5,063",107,0.02,"25,892","574,923",400,"112,351",0.16,1.00,5.099050119289408,0.96
0.25,"5,861",124,0.02,"31,753","569,062",524,"112,227",0.16,1.00,5.047068318684535,0.95
0.26,"6,719",151,0.02,"38,472","562,343",675,"112,076",0.17,0.99,4.987476829473796,0.95
0.27,"7,794",196,0.02,"46,266","554,549",871,"111,880",0.17,0.99,4.918351056753377,0.93
0.28,"8,901",254,0.03,"55,167","545,648","1,125","111,626",0.17,0.99,4.839407189293222,0.92
0.29,"10,027",343,0.03,"65,194","535,621","1,468","111,283",0.17,0.99,4.750476714175484,0.91
0.3,"11,112",404,0.04,"76,306","524,509","1,872","110,879",0.17,0.98,4.651923264538674,0.89
0.31,"12,294",467,0.04,"88,600","512,215","2,339","110,412",0.18,0.98,4.542886537591684,0.87
0.32,"13,179",522,0.04,"101,779","499,036","2,861","109,890",0.18,0.97,4.4260006563134695,0.85
0.33,"14,329",623,0.04,"116,108","484,707","3,484","109,267",0.18,0.97,4.298915308955131,0.83
0.34,"15,530",786,0.05,"131,638","469,177","4,270","108,481",0.19,0.96,4.1611781713687686,0.81
0.35,"16,635",954,0.05,"148,273","452,542","5,224","107,527",0.19,0.95,4.013640677244548,0.78
0.36,"17,480","1,085",0.06,"165,753","435,062","6,309","106,442",0.20,0.94,3.8586087928266712,0.76
0.37,"18,670","1,216",0.06,"184,423","416,392","7,525","105,226",0.20,0.93,3.6930226782911015,0.73
0.38,"19,553","1,452",0.07,"203,976","396,839","8,977","103,774",0.21,0.92,3.519605147626185,0.70
0.39,"20,313","1,628",0.07,"224,289","376,526","10,605","102,146",0.21,0.91,3.339447100247448,0.67
0.4,"20,699","1,774",0.08,"244,988","355,827","12,379","100,372",0.22,0.89,3.155865579906165,0.64
0.41,"21,217","2,111",0.09,"266,205","334,610","14,490","98,261",0.23,0.87,2.9676898652783565,0.61
0.42,"21,293","2,334",0.10,"287,498","313,317","16,824","95,927",0.23,0.85,2.7788400989791664,0.57
0.43,"21,272","2,496",0.11,"308,770","292,045","19,320","93,431",0.24,0.83,2.5901765837997,0.54
0.44,"20,946","2,735",0.12,"329,716","271,099","22,055","90,696",0.25,0.80,2.4044043955264254,0.51
0.45,"20,740","2,993",0.13,"350,456","250,359","25,048","87,703",0.26,0.78,2.220459242046634,0.47
0.46,"20,082","3,062",0.13,"370,538","230,277","28,110","84,641",0.27,0.75,2.0423499569848604,0.44
0.47,"19,264","3,298",0.15,"389,802","211,013","31,408","81,343",0.28,0.72,1.8714955964913838,0.41
0.48,"19,050","3,409",0.15,"408,852","191,963","34,817","77,934",0.29,0.69,1.7025392235989039,0.38
0.49,"18,271","3,489",0.16,"427,123","173,692","38,306","74,445",0.30,0.66,1.54049188033809,0.35
0.5,"16,910","3,717",0.18,"444,033","156,782","42,023","70,728",0.31,0.63,1.390515383455579,0.32
0.51,"16,039","3,717",0.19,"460,072","140,743","45,740","67,011",0.32,0.59,1.2482638734911442,0.29
0.52,"14,882","3,815",0.20,"474,954","125,861","49,555","63,196",0.33,0.56,1.1162739133134074,0.26
0.53,"13,904","3,855",0.22,"488,858","111,957","53,410","59,341",0.35,0.53,0.9929579338542452,0.24
0.54,"12,714","3,772",0.23,"501,572","99,243","57,182","55,569",0.36,0.49,0.8801961845127759,0.22
0.55,"11,522","3,750",0.25,"513,094","87,721","60,932","51,819",0.37,0.46,0.7780064034908781,0.20
0.56,"10,545","3,640",0.26,"523,639","77,176","64,572","48,179",0.38,0.43,0.6844817340866156,0.18
0.57,"9,686","3,577",0.27,"533,325","67,490","68,149","44,602",0.40,0.40,0.5985756223891584,0.16
0.58,"8,688","3,562",0.29,"542,013","58,802","71,711","41,040",0.41,0.36,0.5215208734290605,0.14
0.59,"7,815","3,287",0.30,"549,828","50,987","74,998","37,753",0.43,0.33,0.45220884958891716,0.12
0.6,"6,702","3,271",0.33,"556,530","44,285","78,269","34,482",0.44,0.31,0.3927681350941455,0.11
0.61,"6,048","3,066",0.34,"562,578","38,237","81,335","31,416",0.45,0.28,0.33912781261363534,0.10
0.62,"5,265","2,920",0.36,"567,843","32,972","84,255","28,496",0.46,0.25,0.29243199616854837,0.09
0.63,"4,627","2,769",0.37,"572,470","28,345","87,024","25,727",0.48,0.23,0.2513946661226951,0.08
0.64,"4,089","2,632",0.39,"576,559","24,256","89,656","23,095",0.49,0.20,0.21512891238215182,0.07
0.65,"3,677","2,470",0.40,"580,236","20,579","92,126","20,625",0.50,0.18,0.18251722822857447,0.06
0.66,"3,073","2,281",0.43,"583,309","17,506","94,407","18,344",0.51,0.16,0.15526248104229673,0.05
0.67,"2,634","2,095",0.44,"585,943","14,872","96,502","16,249",0.52,0.14,0.1319012691683444,0.04
0.68,"2,285","2,003",0.47,"588,228","12,587","98,505","14,246",0.53,0.13,0.11163537352218605,0.04
0.69,"2,034","1,734",0.46,"590,262","10,553","100,239","12,512",0.54,0.11,0.09359562221177639,0.03
0.7,"1,716","1,566",0.48,"591,978","8,837","101,805","10,946",0.55,0.10,0.07837624500004435,0.03
0.71,"1,485","1,410",0.49,"593,463","7,352","103,215","9,536",0.56,0.08,0.06520563010527623,0.02
0.72,"1,246","1,218",0.49,"594,709","6,106","104,433","8,318",0.58,0.07,0.05415473033498594,0.02
0.73,"1,040","1,133",0.52,"595,749","5,066","105,566","7,185",0.59,0.06,0.04493086535817864,0.02
0.74,857,955,0.53,"596,606","4,209","106,521","6,230",0.60,0.06,0.03733004585325186,0.01
0.75,731,845,0.54,"597,337","3,478","107,366","5,385",0.61,0.05,0.030846733066669033,0.01
0.76,656,733,0.53,"597,993","2,822","108,099","4,652",0.62,0.04,0.025028602850529044,0.01
0.77,515,654,0.56,"598,508","2,307","108,753","3,998",0.63,0.04,0.02046101586682158,0.01
0.78,420,593,0.59,"598,928","1,887","109,346","3,405",0.64,0.03,0.01673599347234171,0.01
0.79,363,479,0.57,"599,291","1,524","109,825","2,926",0.66,0.03,0.01351650983139839,0.01
0.8,298,419,0.58,"599,589","1,226","110,244","2,507",0.67,0.02,0.01087351775150553,0.01
0.81,239,378,0.61,"599,828",987,"110,622","2,129",0.68,0.02,0.008753802627027699,0.00
0.82,179,316,0.64,"600,007",808,"110,938","1,813",0.69,0.02,0.007166233558904134,0.00
0.83,171,295,0.63,"600,178",637,"111,233","1,518",0.70,0.01,0.005649617298294472,0.00
0.84,139,268,0.66,"600,317",498,"111,501","1,250",0.72,0.01,0.004416812267740419,0.00
0.85,118,277,0.70,"600,435",380,"111,778",973,0.72,0.01,0.00337025835691036,0.00
0.86,96,198,0.67,"600,531",284,"111,976",775,0.73,0.01,0.002518824666743532,0.00
0.87,61,176,0.74,"600,592",223,"112,152",599,0.73,0.01,0.001977809509450027,0.00
0.88,55,138,0.72,"600,647",168,"112,290",461,0.73,0.00,0.0014900089577919485,0.00
0.89,54,112,0.67,"600,701",114,"112,402",349,0.75,0.00,0.001011077507073108,0.00
0.9,33,83,0.72,"600,734",81,"112,485",266,0.77,0.00,0.000718397176078261,0.00
0.91,35,77,0.69,"600,769",46,"112,562",189,0.80,0.00,0.0004079786432049383,0.00
0.92,22,59,0.73,"600,791",24,"112,621",130,0.84,0.00,0.00021285842254170696,0.00
0.93,5,53,0.91,"600,796",19,"112,674",77,0.80,0.00,0.000168512917845518,0.00
0.94,8,27,0.77,"600,804",11,"112,701",50,0.82,0.00,9.756011033161568e-05,0.00
0.95,3,21,0.88,"600,807",8,"112,722",29,0.78,0.00,7.095280751390231e-05,0.00
0.96,3,6,0.67,"600,810",5,"112,728",23,0.82,0.00,4.4345504696188944e-05,0.00
0.97,1,9,0.90,"600,811",4,"112,737",14,0.78,0.00,3.5476403756951156e-05,0.00
0.98,1,7,0.88,"600,812",3,"112,744",7,0.70,0.00,2.660730281771337e-05,0.00
0.99,1,3,0.75,"600,813",2,"112,747",4,0.67,0.00,1.7738201878475578e-05,0.00
1.0,2,4,0.67,"600,815",0,"112,751",0,nan,0.00,0.0,0.00
