p,Neg,Pos,mPrec,TN,FP,FN,TP,Prec,Rec,$\hat{p}$
0.0,"2,136",134,0.06,"2,136","418,434",134,"78,792",0.16,1.00,1.00
0.05,"26,263","3,113",0.11,"28,399","392,171","3,247","75,679",0.16,0.96,0.94
0.1,"81,632","9,977",0.11,"110,031","310,539","13,224","65,702",0.17,0.83,0.75
0.15,"122,250","21,074",0.15,"232,281","188,289","34,298","44,628",0.19,0.57,0.47
0.2,"60,843","11,709",0.16,"293,124","127,446","46,007","32,919",0.21,0.42,0.32
0.25,"40,490","9,241",0.19,"333,614","86,956","55,248","23,678",0.21,0.30,0.22
0.3,"7,583","1,911",0.20,"341,197","79,373","57,159","21,767",0.22,0.28,0.20
0.35,"1,995",528,0.21,"343,192","77,378","57,687","21,239",0.22,0.27,0.20
0.4,297,63,0.17,"343,489","77,081","57,750","21,176",0.22,0.27,0.20
0.45,"1,786",306,0.15,"345,275","75,295","58,056","20,870",0.22,0.26,0.19
0.5,"7,065","1,228",0.15,"352,340","68,230","59,284","19,642",0.22,0.25,0.18
0.55,"13,876","2,924",0.17,"366,216","54,354","62,208","16,718",0.24,0.21,0.14
0.6,"14,570","3,993",0.22,"380,786","39,784","66,201","12,725",0.24,0.16,0.11
0.65,"8,365","2,179",0.21,"389,151","31,419","68,380","10,546",0.25,0.13,0.08
0.7,"5,715","1,733",0.23,"394,866","25,704","70,113","8,813",0.26,0.11,0.07
0.75,965,210,0.18,"395,831","24,739","70,323","8,603",0.26,0.11,0.07
0.8,804,247,0.24,"396,635","23,935","70,570","8,356",0.26,0.11,0.06
0.85,"3,225",868,0.21,"399,860","20,710","71,438","7,488",0.27,0.09,0.06
0.9,"7,307","2,705",0.27,"407,167","13,403","74,143","4,783",0.26,0.06,0.04
0.95,"5,230","1,715",0.25,"412,397","8,173","75,858","3,068",0.27,0.04,0.02
1.0,"8,173","3,068",0.27,"420,570",0,"78,926",0,nan,0.00,0.00
