p,Neg,Pos,mPrec,TN,FP,FN,TP,Prec,Rec,$\hat{p}$
0.0,"6,825",76,0.01,"6,825","392,230",76,"78,850",0.17,1.00,0.99
0.05,"7,413",138,0.02,"14,238","384,817",214,"78,712",0.17,1.00,0.97
0.1,"12,550",291,0.02,"26,788","372,267",505,"78,421",0.17,0.99,0.94
0.15,"19,213",538,0.03,"46,001","353,054","1,043","77,883",0.18,0.99,0.90
0.2,"25,869","1,060",0.04,"71,870","327,185","2,103","76,823",0.19,0.97,0.85
0.25,"32,941","1,763",0.05,"104,811","294,244","3,866","75,060",0.20,0.95,0.77
0.3,"39,366","2,715",0.06,"144,177","254,878","6,581","72,345",0.22,0.92,0.68
0.35,"43,018","4,099",0.09,"187,195","211,860","10,680","68,246",0.24,0.86,0.59
0.4,"43,293","5,532",0.11,"230,488","168,567","16,212","62,714",0.27,0.79,0.48
0.45,"40,132","6,750",0.14,"270,620","128,435","22,962","55,964",0.30,0.71,0.39
0.5,"35,069","7,664",0.18,"305,689","93,366","30,626","48,300",0.34,0.61,0.30
0.55,"28,167","8,163",0.22,"333,856","65,199","38,789","40,137",0.38,0.51,0.22
0.6,"21,263","7,926",0.27,"355,119","43,936","46,715","32,211",0.42,0.41,0.16
0.65,"15,561","7,213",0.32,"370,680","28,375","53,928","24,998",0.47,0.32,0.11
0.7,"10,401","6,272",0.38,"381,081","17,974","60,200","18,726",0.51,0.24,0.08
0.75,"6,994","5,374",0.43,"388,075","10,980","65,574","13,352",0.55,0.17,0.05
0.8,"4,476","4,166",0.48,"392,551","6,504","69,740","9,186",0.59,0.12,0.03
0.85,"2,806","3,096",0.52,"395,357","3,698","72,836","6,090",0.62,0.08,0.02
0.9,"1,674","2,133",0.56,"397,031","2,024","74,969","3,957",0.66,0.05,0.01
0.95,937,"1,426",0.60,"397,968","1,087","76,395","2,531",0.70,0.03,0.01
1.0,"1,087","2,531",0.70,"399,055",0,"78,926",0,nan,0.00,0.00
